0.04
0.04
0.04
0.04
0.03
0.03
0.03
0.03
0.02
0.02
0.02
0.02
0.1
0.1
0.1
0.1
0.21
0.21
0.21
0.21
0.06
0.06
0.06
0.06
0.06
0.06
0.06
0.06
0.1
0.1
0.1
0.1
0.36
0.36
0.36
0.36
0.17
0.17
0.17
0.17
0.19
0.19
0.19
0.19
0.41
0.41
0.41
0.41
0.4
0.4
0.4
0.4
0.4
0.4
0.4
0.4
0.38
0.38
0.38
0.38
0.39
0.39
0.39
0.39
0.08
0.08
0.08
0.08
0.16
0.16
0.16
0.16
0.02
0.02
0.02
0.02
0.02
0.02
0.02
0.02
0.05
0.05
0.05
0.05
0.04
0.04
0.04
0.04
0.05
0.05
0.05
0.05
0.04
0.04
0.04
0.04
0.04
0.04
0.04
0.04
0.04
0.04
0.04
0.04
0.05
0.05
0.05
0.05
0.03
0.03
0.03
0.03
0.29
0.29
0.29
0.29
0.06
0.06
0.06
0.06
0.06
0.06
0.06
0.06
0.11
0.11
0.11
0.11
0.07
0.07
0.07
0.07
0.07
0.07
0.07
0.07
0.06
0.06
0.06
0.06
0.02
0.02
0.02
0.02
0.03
0.03
0.03
0.03
0.02
0.02
0.02
0.02
0.03
0.03
0.03
0.03
0.02
0.02
0.02
0.02
0.02
0.02
0.02
0.02
0.03
0.03
0.03
0.03
0.15
0.15
0.15
0.15
0.07
0.07
0.07
0.07
0.08
0.08
0.08
0.08
0.02
0.02
0.02
0.02
0.02
0.02
0.02
0.02
0.05
0.05
0.05
0.05
0.04
0.04
0.04
0.04
0.04
0.04
0.04
0.04
0.03
0.03
0.03
0.03
0.03
0.03
0.03
0.03
0.04
0.04
0.04
0.04
0.07
0.07
0.07
0.07
0.08
0.08
0.08
0.08
0.19
0.19
0.19
0.19
0.04
0.04
0.04
0.04
0.05
0.05
0.05
0.05
0.06
0.06
0.06
0.06
0.14
0.14
0.14
0.14
0.42
0.42
0.42
0.42
0.05
0.05
0.05
0.05
0.02
0.02
0.02
0.02
0.03
0.03
0.03
0.03
0.02
0.02
0.02
0.02
0.05
0.05
0.05
0.05
0.17
0.17
0.17
0.17
0.44
0.44
0.44
0.44
0.17
0.17
0.17
0.17
0.18
0.18
0.18
0.18
0.02
0.02
0.02
0.02
0.01
0.01
0.01
0.01
0.04
0.04
0.04
0.04
0.03
0.03
0.03
0.03
0.02
0.02
0.02
0.02
0.03
0.03
0.03
0.03
0.11
0.11
0.11
0.11
0.02
0.02
0.02
0.02
0.18
0.18
0.18
0.18
0.12
0.12
0.12
0.12
0.06
0.06
0.06
0.06
0.07
0.07
0.07
0.07
0.04
0.04
0.04
0.04
0.02
0.02
0.02
0.02
0.02
0.02
0.02
0.02
0.03
0.03
0.03
0.03
0.03
0.03
0.03
0.03
0.03
0.03
0.03
0.03
0.02
0.02
0.02
0.02
0.02
0.02
0.02
0.02
0.22
0.22
0.22
0.22
0.24
0.24
0.24
0.24
0.08
0.08
0.08
0.08
0.05
0.05
0.05
0.05
0.05
0.05
0.05
0.05
0.05
0.05
0.05
0.05
0.06
0.06
0.06
0.06
0.04
0.04
0.04
0.04
0.05
0.05
0.05
0.05
0.08
0.08
0.08
0.08
0.08
0.08
0.08
0.08
0.04
0.04
0.04
0.04
0.28
0.28
0.28
0.28
0.04
0.04
0.04
0.04
0.06
0.06
0.06
0.06
0.02
0.02
0.02
0.02
0.07
0.07
0.07
0.07
0.05
0.05
0.05
0.05
0.04
0.04
0.04
0.04
0.03
0.03
0.03
0.03
0.02
0.02
0.02
0.02
0.03
0.03
0.03
0.03
0.02
0.02
0.02
0.02
0.03
0.03
0.03
0.03
0.02
0.02
0.02
0.02
0.12
0.12
0.12
0.12
0.2
0.2
0.2
0.2
0.17
0.17
0.17
0.17
0.03
0.03
0.03
0.03
0.28
0.28
0.28
0.28
0.08
0.08
0.08
0.08
0.28
0.28
0.28
0.28
0.02
0.02
0.02
0.02
0.07
0.07
0.07
0.07
0.16
0.16
0.16
0.16
0.05
0.05
0.05
0.05
0.07
0.07
0.07
0.07
0.06
0.06
0.06
0.06
0.07
0.07
0.07
0.07
0.07
0.07
0.07
0.07
0.06
0.06
0.06
0.06
0.36
0.36
0.36
0.36
0.41
0.41
0.41
0.41
0.4
0.4
0.4
0.4
0.38
0.38
0.38
0.38
0.4
0.4
0.4
0.4
0.4
0.4
0.4
0.4
0.4
0.4
0.4
0.4
0.33
0.33
0.33
0.33
0.47
0.47
0.47
0.47
0.24
0.24
0.24
0.24
0.62
0.62
0.62
0.62
0.29
0.29
0.29
0.29
0.07
0.07
0.07
0.07
0.22
0.22
0.22
0.22
0.26
0.26
0.26
0.26
0.04
0.04
0.04
0.04
0.29
0.29
0.29
0.29
0.1
0.1
0.1
0.1
0.22
0.22
0.22
0.22
0.05
0.05
0.05
0.05
0.08
0.08
0.08
0.08
0.07
0.07
0.07
0.07
0.07
0.07
0.07
0.07
0.11
0.11
0.11
0.11
0.42
0.42
0.42
0.42
0.41
0.41
0.41
0.41
0.41
0.41
0.41
0.41
0.38
0.38
0.38
0.38
0.41
0.41
0.41
0.41
0.24
0.24
0.24
0.24
0.03
0.03
0.03
0.03
0.02
0.02
0.02
0.02
0.26
0.26
0.26
0.26
0.14
0.14
0.14
0.14
0.04
0.04
0.04
0.04
0.03
0.03
0.03
0.03
0.02
0.02
0.02
0.02
0.2
0.2
0.2
0.2
0.02
0.02
0.02
0.02
0.02
0.02
0.02
0.02
0.02
0.02
0.02
0.02
0.23
0.23
0.23
0.23
0.11
0.11
0.11
0.11
0.22
0.22
0.22
0.22
0.15
0.15
0.15
0.15
0.08
0.08
0.08
0.08
0.07
0.07
0.07
0.07
0.1
0.1
0.1
0.1
0.18
0.18
0.18
0.18
0.41
0.41
0.41
0.41
0.37
0.37
0.37
0.37
0.25
0.25
0.25
0.25
0.1
0.1
0.1
0.1
0.06
0.06
0.06
0.06
0.15
0.15
0.15
0.15
0.1
0.1
0.1
0.1
0.02
0.02
0.02
0.02
0.02
0.02
0.02
0.02
0.03
0.03
0.03
0.03
0.04
0.04
0.04
0.04
0.06
0.06
0.06
0.06
0.22
0.22
0.22
0.22
0.03
0.03
0.03
0.03
0.03
0.03
0.03
0.03
0.03
0.03
0.03
0.03
0.04
0.04
0.04
0.04
0.02
0.02
0.02
0.02
0.22
0.22
0.22
0.22
0.1
0.1
0.1
0.1
0.07
0.07
0.07
0.07
0.04
0.04
0.04
0.04
0.03
0.03
0.03
0.03
0.04
0.04
0.04
0.04
0.04
0.04
0.04
0.04
0.03
0.03
0.03
0.03
0.04
0.04
0.04
0.04
0.03
0.03
0.03
0.03
0.05
0.05
0.05
0.05
0.22
0.22
0.22
0.22
0.18
0.18
0.18
0.18
0.07
0.07
0.07
0.07
0.03
0.03
0.03
0.03
0.03
0.03
0.03
0.03
0.04
0.04
0.04
0.04
0.04
0.04
0.04
0.04
0.03
0.03
0.03
0.03
0.02
0.02
0.02
0.02
0.03
0.03
0.03
0.03
0.03
0.03
0.03
0.03
0.08
0.08
0.08
0.08
0.29
0.29
0.29
0.29
0.22
0.22
0.22
0.22
0.2
0.2
0.2
0.2
0.08
0.08
0.08
0.08
0.08
0.08
0.08
0.08
0.06
0.06
0.06
0.06
0.01
0.01
0.01
0.01
0.01
0.01
0.01
0.01
0.02
0.02
0.02
0.02
0.02
0.02
0.02
0.02
0.01
0.01
0.01
0.01
0.03
0.03
0.03
0.03
0.01
0.01
0.01
0.01
0.03
0.03
0.03
0.03
0.3
0.3
0.3
0.3
0.02
0.02
0.02
0.02
0.01
0.01
0.01
0.01
0.05
0.05
0.05
0.05
0.07
0.07
0.07
0.07
0.06
0.06
0.06
0.06
0.13
0.13
0.13
0.13
0.01
0.01
0.01
0.01
0.01
0.01
0.01
0.01
0.09
0.09
0.09
0.09
0.05
0.05
0.05
0.05
0.08
0.08
0.08
0.08
0.2
0.2
0.2
0.2
0.07
0.07
0.07
0.07
0.11
0.11
0.11
0.11
0.41
0.41
0.41
0.41
0.27
0.27
0.27
0.27
0.33
0.33
0.33
0.33
0.24
0.24
0.24
0.24
0.18
0.18
0.18
0.18
0.12
0.12
0.12
0.12
0.1
0.1
0.1
0.1
0.06
0.06
0.06
0.06
0.17
0.17
0.17
0.17
0.11
0.11
0.11
0.11
0.05
0.05
0.05
0.05
0.02
0.02
0.02
0.02
0.04
0.04
0.04
0.04
0.01
0.01
0.01
0.01
0.03
0.03
0.03
0.03
0.01
0.01
0.01
0.01
0.01
0.01
0.01
0.01
0.03
0.03
0.03
0.03
0.02
0.02
0.02
0.02
0.02
0.02
0.02
0.02
0.05
0.05
0.05
0.05
0.08
0.08
0.08
0.08
0.1
0.1
0.1
0.1
0.04
0.04
0.04
0.04
0.02
0.02
0.02
0.02
0.01
0.01
0.01
0.01
0.02
0.02
0.02
0.02
0.01
0.01
0.01
0.01
0.02
0.02
0.02
0.02
0.02
0.02
0.02
0.02
0.01
0.01
0.01
0.01
0.02
0.02
0.02
0.02
0.01
0.01
0.01
0.01
0.03
0.03
0.03
0.03
0.02
0.02
0.02
0.02
0.1
0.1
0.1
0.1
0.11
0.11
0.11
0.11
0.12
0.12
0.12
0.12
0.04
0.04
0.04
0.04
0.03
0.03
0.03
0.03
0.03
0.03
0.03
0.03
0.1
0.1
0.1
0.1
0.04
0.04
0.04
0.04
