0.04
0.04
0.04
0.04
0.18
0.18
0.18
0.18
0.43
0.43
0.43
0.43
0.45
0.45
0.45
0.45
0.07
0.07
0.07
0.07
0.07
0.07
0.07
0.07
0.07
0.07
0.07
0.07
0.03
0.03
0.03
0.03
0.04
0.04
0.04
0.04
0.07
0.07
0.07
0.07
0.09
0.09
0.09
0.09
0.39
0.39
0.39
0.39
0.38
0.38
0.38
0.38
0.49
0.49
0.49
0.49
0.17
0.17
0.17
0.17
0.31
0.31
0.31
0.31
0.16
0.16
0.16
0.16
0.14
0.14
0.14
0.14
0.36
0.36
0.36
0.36
0.36
0.36
0.36
0.36
0.36
0.36
0.36
0.36
0.11
0.11
0.11
0.11
0.03
0.03
0.03
0.03
0.04
0.04
0.04
0.04
0.04
0.04
0.04
0.04
0.04
0.04
0.04
0.04
0.28
0.28
0.28
0.28
0.51
0.51
0.51
0.51
0.29
0.29
0.29
0.29
0.11
0.11
0.11
0.11
0.06
0.06
0.06
0.06
0.02
0.02
0.02
0.02
0.02
0.02
0.02
0.02
0.02
0.02
0.02
0.02
0.02
0.02
0.02
0.02
0.02
0.02
0.02
0.02
0.02
0.02
0.02
0.02
0.03
0.03
0.03
0.03
0.04
0.04
0.04
0.04
0.06
0.06
0.06
0.06
0.07
0.07
0.07
0.07
0.23
0.23
0.23
0.23
0.21
0.21
0.21
0.21
0.07
0.07
0.07
0.07
0.05
0.05
0.05
0.05
0.05
0.05
0.05
0.05
0.05
0.05
0.05
0.05
0.05
0.05
0.05
0.05
0.05
0.05
0.05
0.05
0.05
0.05
0.05
0.05
0.04
0.04
0.04
0.04
0.04
0.04
0.04
0.04
0.56
0.56
0.56
0.56
0.38
0.38
0.38
0.38
0.41
0.41
0.41
0.41
0.21
0.21
0.21
0.21
0.06
0.06
0.06
0.06
0.05
0.05
0.05
0.05
0.05
0.05
0.05
0.05
0.05
0.05
0.05
0.05
0.35
0.35
0.35
0.35
0.11
0.11
0.11
0.11
0.06
0.06
0.06
0.06
0.05
0.05
0.05
0.05
0.08
0.08
0.08
0.08
0.07
0.07
0.07
0.07
0.06
0.06
0.06
0.06
0.04
0.04
0.04
0.04
0.04
0.04
0.04
0.04
0.04
0.04
0.04
0.04
0.05
0.05
0.05
0.05
0.04
0.04
0.04
0.04
0.06
0.06
0.06
0.06
0.06
0.06
0.06
0.06
0.06
0.06
0.06
0.06
0.05
0.05
0.05
0.05
0.05
0.05
0.05
0.05
0.26
0.26
0.26
0.26
0.08
0.08
0.08
0.08
0.36
0.36
0.36
0.36
0.19
0.19
0.19
0.19
0.06
0.06
0.06
0.06
0.05
0.05
0.05
0.05
0.08
0.08
0.08
0.08
0.05
0.05
0.05
0.05
0.25
0.25
0.25
0.25
0.08
0.08
0.08
0.08
0.1
0.1
0.1
0.1
0.11
0.11
0.11
0.11
0.08
0.08
0.08
0.08
0.08
0.08
0.08
0.08
0.07
0.07
0.07
0.07
0.21
0.21
0.21
0.21
0.35
0.35
0.35
0.35
0.34
0.34
0.34
0.34
0.34
0.34
0.34
0.34
0.34
0.34
0.34
0.34
0.1
0.1
0.1
0.1
0.17
0.17
0.17
0.17
0.14
0.14
0.14
0.14
0.08
0.08
0.08
0.08
0.04
0.04
0.04
0.04
0.02
0.02
0.02
0.02
0.02
0.02
0.02
0.02
0.02
0.02
0.02
0.02
0.02
0.02
0.02
0.02
0.12
0.12
0.12
0.12
0.35
0.35
0.35
0.35
0.23
0.23
0.23
0.23
0.03
0.03
0.03
0.03
0.16
0.16
0.16
0.16
0.12
0.12
0.12
0.12
0.15
0.15
0.15
0.15
0.07
0.07
0.07
0.07
0.47
0.47
0.47
0.47
1.22
1.22
1.22
1.22
0.76
0.76
0.76
0.76
0.72
0.72
0.72
0.72
0.6
0.6
0.6
0.6
0.58
0.58
0.58
0.58
0.61
0.61
0.61
0.61
0.58
0.58
0.58
0.58
0.45
0.45
0.45
0.45
0.25
0.25
0.25
0.25
0.08
0.08
0.08
0.08
0.02
0.02
0.02
0.02
0.02
0.02
0.02
0.02
0.02
0.02
0.02
0.02
0.01
0.01
0.01
0.01
0.01
0.01
0.01
0.01
0.01
0.01
0.01
0.01
0.01
0.01
0.01
0.01
0.02
0.02
0.02
0.02
0.15
0.15
0.15
0.15
0.33
0.33
0.33
0.33
0.16
0.16
0.16
0.16
0.09
0.09
0.09
0.09
0.07
0.07
0.07
0.07
0.07
0.07
0.07
0.07
0.1
0.1
0.1
0.1
0.07
0.07
0.07
0.07
0.07
0.07
0.07
0.07
0.03
0.03
0.03
0.03
0.03
0.03
0.03
0.03
0.04
0.04
0.04
0.04
0.02
0.02
0.02
0.02
0.02
0.02
0.02
0.02
0.45
0.45
0.45
0.45
0.36
0.36
0.36
0.36
0.05
0.05
0.05
0.05
0.06
0.06
0.06
0.06
0.05
0.05
0.05
0.05
0.2
0.2
0.2
0.2
0.04
0.04
0.04
0.04
0.04
0.04
0.04
0.04
0.28
0.28
0.28
0.28
0.33
0.33
0.33
0.33
0.03
0.03
0.03
0.03
0.03
0.03
0.03
0.03
0.41
0.41
0.41
0.41
0.21
0.21
0.21
0.21
0.09
0.09
0.09
0.09
0.07
0.07
0.07
0.07
0.07
0.07
0.07
0.07
0.05
0.05
0.05
0.05
0.02
0.02
0.02
0.02
0.03
0.03
0.03
0.03
0.03
0.03
0.03
0.03
0.02
0.02
0.02
0.02
0.03
0.03
0.03
0.03
0.03
0.03
0.03
0.03
0.59
0.59
0.59
0.59
0.27
0.27
0.27
0.27
0.08
0.08
0.08
0.08
0.04
0.04
0.04
0.04
0.02
0.02
0.02
0.02
0.02
0.02
0.02
0.02
0.02
0.02
0.02
0.02
0.02
0.02
0.02
0.02
0.02
0.02
0.02
0.02
0.02
0.02
0.02
0.02
0.08
0.08
0.08
0.08
0.16
0.16
0.16
0.16
0.18
0.18
0.18
0.18
0.08
0.08
0.08
0.08
0.08
0.08
0.08
0.08
0.07
0.07
0.07
0.07
0.07
0.07
0.07
0.07
0.07
0.07
0.07
0.07
0.05
0.05
0.05
0.05
0.02
0.02
0.02
0.02
0.03
0.03
0.03
0.03
0.02
0.02
0.02
0.02
0.02
0.02
0.02
0.02
0.02
0.02
0.02
0.02
0.11
0.11
0.11
0.11
0.22
0.22
0.22
0.22
0.1
0.1
0.1
0.1
0.05
0.05
0.05
0.05
0.06
0.06
0.06
0.06
0.09
0.09
0.09
0.09
0.11
0.11
0.11
0.11
0.42
0.42
0.42
0.42
0.46
0.46
0.46
0.46
0.04
0.04
0.04
0.04
0.12
0.12
0.12
0.12
0.06
0.06
0.06
0.06
0.12
0.12
0.12
0.12
0.33
0.33
0.33
0.33
0.13
0.13
0.13
0.13
0.1
0.1
0.1
0.1
0.05
0.05
0.05
0.05
0.05
0.05
0.05
0.05
0.05
0.05
0.05
0.05
0.05
0.05
0.05
0.05
0.06
0.06
0.06
0.06
0.05
0.05
0.05
0.05
0.04
0.04
0.04
0.04
0.03
0.03
0.03
0.03
0.03
0.03
0.03
0.03
0.33
0.33
0.33
0.33
0.08
0.08
0.08
0.08
0.08
0.08
0.08
0.08
0.1
0.1
0.1
0.1
0.32
0.32
0.32
0.32
0.2
0.2
0.2
0.2
0.06
0.06
0.06
0.06
0.09
0.09
0.09
0.09
0.05
0.05
0.05
0.05
0.03
0.03
0.03
0.03
0.03
0.03
0.03
0.03
0.15
0.15
0.15
0.15
0.1
0.1
0.1
0.1
0.27
0.27
0.27
0.27
0.11
0.11
0.11
0.11
0.11
0.11
0.11
0.11
0.05
0.05
0.05
0.05
0.07
0.07
0.07
0.07
0.04
0.04
0.04
0.04
0.06
0.06
0.06
0.06
0.04
0.04
0.04
0.04
0.07
0.07
0.07
0.07
0.03
0.03
0.03
0.03
0.03
0.03
0.03
0.03
0.02
0.02
0.02
0.02
0.17
0.17
0.17
0.17
0.18
0.18
0.18
0.18
0.06
0.06
0.06
0.06
0.03
0.03
0.03
0.03
0.04
0.04
0.04
0.04
0.07
0.07
0.07
0.07
0.05
0.05
0.05
0.05
0.07
0.07
0.07
0.07
0.19
0.19
0.19
0.19
0.04
0.04
0.04
0.04
0.11
0.11
0.11
0.11
0.17
0.17
0.17
0.17
0.15
0.15
0.15
0.15
0.34
0.34
0.34
0.34
0.1
0.1
0.1
0.1
0.07
0.07
0.07
0.07
0.08
0.08
0.08
0.08
0.03
0.03
0.03
0.03
0.03
0.03
0.03
0.03
0.03
0.03
0.03
0.03
0.02
0.02
0.02
0.02
0.03
0.03
0.03
0.03
0.48
0.48
0.48
0.48
0.34
0.34
0.34
0.34
0.08
0.08
0.08
0.08
0.06
0.06
0.06
0.06
0.03
0.03
0.03
0.03
0.04
0.04
0.04
0.04
0.04
0.04
0.04
0.04
0.03
0.03
0.03
0.03
0.03
0.03
0.03
0.03
0.04
0.04
0.04
0.04
0.04
0.04
0.04
0.04
0.2
0.2
0.2
0.2
0.13
0.13
0.13
0.13
0.09
0.09
0.09
0.09
0.37
0.37
0.37
0.37
0.08
0.08
0.08
0.08
0.07
0.07
0.07
0.07
0.05
0.05
0.05
0.05
0.07
0.07
0.07
0.07
0.06
0.06
0.06
0.06
0.06
0.06
0.06
0.06
0.06
0.06
0.06
0.06
0.05
0.05
0.05
0.05
0.02
0.02
0.02
0.02
0.08
0.08
0.08
0.08
0.23
0.23
0.23
0.23
