0.32
0.32
0.32
0.32
0.43
0.43
0.43
0.43
0.35
0.35
0.35
0.35
0.03
0.03
0.03
0.03
0.02
0.02
0.02
0.02
0.03
0.03
0.03
0.03
0.02
0.02
0.02
0.02
0.02
0.02
0.02
0.02
0.02
0.02
0.02
0.02
0.02
0.02
0.02
0.02
0.04
0.04
0.04
0.04
1.13
1.13
1.13
1.13
1.94
1.94
1.94
1.94
0.21
0.21
0.21
0.21
0.08
0.08
0.08
0.08
0.07
0.07
0.07
0.07
0.06
0.06
0.06
0.06
0.07
0.07
0.07
0.07
0.08
0.08
0.08
0.08
0.04
0.04
0.04
0.04
0.03
0.03
0.03
0.03
0.02
0.02
0.02
0.02
0.03
0.03
0.03
0.03
0.02
0.02
0.02
0.02
0.85
0.85
0.85
0.85
0.1
0.1
0.1
0.1
0.08
0.08
0.08
0.08
0.07
0.07
0.07
0.07
0.02
0.02
0.02
0.02
0.02
0.02
0.02
0.02
0.01
0.01
0.01
0.01
0.02
0.02
0.02
0.02
0.01
0.01
0.01
0.01
0.02
0.02
0.02
0.02
0.01
0.01
0.01
0.01
0.03
0.03
0.03
0.03
1.47
1.47
1.47
1.47
2.15
2.15
2.15
2.15
1.62
1.62
1.62
1.62
0.21
0.21
0.21
0.21
0.07
0.07
0.07
0.07
0.05
0.05
0.05
0.05
0.05
0.05
0.05
0.05
0.04
0.04
0.04
0.04
0.05
0.05
0.05
0.05
0.05
0.05
0.05
0.05
0.05
0.05
0.05
0.05
0.05
0.05
0.05
0.05
0.04
0.04
0.04
0.04
0.05
0.05
0.05
0.05
0.07
0.07
0.07
0.07
0.1
0.1
0.1
0.1
0.09
0.09
0.09
0.09
1.69
1.69
1.69
1.69
0.3
0.3
0.3
0.3
0.08
0.08
0.08
0.08
0.06
0.06
0.06
0.06
0.04
0.04
0.04
0.04
0.04
0.04
0.04
0.04
0.09
0.09
0.09
0.09
0.08
0.08
0.08
0.08
0.08
0.08
0.08
0.08
0.25
0.25
0.25
0.25
0.21
0.21
0.21
0.21
0.06
0.06
0.06
0.06
0.05
0.05
0.05
0.05
0.03
0.03
0.03
0.03
0.03
0.03
0.03
0.03
0.02
0.02
0.02
0.02
0.02
0.02
0.02
0.02
0.02
0.02
0.02
0.02
0.02
0.02
0.02
0.02
0.02
0.02
0.02
0.02
0.02
0.02
0.02
0.02
0.07
0.07
0.07
0.07
0.44
0.44
0.44
0.44
0.4
0.4
0.4
0.4
1.13
1.13
1.13
1.13
1.1
1.1
1.1
1.1
0.08
0.08
0.08
0.08
0.06
0.06
0.06
0.06
0.06
0.06
0.06
0.06
0.25
0.25
0.25
0.25
0.41
0.41
0.41
0.41
0.46
0.46
0.46
0.46
0.23
0.23
0.23
0.23
0.11
0.11
0.11
0.11
0.08
0.08
0.08
0.08
0.03
0.03
0.03
0.03
0.01
0.01
0.01
0.01
0.01
0.01
0.01
0.01
0.02
0.02
0.02
0.02
0.01
0.01
0.01
0.01
0.02
0.02
0.02
0.02
0.01
0.01
0.01
0.01
0.22
0.22
0.22
0.22
0.48
0.48
0.48
0.48
0.44
0.44
0.44
0.44
0.46
0.46
0.46
0.46
0.02
0.02
0.02
0.02
0.02
0.02
0.02
0.02
0.01
0.01
0.01
0.01
0.02
0.02
0.02
0.02
0.02
0.02
0.02
0.02
0.02
0.02
0.02
0.02
0.03
0.03
0.03
0.03
0.03
0.03
0.03
0.03
0.09
0.09
0.09
0.09
0.12
0.12
0.12
0.12
0.23
0.23
0.23
0.23
0.1
0.1
0.1
0.1
0.08
0.08
0.08
0.08
0.07
0.07
0.07
0.07
0.05
0.05
0.05
0.05
0.03
0.03
0.03
0.03
0.03
0.03
0.03
0.03
0.04
0.04
0.04
0.04
0.04
0.04
0.04
0.04
0.03
0.03
0.03
0.03
0.04
0.04
0.04
0.04
1.09
1.09
1.09
1.09
0.4
0.4
0.4
0.4
0.24
0.24
0.24
0.24
0.13
0.13
0.13
0.13
0.26
0.26
0.26
0.26
0.04
0.04
0.04
0.04
0.05
0.05
0.05
0.05
0.05
0.05
0.05
0.05
0.04
0.04
0.04
0.04
0.05
0.05
0.05
0.05
0.04
0.04
0.04
0.04
0.05
0.05
0.05
0.05
0.06
0.06
0.06
0.06
0.23
0.23
0.23
0.23
0.31
0.31
0.31
0.31
0.11
0.11
0.11
0.11
2.0
2.0
2.0
2.0
0.42
0.42
0.42
0.42
0.08
0.08
0.08
0.08
0.03
0.03
0.03
0.03
0.02
0.02
0.02
0.02
0.03
0.03
0.03
0.03
0.02
0.02
0.02
0.02
0.02
0.02
0.02
0.02
1.16
1.16
1.16
1.16
1.3
1.3
1.3
1.3
0.1
0.1
0.1
0.1
0.13
0.13
0.13
0.13
0.09
0.09
0.09
0.09
0.01
0.01
0.01
0.01
0.02
0.02
0.02
0.02
0.01
0.01
0.01
0.01
0.02
0.02
0.02
0.02
0.01
0.01
0.01
0.01
0.02
0.02
0.02
0.02
0.18
0.18
0.18
0.18
1.65
1.65
1.65
1.65
0.24
0.24
0.24
0.24
0.1
0.1
0.1
0.1
0.1
0.1
0.1
0.1
0.09
0.09
0.09
0.09
0.08
0.08
0.08
0.08
0.08
0.08
0.08
0.08
0.04
0.04
0.04
0.04
0.04
0.04
0.04
0.04
0.05
0.05
0.05
0.05
0.05
0.05
0.05
0.05
0.05
0.05
0.05
0.05
0.09
0.09
0.09
0.09
0.4
0.4
0.4
0.4
0.42
0.42
0.42
0.42
0.33
0.33
0.33
0.33
0.05
0.05
0.05
0.05
0.04
0.04
0.04
0.04
0.04
0.04
0.04
0.04
0.04
0.04
0.04
0.04
0.04
0.04
0.04
0.04
0.04
0.04
0.04
0.04
0.04
0.04
0.04
0.04
0.2
0.2
0.2
0.2
0.15
0.15
0.15
0.15
0.11
0.11
0.11
0.11
0.09
0.09
0.09
0.09
0.08
0.08
0.08
0.08
0.06
0.06
0.06
0.06
0.66
0.66
0.66
0.66
0.18
0.18
0.18
0.18
0.03
0.03
0.03
0.03
0.03
0.03
0.03
0.03
0.02
0.02
0.02
0.02
0.03
0.03
0.03
0.03
0.03
0.03
0.03
0.03
0.07
0.07
0.07
0.07
0.09
0.09
0.09
0.09
0.09
0.09
0.09
0.09
0.11
0.11
0.11
0.11
0.04
0.04
0.04
0.04
0.04
0.04
0.04
0.04
0.04
0.04
0.04
0.04
0.04
0.04
0.04
0.04
0.04
0.04
0.04
0.04
0.04
0.04
0.04
0.04
0.03
0.03
0.03
0.03
0.22
0.22
0.22
0.22
0.17
0.17
0.17
0.17
0.23
0.23
0.23
0.23
0.5
0.5
0.5
0.5
1.89
1.89
1.89
1.89
0.38
0.38
0.38
0.38
0.39
0.39
0.39
0.39
0.38
0.38
0.38
0.38
0.26
0.26
0.26
0.26
0.03
0.03
0.03
0.03
0.04
0.04
0.04
0.04
0.04
0.04
0.04
0.04
0.03
0.03
0.03
0.03
0.03
0.03
0.03
0.03
0.03
0.03
0.03
0.03
0.11
0.11
0.11
0.11
0.09
0.09
0.09
0.09
0.06
0.06
0.06
0.06
0.02
0.02
0.02
0.02
0.2
0.2
0.2
0.2
0.43
0.43
0.43
0.43
0.1
0.1
0.1
0.1
0.03
0.03
0.03
0.03
1.08
1.08
1.08
1.08
0.3
0.3
0.3
0.3
0.28
0.28
0.28
0.28
0.1
0.1
0.1
0.1
0.13
0.13
0.13
0.13
0.09
0.09
0.09
0.09
0.05
0.05
0.05
0.05
0.07
0.07
0.07
0.07
0.24
0.24
0.24
0.24
0.33
0.33
0.33
0.33
0.34
0.34
0.34
0.34
0.33
0.33
0.33
0.33
0.33
0.33
0.33
0.33
0.33
0.33
0.33
0.33
0.29
0.29
0.29
0.29
0.07
0.07
0.07
0.07
0.04
0.04
0.04
0.04
0.12
0.12
0.12
0.12
0.11
0.11
0.11
0.11
0.3
0.3
0.3
0.3
0.19
0.19
0.19
0.19
0.1
0.1
0.1
0.1
0.08
0.08
0.08
0.08
0.15
0.15
0.15
0.15
0.09
0.09
0.09
0.09
0.08
0.08
0.08
0.08
0.06
0.06
0.06
0.06
0.05
0.05
0.05
0.05
1.28
1.28
1.28
1.28
0.4
0.4
0.4
0.4
1.32
1.32
1.32
1.32
0.09
0.09
0.09
0.09
0.07
0.07
0.07
0.07
0.07
0.07
0.07
0.07
0.07
0.07
0.07
0.07
0.1
0.1
0.1
0.1
0.08
0.08
0.08
0.08
0.39
0.39
0.39
0.39
0.22
0.22
0.22
0.22
1.19
1.19
1.19
1.19
0.5
0.5
0.5
0.5
0.04
0.04
0.04
0.04
0.02
0.02
0.02
0.02
0.02
0.02
0.02
0.02
0.02
0.02
0.02
0.02
0.02
0.02
0.02
0.02
0.02
0.02
0.02
0.02
0.02
0.02
0.02
0.02
0.02
0.02
0.02
0.02
0.31
0.31
0.31
0.31
0.08
0.08
0.08
0.08
0.12
0.12
0.12
0.12
0.1
0.1
0.1
0.1
0.11
0.11
0.11
0.11
0.05
0.05
0.05
0.05
0.05
0.05
0.05
0.05
0.04
0.04
0.04
0.04
0.05
0.05
0.05
0.05
0.05
0.05
0.05
0.05
0.04
0.04
0.04
0.04
0.05
0.05
0.05
0.05
0.05
0.05
0.05
0.05
0.04
0.04
0.04
0.04
0.13
0.13
0.13
0.13
0.07
0.07
0.07
0.07
0.04
0.04
0.04
0.04
0.02
0.02
0.02
0.02
