0.03
0.03
0.03
0.03
0.02
0.02
0.02
0.02
0.03
0.03
0.03
0.03
0.01
0.01
0.01
0.01
0.01
0.01
0.01
0.01
0.15
0.15
0.15
0.15
1.18
1.18
1.18
1.18
0.19
0.19
0.19
0.19
0.01
0.01
0.01
0.01
0.01
0.01
0.01
0.01
0.01
0.01
0.01
0.01
0.03
0.03
0.03
0.03
0.01
0.01
0.01
0.01
0.01
0.01
0.01
0.01
0.03
0.03
0.03
0.03
0.02
0.02
0.02
0.02
0.01
0.01
0.01
0.01
0.08
0.08
0.08
0.08
0.08
0.08
0.08
0.08
0.22
0.22
0.22
0.22
0.28
0.28
0.28
0.28
0.13
0.13
0.13
0.13
0.05
0.05
0.05
0.05
0.03
0.03
0.03
0.03
0.02
0.02
0.02
0.02
0.03
0.03
0.03
0.03
0.02
0.02
0.02
0.02
0.02
0.02
0.02
0.02
0.03
0.03
0.03
0.03
0.02
0.02
0.02
0.02
0.21
0.21
0.21
0.21
0.39
0.39
0.39
0.39
0.42
0.42
0.42
0.42
0.07
0.07
0.07
0.07
0.02
0.02
0.02
0.02
0.01
0.01
0.01
0.01
0.02
0.02
0.02
0.02
0.01
0.01
0.01
0.01
0.02
0.02
0.02
0.02
0.01
0.01
0.01
0.01
0.02
0.02
0.02
0.02
0.29
0.29
0.29
0.29
0.17
0.17
0.17
0.17
1.85
1.85
1.85
1.85
0.52
0.52
0.52
0.52
0.09
0.09
0.09
0.09
0.09
0.09
0.09
0.09
0.06
0.06
0.06
0.06
0.04
0.04
0.04
0.04
0.02
0.02
0.02
0.02
0.03
0.03
0.03
0.03
0.03
0.03
0.03
0.03
0.02
0.02
0.02
0.02
0.03
0.03
0.03
0.03
0.02
0.02
0.02
0.02
0.21
0.21
0.21
0.21
0.16
0.16
0.16
0.16
0.02
0.02
0.02
0.02
0.02
0.02
0.02
0.02
0.03
0.03
0.03
0.03
0.02
0.02
0.02
0.02
0.02
0.02
0.02
0.02
0.03
0.03
0.03
0.03
0.02
0.02
0.02
0.02
0.03
0.03
0.03
0.03
0.14
0.14
0.14
0.14
0.19
0.19
0.19
0.19
1.0
1.0
1.0
1.0
0.13
0.13
0.13
0.13
0.32
0.32
0.32
0.32
0.37
0.37
0.37
0.37
0.24
0.24
0.24
0.24
0.04
0.04
0.04
0.04
0.03
0.03
0.03
0.03
0.02
0.02
0.02
0.02
0.03
0.03
0.03
0.03
0.03
0.03
0.03
0.03
0.02
0.02
0.02
0.02
0.02
0.02
0.02
0.02
0.16
0.16
0.16
0.16
0.41
0.41
0.41
0.41
0.05
0.05
0.05
0.05
0.02
0.02
0.02
0.02
0.03
0.03
0.03
0.03
0.02
0.02
0.02
0.02
0.03
0.03
0.03
0.03
0.02
0.02
0.02
0.02
0.03
0.03
0.03
0.03
0.02
0.02
0.02
0.02
0.2
0.2
0.2
0.2
0.56
0.56
0.56
0.56
0.08
0.08
0.08
0.08
0.08
0.08
0.08
0.08
0.06
0.06
0.06
0.06
0.07
0.07
0.07
0.07
0.05
0.05
0.05
0.05
0.07
0.07
0.07
0.07
0.06
0.06
0.06
0.06
1.21
1.21
1.21
1.21
1.46
1.46
1.46
1.46
0.07
0.07
0.07
0.07
0.43
0.43
0.43
0.43
2.05
2.05
2.05
2.05
0.56
0.56
0.56
0.56
0.06
0.06
0.06
0.06
0.03
0.03
0.03
0.03
0.01
0.01
0.01
0.01
0.05
0.05
0.05
0.05
0.03
0.03
0.03
0.03
0.01
0.01
0.01
0.01
0.03
0.03
0.03
0.03
0.01
0.01
0.01
0.01
0.06
0.06
0.06
0.06
0.03
0.03
0.03
0.03
0.03
0.03
0.03
0.03
0.04
0.04
0.04
0.04
0.05
0.05
0.05
0.05
0.04
0.04
0.04
0.04
0.06
0.06
0.06
0.06
0.04
0.04
0.04
0.04
0.05
0.05
0.05
0.05
0.04
0.04
0.04
0.04
0.05
0.05
0.05
0.05
0.04
0.04
0.04
0.04
0.04
0.04
0.04
0.04
0.04
0.04
0.04
0.04
0.04
0.04
0.04
0.04
0.04
0.04
0.04
0.04
0.08
0.08
0.08
0.08
0.44
0.44
0.44
0.44
1.17
1.17
1.17
1.17
1.35
1.35
1.35
1.35
0.07
0.07
0.07
0.07
0.08
0.08
0.08
0.08
0.06
0.06
0.06
0.06
0.06
0.06
0.06
0.06
0.05
0.05
0.05
0.05
0.07
0.07
0.07
0.07
0.05
0.05
0.05
0.05
0.07
0.07
0.07
0.07
0.03
0.03
0.03
0.03
1.16
1.16
1.16
1.16
1.79
1.79
1.79
1.79
0.05
0.05
0.05
0.05
0.02
0.02
0.02
0.02
0.03
0.03
0.03
0.03
0.02
0.02
0.02
0.02
0.03
0.03
0.03
0.03
0.02
0.02
0.02
0.02
0.06
0.06
0.06
0.06
0.02
0.02
0.02
0.02
0.03
0.03
0.03
0.03
0.13
0.13
0.13
0.13
0.07
0.07
0.07
0.07
0.04
0.04
0.04
0.04
0.99
0.99
0.99
0.99
0.25
0.25
0.25
0.25
0.37
0.37
0.37
0.37
0.03
0.03
0.03
0.03
0.05
0.05
0.05
0.05
0.06
0.06
0.06
0.06
0.07
0.07
0.07
0.07
0.4
0.4
0.4
0.4
0.15
0.15
0.15
0.15
0.07
0.07
0.07
0.07
0.07
0.07
0.07
0.07
0.09
0.09
0.09
0.09
0.05
0.05
0.05
0.05
0.03
0.03
0.03
0.03
0.02
0.02
0.02
0.02
0.03
0.03
0.03
0.03
0.01
0.01
0.01
0.01
0.03
0.03
0.03
0.03
0.01
0.01
0.01
0.01
0.02
0.02
0.02
0.02
0.15
0.15
0.15
0.15
0.17
0.17
0.17
0.17
0.04
0.04
0.04
0.04
0.03
0.03
0.03
0.03
0.02
0.02
0.02
0.02
0.02
0.02
0.02
0.02
0.03
0.03
0.03
0.03
0.02
0.02
0.02
0.02
0.02
0.02
0.02
0.02
0.23
0.23
0.23
0.23
1.34
1.34
1.34
1.34
0.15
0.15
0.15
0.15
0.09
0.09
0.09
0.09
0.09
0.09
0.09
0.09
0.07
0.07
0.07
0.07
0.08
0.08
0.08
0.08
0.9
0.9
0.9
0.9
0.05
0.05
0.05
0.05
0.04
0.04
0.04
0.04
0.06
0.06
0.06
0.06
0.04
0.04
0.04
0.04
0.04
0.04
0.04
0.04
0.05
0.05
0.05
0.05
0.16
0.16
0.16
0.16
0.67
0.67
0.67
0.67
0.38
0.38
0.38
0.38
0.02
0.02
0.02
0.02
0.01
0.01
0.01
0.01
0.02
0.02
0.02
0.02
0.01
0.01
0.01
0.01
0.02
0.02
0.02
0.02
0.01
0.01
0.01
0.01
0.02
0.02
0.02
0.02
0.21
0.21
0.21
0.21
0.12
0.12
0.12
0.12
0.15
0.15
0.15
0.15
0.12
0.12
0.12
0.12
0.1
0.1
0.1
0.1
0.07
0.07
0.07
0.07
0.07
0.07
0.07
0.07
0.07
0.07
0.07
0.07
0.04
0.04
0.04
0.04
0.02
0.02
0.02
0.02
0.05
0.05
0.05
0.05
0.04
0.04
0.04
0.04
0.03
0.03
0.03
0.03
0.04
0.04
0.04
0.04
0.03
0.03
0.03
0.03
0.14
0.14
0.14
0.14
0.1
0.1
0.1
0.1
0.1
0.1
0.1
0.1
0.06
0.06
0.06
0.06
0.12
0.12
0.12
0.12
0.3
0.3
0.3
0.3
0.36
0.36
0.36
0.36
0.35
0.35
0.35
0.35
0.36
0.36
0.36
0.36
0.38
0.38
0.38
0.38
0.53
0.53
0.53
0.53
0.26
0.26
0.26
0.26
0.18
0.18
0.18
0.18
0.05
0.05
0.05
0.05
0.05
0.05
0.05
0.05
0.07
0.07
0.07
0.07
0.04
0.04
0.04
0.04
0.03
0.03
0.03
0.03
0.04
0.04
0.04
0.04
0.03
0.03
0.03
0.03
0.03
0.03
0.03
0.03
0.04
0.04
0.04
0.04
0.03
0.03
0.03
0.03
0.03
0.03
0.03
0.03
0.04
0.04
0.04
0.04
1.76
1.76
1.76
1.76
0.11
0.11
0.11
0.11
0.02
0.02
0.02
0.02
0.03
0.03
0.03
0.03
0.02
0.02
0.02
0.02
0.03
0.03
0.03
0.03
0.02
0.02
0.02
0.02
0.02
0.02
0.02
0.02
0.05
0.05
0.05
0.05
0.65
0.65
0.65
0.65
0.97
0.97
0.97
0.97
0.09
0.09
0.09
0.09
0.17
0.17
0.17
0.17
0.1
0.1
0.1
0.1
0.07
0.07
0.07
0.07
1.15
1.15
1.15
1.15
1.77
1.77
1.77
1.77
0.07
0.07
0.07
0.07
0.04
0.04
0.04
0.04
0.01
0.01
0.01
0.01
0.03
0.03
0.03
0.03
0.01
0.01
0.01
0.01
0.03
0.03
0.03
0.03
0.02
0.02
0.02
0.02
0.86
0.86
0.86
0.86
0.69
0.69
0.69
0.69
0.05
0.05
0.05
0.05
0.03
0.03
0.03
0.03
0.04
0.04
0.04
0.04
0.03
0.03
0.03
0.03
0.03
0.03
0.03
0.03
0.04
0.04
0.04
0.04
0.03
0.03
0.03
0.03
0.12
0.12
0.12
0.12
1.11
1.11
1.11
1.11
0.43
0.43
0.43
0.43
0.06
0.06
0.06
0.06
0.51
0.51
0.51
0.51
0.03
0.03
0.03
0.03
0.17
0.17
0.17
0.17
1.09
1.09
1.09
1.09
0.04
0.04
0.04
0.04
0.04
0.04
0.04
0.04
0.02
0.02
0.02
0.02
0.03
0.03
0.03
0.03
