0.06
0.06
0.06
0.06
0.07
0.07
0.07
0.07
0.05
0.05
0.05
0.05
0.35
0.35
0.35
0.35
0.25
0.25
0.25
0.25
0.07
0.07
0.07
0.07
0.37
0.37
0.37
0.37
0.54
0.54
0.54
0.54
0.42
0.42
0.42
0.42
0.16
0.16
0.16
0.16
0.09
0.09
0.09
0.09
0.07
0.07
0.07
0.07
0.05
0.05
0.05
0.05
0.05
0.05
0.05
0.05
0.1
0.1
0.1
0.1
0.12
0.12
0.12
0.12
0.15
0.15
0.15
0.15
0.11
0.11
0.11
0.11
0.05
0.05
0.05
0.05
0.03
0.03
0.03
0.03
0.02
0.02
0.02
0.02
0.02
0.02
0.02
0.02
0.04
0.04
0.04
0.04
0.03
0.03
0.03
0.03
0.3
0.3
0.3
0.3
0.15
0.15
0.15
0.15
0.13
0.13
0.13
0.13
0.05
0.05
0.05
0.05
0.03
0.03
0.03
0.03
0.04
0.04
0.04
0.04
0.03
0.03
0.03
0.03
0.03
0.03
0.03
0.03
0.03
0.03
0.03
0.03
0.03
0.03
0.03
0.03
0.04
0.04
0.04
0.04
0.03
0.03
0.03
0.03
0.14
0.14
0.14
0.14
0.25
0.25
0.25
0.25
0.07
0.07
0.07
0.07
0.13
0.13
0.13
0.13
0.06
0.06
0.06
0.06
0.07
0.07
0.07
0.07
0.07
0.07
0.07
0.07
0.07
0.07
0.07
0.07
0.05
0.05
0.05
0.05
0.05
0.05
0.05
0.05
0.04
0.04
0.04
0.04
0.05
0.05
0.05
0.05
0.11
0.11
0.11
0.11
0.35
0.35
0.35
0.35
0.09
0.09
0.09
0.09
0.04
0.04
0.04
0.04
0.03
0.03
0.03
0.03
0.04
0.04
0.04
0.04
0.04
0.04
0.04
0.04
0.04
0.04
0.04
0.04
0.04
0.04
0.04
0.04
0.03
0.03
0.03
0.03
0.03
0.03
0.03
0.03
0.04
0.04
0.04
0.04
0.34
0.34
0.34
0.34
0.13
0.13
0.13
0.13
0.07
0.07
0.07
0.07
0.15
0.15
0.15
0.15
0.06
0.06
0.06
0.06
0.05
0.05
0.05
0.05
0.03
0.03
0.03
0.03
0.02
0.02
0.02
0.02
0.03
0.03
0.03
0.03
0.04
0.04
0.04
0.04
0.04
0.04
0.04
0.04
0.03
0.03
0.03
0.03
0.15
0.15
0.15
0.15
0.31
0.31
0.31
0.31
0.09
0.09
0.09
0.09
0.07
0.07
0.07
0.07
0.02
0.02
0.02
0.02
0.03
0.03
0.03
0.03
0.02
0.02
0.02
0.02
0.02
0.02
0.02
0.02
0.03
0.03
0.03
0.03
0.02
0.02
0.02
0.02
0.02
0.02
0.02
0.02
0.03
0.03
0.03
0.03
0.22
0.22
0.22
0.22
0.24
0.24
0.24
0.24
0.07
0.07
0.07
0.07
0.1
0.1
0.1
0.1
0.07
0.07
0.07
0.07
0.06
0.06
0.06
0.06
0.06
0.06
0.06
0.06
0.06
0.06
0.06
0.06
0.02
0.02
0.02
0.02
0.03
0.03
0.03
0.03
0.02
0.02
0.02
0.02
0.02
0.02
0.02
0.02
0.07
0.07
0.07
0.07
0.34
0.34
0.34
0.34
0.07
0.07
0.07
0.07
0.05
0.05
0.05
0.05
0.05
0.05
0.05
0.05
0.04
0.04
0.04
0.04
0.04
0.04
0.04
0.04
0.05
0.05
0.05
0.05
0.04
0.04
0.04
0.04
0.04
0.04
0.04
0.04
0.05
0.05
0.05
0.05
0.04
0.04
0.04
0.04
0.07
0.07
0.07
0.07
0.38
0.38
0.38
0.38
0.22
0.22
0.22
0.22
0.1
0.1
0.1
0.1
0.09
0.09
0.09
0.09
0.08
0.08
0.08
0.08
0.03
0.03
0.03
0.03
0.03
0.03
0.03
0.03
0.03
0.03
0.03
0.03
0.03
0.03
0.03
0.03
0.02
0.02
0.02
0.02
0.03
0.03
0.03
0.03
0.03
0.03
0.03
0.03
0.08
0.08
0.08
0.08
0.21
0.21
0.21
0.21
0.26
0.26
0.26
0.26
0.12
0.12
0.12
0.12
0.07
0.07
0.07
0.07
0.06
0.06
0.06
0.06
0.11
0.11
0.11
0.11
0.07
0.07
0.07
0.07
0.08
0.08
0.08
0.08
0.08
0.08
0.08
0.08
0.08
0.08
0.08
0.08
0.35
0.35
0.35
0.35
0.04
0.04
0.04
0.04
0.04
0.04
0.04
0.04
0.11
0.11
0.11
0.11
0.11
0.11
0.11
0.11
0.1
0.1
0.1
0.1
0.15
0.15
0.15
0.15
0.1
0.1
0.1
0.1
0.09
0.09
0.09
0.09
0.09
0.09
0.09
0.09
0.05
0.05
0.05
0.05
0.02
0.02
0.02
0.02
0.04
0.04
0.04
0.04
0.22
0.22
0.22
0.22
0.06
0.06
0.06
0.06
0.32
0.32
0.32
0.32
0.07
0.07
0.07
0.07
0.06
0.06
0.06
0.06
0.06
0.06
0.06
0.06
0.07
0.07
0.07
0.07
0.17
0.17
0.17
0.17
0.5
0.5
0.5
0.5
0.36
0.36
0.36
0.36
0.08
0.08
0.08
0.08
0.06
0.06
0.06
0.06
0.06
0.06
0.06
0.06
0.11
0.11
0.11
0.11
0.3
0.3
0.3
0.3
0.13
0.13
0.13
0.13
0.09
0.09
0.09
0.09
0.07
0.07
0.07
0.07
0.03
0.03
0.03
0.03
0.03
0.03
0.03
0.03
0.03
0.03
0.03
0.03
0.02
0.02
0.02
0.02
0.15
0.15
0.15
0.15
0.11
0.11
0.11
0.11
0.06
0.06
0.06
0.06
0.05
0.05
0.05
0.05
0.17
0.17
0.17
0.17
0.13
0.13
0.13
0.13
0.09
0.09
0.09
0.09
0.19
0.19
0.19
0.19
0.19
0.19
0.19
0.19
0.07
0.07
0.07
0.07
0.15
0.15
0.15
0.15
0.41
0.41
0.41
0.41
0.14
0.14
0.14
0.14
0.46
0.46
0.46
0.46
0.07
0.07
0.07
0.07
0.1
0.1
0.1
0.1
0.1
0.1
0.1
0.1
0.11
0.11
0.11
0.11
0.11
0.11
0.11
0.11
0.08
0.08
0.08
0.08
0.08
0.08
0.08
0.08
0.07
0.07
0.07
0.07
0.07
0.07
0.07
0.07
0.07
0.07
0.07
0.07
0.07
0.07
0.07
0.07
0.07
0.07
0.07
0.07
0.35
0.35
0.35
0.35
0.09
0.09
0.09
0.09
0.05
0.05
0.05
0.05
0.03
0.03
0.03
0.03
0.04
0.04
0.04
0.04
0.04
0.04
0.04
0.04
0.03
0.03
0.03
0.03
0.04
0.04
0.04
0.04
0.04
0.04
0.04
0.04
0.03
0.03
0.03
0.03
0.04
0.04
0.04
0.04
0.24
0.24
0.24
0.24
0.28
0.28
0.28
0.28
0.11
0.11
0.11
0.11
0.11
0.11
0.11
0.11
0.08
0.08
0.08
0.08
0.06
0.06
0.06
0.06
0.05
0.05
0.05
0.05
0.04
0.04
0.04
0.04
0.05
0.05
0.05
0.05
0.04
0.04
0.04
0.04
0.05
0.05
0.05
0.05
0.04
0.04
0.04
0.04
0.05
0.05
0.05
0.05
0.32
0.32
0.32
0.32
0.1
0.1
0.1
0.1
0.05
0.05
0.05
0.05
0.04
0.04
0.04
0.04
0.05
0.05
0.05
0.05
0.04
0.04
0.04
0.04
0.04
0.04
0.04
0.04
0.05
0.05
0.05
0.05
0.03
0.03
0.03
0.03
0.05
0.05
0.05
0.05
0.06
0.06
0.06
0.06
0.22
0.22
0.22
0.22
0.08
0.08
0.08
0.08
0.06
0.06
0.06
0.06
0.1
0.1
0.1
0.1
0.07
0.07
0.07
0.07
0.08
0.08
0.08
0.08
0.02
0.02
0.02
0.02
0.01
0.01
0.01
0.01
0.02
0.02
0.02
0.02
0.01
0.01
0.01
0.01
0.04
0.04
0.04
0.04
0.02
0.02
0.02
0.02
0.02
0.02
0.02
0.02
0.15
0.15
0.15
0.15
0.15
0.15
0.15
0.15
0.06
0.06
0.06
0.06
0.02
0.02
0.02
0.02
0.03
0.03
0.03
0.03
0.02
0.02
0.02
0.02
0.02
0.02
0.02
0.02
0.02
0.02
0.02
0.02
0.02
0.02
0.02
0.02
0.03
0.03
0.03
0.03
0.01
0.01
0.01
0.01
0.24
0.24
0.24
0.24
0.53
0.53
0.53
0.53
0.12
0.12
0.12
0.12
0.1
0.1
0.1
0.1
0.11
0.11
0.11
0.11
0.09
0.09
0.09
0.09
0.05
0.05
0.05
0.05
0.04
0.04
0.04
0.04
0.05
0.05
0.05
0.05
0.04
0.04
0.04
0.04
0.05
0.05
0.05
0.05
0.05
0.05
0.05
0.05
0.07
0.07
0.07
0.07
0.16
0.16
0.16
0.16
0.11
0.11
0.11
0.11
0.09
0.09
0.09
0.09
0.05
0.05
0.05
0.05
0.01
0.01
0.01
0.01
0.03
0.03
0.03
0.03
0.01
0.01
0.01
0.01
0.02
0.02
0.02
0.02
0.02
0.02
0.02
0.02
0.02
0.02
0.02
0.02
0.03
0.03
0.03
0.03
0.14
0.14
0.14
0.14
0.1
0.1
0.1
0.1
0.07
0.07
0.07
0.07
0.1
0.1
0.1
0.1
0.15
0.15
0.15
0.15
0.05
0.05
0.05
0.05
0.04
0.04
0.04
0.04
0.02
0.02
0.02
0.02
0.04
0.04
0.04
0.04
0.02
0.02
0.02
0.02
0.04
0.04
0.04
0.04
0.08
0.08
0.08
0.08
0.07
0.07
0.07
0.07
0.22
0.22
0.22
0.22
0.27
0.27
0.27
0.27
0.08
0.08
0.08
0.08
0.09
0.09
0.09
0.09
