0.02
0.02
0.02
0.02
0.03
0.03
0.03
0.03
0.18
0.18
0.18
0.18
0.06
0.06
0.06
0.06
0.06
0.06
0.06
0.06
0.05
0.05
0.05
0.05
0.03
0.03
0.03
0.03
0.02
0.02
0.02
0.02
0.03
0.03
0.03
0.03
0.02
0.02
0.02
0.02
0.03
0.03
0.03
0.03
0.02
0.02
0.02
0.02
0.04
0.04
0.04
0.04
0.02
0.02
0.02
0.02
0.48
0.48
0.48
0.48
0.37
0.37
0.37
0.37
0.21
0.21
0.21
0.21
0.13
0.13
0.13
0.13
0.29
0.29
0.29
0.29
0.1
0.1
0.1
0.1
0.39
0.39
0.39
0.39
0.11
0.11
0.11
0.11
0.02
0.02
0.02
0.02
0.04
0.04
0.04
0.04
0.02
0.02
0.02
0.02
0.03
0.03
0.03
0.03
0.28
0.28
0.28
0.28
0.08
0.08
0.08
0.08
0.03
0.03
0.03
0.03
0.02
0.02
0.02
0.02
0.03
0.03
0.03
0.03
0.02
0.02
0.02
0.02
0.03
0.03
0.03
0.03
0.02
0.02
0.02
0.02
0.03
0.03
0.03
0.03
0.02
0.02
0.02
0.02
0.03
0.03
0.03
0.03
0.12
0.12
0.12
0.12
0.29
0.29
0.29
0.29
0.18
0.18
0.18
0.18
0.08
0.08
0.08
0.08
0.06
0.06
0.06
0.06
0.06
0.06
0.06
0.06
0.04
0.04
0.04
0.04
0.05
0.05
0.05
0.05
0.05
0.05
0.05
0.05
0.05
0.05
0.05
0.05
0.06
0.06
0.06
0.06
0.05
0.05
0.05
0.05
0.14
0.14
0.14
0.14
0.35
0.35
0.35
0.35
0.1
0.1
0.1
0.1
0.05
0.05
0.05
0.05
0.02
0.02
0.02
0.02
0.03
0.03
0.03
0.03
0.03
0.03
0.03
0.03
0.02
0.02
0.02
0.02
0.04
0.04
0.04
0.04
0.02
0.02
0.02
0.02
0.03
0.03
0.03
0.03
0.03
0.03
0.03
0.03
0.12
0.12
0.12
0.12
0.26
0.26
0.26
0.26
0.29
0.29
0.29
0.29
0.11
0.11
0.11
0.11
0.11
0.11
0.11
0.11
0.08
0.08
0.08
0.08
0.08
0.08
0.08
0.08
0.09
0.09
0.09
0.09
0.05
0.05
0.05
0.05
0.07
0.07
0.07
0.07
0.05
0.05
0.05
0.05
0.07
0.07
0.07
0.07
0.06
0.06
0.06
0.06
0.27
0.27
0.27
0.27
0.11
0.11
0.11
0.11
0.11
0.11
0.11
0.11
0.03
0.03
0.03
0.03
0.02
0.02
0.02
0.02
0.03
0.03
0.03
0.03
0.02
0.02
0.02
0.02
0.03
0.03
0.03
0.03
0.02
0.02
0.02
0.02
0.03
0.03
0.03
0.03
0.02
0.02
0.02
0.02
0.03
0.03
0.03
0.03
0.16
0.16
0.16
0.16
0.07
0.07
0.07
0.07
0.25
0.25
0.25
0.25
0.08
0.08
0.08
0.08
0.03
0.03
0.03
0.03
0.03
0.03
0.03
0.03
0.02
0.02
0.02
0.02
0.03
0.03
0.03
0.03
0.02
0.02
0.02
0.02
0.03
0.03
0.03
0.03
0.03
0.03
0.03
0.03
0.02
0.02
0.02
0.02
0.05
0.05
0.05
0.05
0.15
0.15
0.15
0.15
0.35
0.35
0.35
0.35
0.14
0.14
0.14
0.14
0.08
0.08
0.08
0.08
0.2
0.2
0.2
0.2
0.28
0.28
0.28
0.28
0.32
0.32
0.32
0.32
0.18
0.18
0.18
0.18
0.04
0.04
0.04
0.04
0.04
0.04
0.04
0.04
0.24
0.24
0.24
0.24
0.05
0.05
0.05
0.05
0.12
0.12
0.12
0.12
0.08
0.08
0.08
0.08
0.07
0.07
0.07
0.07
0.07
0.07
0.07
0.07
0.05
0.05
0.05
0.05
0.06
0.06
0.06
0.06
0.03
0.03
0.03
0.03
0.03
0.03
0.03
0.03
0.03
0.03
0.03
0.03
0.04
0.04
0.04
0.04
0.02
0.02
0.02
0.02
0.02
0.02
0.02
0.02
0.03
0.03
0.03
0.03
0.07
0.07
0.07
0.07
0.13
0.13
0.13
0.13
0.22
0.22
0.22
0.22
0.34
0.34
0.34
0.34
0.09
0.09
0.09
0.09
0.08
0.08
0.08
0.08
0.04
0.04
0.04
0.04
0.06
0.06
0.06
0.06
0.2
0.2
0.2
0.2
0.47
0.47
0.47
0.47
0.36
0.36
0.36
0.36
0.07
0.07
0.07
0.07
0.1
0.1
0.1
0.1
0.07
0.07
0.07
0.07
0.04
0.04
0.04
0.04
0.01
0.01
0.01
0.01
0.03
0.03
0.03
0.03
0.01
0.01
0.01
0.01
0.02
0.02
0.02
0.02
0.01
0.01
0.01
0.01
0.11
0.11
0.11
0.11
0.09
0.09
0.09
0.09
0.09
0.09
0.09
0.09
0.12
0.12
0.12
0.12
0.05
0.05
0.05
0.05
0.11
0.11
0.11
0.11
0.07
0.07
0.07
0.07
0.05
0.05
0.05
0.05
0.06
0.06
0.06
0.06
0.05
0.05
0.05
0.05
0.05
0.05
0.05
0.05
0.04
0.04
0.04
0.04
0.05
0.05
0.05
0.05
0.27
0.27
0.27
0.27
0.09
0.09
0.09
0.09
0.13
0.13
0.13
0.13
0.09
0.09
0.09
0.09
0.08
0.08
0.08
0.08
0.13
0.13
0.13
0.13
0.19
0.19
0.19
0.19
0.05
0.05
0.05
0.05
0.04
0.04
0.04
0.04
0.02
0.02
0.02
0.02
0.03
0.03
0.03
0.03
0.02
0.02
0.02
0.02
0.19
0.19
0.19
0.19
0.23
0.23
0.23
0.23
0.25
0.25
0.25
0.25
0.04
0.04
0.04
0.04
0.04
0.04
0.04
0.04
0.01
0.01
0.01
0.01
0.03
0.03
0.03
0.03
0.01
0.01
0.01
0.01
0.03
0.03
0.03
0.03
0.02
0.02
0.02
0.02
0.02
0.02
0.02
0.02
0.02
0.02
0.02
0.02
0.02
0.02
0.02
0.02
0.23
0.23
0.23
0.23
0.15
0.15
0.15
0.15
0.09
0.09
0.09
0.09
0.08
0.08
0.08
0.08
0.06
0.06
0.06
0.06
0.06
0.06
0.06
0.06
0.03
0.03
0.03
0.03
0.03
0.03
0.03
0.03
0.04
0.04
0.04
0.04
0.03
0.03
0.03
0.03
0.03
0.03
0.03
0.03
0.13
0.13
0.13
0.13
0.25
0.25
0.25
0.25
0.45
0.45
0.45
0.45
0.03
0.03
0.03
0.03
0.02
0.02
0.02
0.02
0.04
0.04
0.04
0.04
0.02
0.02
0.02
0.02
0.02
0.02
0.02
0.02
0.04
0.04
0.04
0.04
0.02
0.02
0.02
0.02
0.03
0.03
0.03
0.03
0.03
0.03
0.03
0.03
0.05
0.05
0.05
0.05
0.05
0.05
0.05
0.05
0.1
0.1
0.1
0.1
0.09
0.09
0.09
0.09
0.06
0.06
0.06
0.06
0.08
0.08
0.08
0.08
0.07
0.07
0.07
0.07
0.07
0.07
0.07
0.07
0.06
0.06
0.06
0.06
0.05
0.05
0.05
0.05
0.07
0.07
0.07
0.07
0.05
0.05
0.05
0.05
0.19
0.19
0.19
0.19
0.11
0.11
0.11
0.11
0.19
0.19
0.19
0.19
0.04
0.04
0.04
0.04
0.02
0.02
0.02
0.02
0.02
0.02
0.02
0.02
0.03
0.03
0.03
0.03
0.03
0.03
0.03
0.03
0.02
0.02
0.02
0.02
0.04
0.04
0.04
0.04
0.02
0.02
0.02
0.02
0.03
0.03
0.03
0.03
0.04
0.04
0.04
0.04
0.03
0.03
0.03
0.03
0.35
0.35
0.35
0.35
0.11
0.11
0.11
0.11
0.07
0.07
0.07
0.07
0.07
0.07
0.07
0.07
0.06
0.06
0.06
0.06
0.04
0.04
0.04
0.04
0.04
0.04
0.04
0.04
0.02
0.02
0.02
0.02
0.03
0.03
0.03
0.03
0.03
0.03
0.03
0.03
0.14
0.14
0.14
0.14
0.14
0.14
0.14
0.14
0.07
0.07
0.07
0.07
0.15
0.15
0.15
0.15
0.05
0.05
0.05
0.05
0.08
0.08
0.08
0.08
0.18
0.18
0.18
0.18
0.09
0.09
0.09
0.09
0.08
0.08
0.08
0.08
0.16
0.16
0.16
0.16
0.1
0.1
0.1
0.1
0.14
0.14
0.14
0.14
0.38
0.38
0.38
0.38
0.53
0.53
0.53
0.53
0.61
0.61
0.61
0.61
0.18
0.18
0.18
0.18
0.09
0.09
0.09
0.09
0.06
0.06
0.06
0.06
0.1
0.1
0.1
0.1
0.07
0.07
0.07
0.07
0.08
0.08
0.08
0.08
0.03
0.03
0.03
0.03
0.04
0.04
0.04
0.04
0.02
0.02
0.02
0.02
0.04
0.04
0.04
0.04
0.02
0.02
0.02
0.02
0.04
0.04
0.04
0.04
0.06
0.06
0.06
0.06
0.21
0.21
0.21
0.21
0.12
0.12
0.12
0.12
0.21
0.21
0.21
0.21
0.13
0.13
0.13
0.13
0.27
0.27
0.27
0.27
0.54
0.54
0.54
0.54
0.51
0.51
0.51
0.51
0.1
0.1
0.1
0.1
0.04
0.04
0.04
0.04
0.05
0.05
0.05
0.05
0.03
0.03
0.03
0.03
0.04
0.04
0.04
0.04
0.32
0.32
0.32
0.32
0.33
0.33
0.33
0.33
0.16
0.16
0.16
0.16
0.18
0.18
0.18
0.18
0.41
0.41
0.41
0.41
0.42
0.42
0.42
0.42
0.4
0.4
0.4
0.4
0.37
0.37
0.37
0.37
0.41
0.41
0.41
0.41
0.42
0.42
0.42
0.42
0.37
0.37
0.37
0.37
0.29
0.29
0.29
0.29
