0.03
0.03
0.03
0.03
0.01
0.01
0.01
0.01
0.04
0.04
0.04
0.04
0.13
0.13
0.13
0.13
0.04
0.04
0.04
0.04
0.04
0.04
0.04
0.04
0.1
0.1
0.1
0.1
0.1
0.1
0.1
0.1
0.05
0.05
0.05
0.05
0.06
0.06
0.06
0.06
0.06
0.06
0.06
0.06
0.07
0.07
0.07
0.07
0.07
0.07
0.07
0.07
0.07
0.07
0.07
0.07
0.05
0.05
0.05
0.05
0.04
0.04
0.04
0.04
0.04
0.04
0.04
0.04
0.08
0.08
0.08
0.08
0.05
0.05
0.05
0.05
0.06
0.06
0.06
0.06
0.05
0.05
0.05
0.05
0.07
0.07
0.07
0.07
0.09
0.09
0.09
0.09
0.03
0.03
0.03
0.03
0.02
0.02
0.02
0.02
0.03
0.03
0.03
0.03
0.02
0.02
0.02
0.02
0.08
0.08
0.08
0.08
0.19
0.19
0.19
0.19
1.04
1.04
1.04
1.04
0.87
0.87
0.87
0.87
0.43
0.43
0.43
0.43
0.49
0.49
0.49
0.49
0.02
0.02
0.02
0.02
0.01
0.01
0.01
0.01
0.02
0.02
0.02
0.02
0.01
0.01
0.01
0.01
0.01
0.01
0.01
0.01
0.02
0.02
0.02
0.02
0.01
0.01
0.01
0.01
0.02
0.02
0.02
0.02
0.02
0.02
0.02
0.02
0.01
0.01
0.01
0.01
0.17
0.17
0.17
0.17
0.09
0.09
0.09
0.09
0.06
0.06
0.06
0.06
0.2
0.2
0.2
0.2
0.43
0.43
0.43
0.43
0.98
0.98
0.98
0.98
0.03
0.03
0.03
0.03
0.4
0.4
0.4
0.4
0.36
0.36
0.36
0.36
0.09
0.09
0.09
0.09
0.07
0.07
0.07
0.07
0.05
0.05
0.05
0.05
0.06
0.06
0.06
0.06
1.8
1.8
1.8
1.8
1.85
1.85
1.85
1.85
1.73
1.73
1.73
1.73
0.12
0.12
0.12
0.12
0.03
0.03
0.03
0.03
0.03
0.03
0.03
0.03
0.02
0.02
0.02
0.02
0.03
0.03
0.03
0.03
0.02
0.02
0.02
0.02
0.02
0.02
0.02
0.02
0.03
0.03
0.03
0.03
0.06
0.06
0.06
0.06
0.13
0.13
0.13
0.13
0.06
0.06
0.06
0.06
0.51
0.51
0.51
0.51
1.76
1.76
1.76
1.76
0.13
0.13
0.13
0.13
0.06
0.06
0.06
0.06
0.19
0.19
0.19
0.19
0.09
0.09
0.09
0.09
0.13
0.13
0.13
0.13
0.11
0.11
0.11
0.11
0.08
0.08
0.08
0.08
0.12
0.12
0.12
0.12
0.07
0.07
0.07
0.07
0.05
0.05
0.05
0.05
0.03
0.03
0.03
0.03
0.02
0.02
0.02
0.02
0.03
0.03
0.03
0.03
0.02
0.02
0.02
0.02
0.03
0.03
0.03
0.03
0.02
0.02
0.02
0.02
0.02
0.02
0.02
0.02
0.29
0.29
0.29
0.29
0.2
0.2
0.2
0.2
0.01
0.01
0.01
0.01
0.01
0.01
0.01
0.01
0.03
0.03
0.03
0.03
0.01
0.01
0.01
0.01
0.02
0.02
0.02
0.02
0.02
0.02
0.02
0.02
0.02
0.02
0.02
0.02
0.02
0.02
0.02
0.02
0.06
0.06
0.06
0.06
0.11
0.11
0.11
0.11
0.08
0.08
0.08
0.08
0.08
0.08
0.08
0.08
0.06
0.06
0.06
0.06
0.08
0.08
0.08
0.08
0.05
0.05
0.05
0.05
0.03
0.03
0.03
0.03
0.05
0.05
0.05
0.05
0.04
0.04
0.04
0.04
0.02
0.02
0.02
0.02
0.03
0.03
0.03
0.03
0.02
0.02
0.02
0.02
0.03
0.03
0.03
0.03
0.02
0.02
0.02
0.02
0.12
0.12
0.12
0.12
0.21
0.21
0.21
0.21
0.15
0.15
0.15
0.15
0.06
0.06
0.06
0.06
0.12
0.12
0.12
0.12
0.18
0.18
0.18
0.18
0.02
0.02
0.02
0.02
0.03
0.03
0.03
0.03
0.07
0.07
0.07
0.07
0.09
0.09
0.09
0.09
0.09
0.09
0.09
0.09
0.07
0.07
0.07
0.07
0.05
0.05
0.05
0.05
0.08
0.08
0.08
0.08
0.06
0.06
0.06
0.06
0.06
0.06
0.06
0.06
0.05
0.05
0.05
0.05
0.05
0.05
0.05
0.05
0.05
0.05
0.05
0.05
0.05
0.05
0.05
0.05
0.06
0.06
0.06
0.06
0.05
0.05
0.05
0.05
0.16
0.16
0.16
0.16
0.09
0.09
0.09
0.09
0.24
0.24
0.24
0.24
0.05
0.05
0.05
0.05
0.02
0.02
0.02
0.02
0.01
0.01
0.01
0.01
0.02
0.02
0.02
0.02
0.02
0.02
0.02
0.02
0.01
0.01
0.01
0.01
0.03
0.03
0.03
0.03
0.01
0.01
0.01
0.01
0.03
0.03
0.03
0.03
0.05
0.05
0.05
0.05
0.07
0.07
0.07
0.07
0.09
0.09
0.09
0.09
0.07
0.07
0.07
0.07
0.11
0.11
0.11
0.11
0.08
0.08
0.08
0.08
0.03
0.03
0.03
0.03
0.03
0.03
0.03
0.03
0.03
0.03
0.03
0.03
0.02
0.02
0.02
0.02
0.04
0.04
0.04
0.04
0.02
0.02
0.02
0.02
0.03
0.03
0.03
0.03
0.03
0.03
0.03
0.03
0.03
0.03
0.03
0.03
0.21
0.21
0.21
0.21
0.1
0.1
0.1
0.1
0.09
0.09
0.09
0.09
0.1
0.1
0.1
0.1
0.06
0.06
0.06
0.06
0.05
0.05
0.05
0.05
0.04
0.04
0.04
0.04
0.04
0.04
0.04
0.04
0.05
0.05
0.05
0.05
0.06
0.06
0.06
0.06
0.06
0.06
0.06
0.06
0.11
0.11
0.11
0.11
0.07
0.07
0.07
0.07
0.07
0.07
0.07
0.07
0.04
0.04
0.04
0.04
0.03
0.03
0.03
0.03
0.02
0.02
0.02
0.02
0.02
0.02
0.02
0.02
0.02
0.02
0.02
0.02
0.02
0.02
0.02
0.02
0.02
0.02
0.02
0.02
0.01
0.01
0.01
0.01
0.02
0.02
0.02
0.02
0.01
0.01
0.01
0.01
0.03
0.03
0.03
0.03
0.04
0.04
0.04
0.04
0.09
0.09
0.09
0.09
0.26
0.26
0.26
0.26
0.15
0.15
0.15
0.15
0.07
0.07
0.07
0.07
0.07
0.07
0.07
0.07
0.04
0.04
0.04
0.04
0.1
0.1
0.1
0.1
0.06
0.06
0.06
0.06
0.1
0.1
0.1
0.1
0.35
0.35
0.35
0.35
0.18
0.18
0.18
0.18
0.05
0.05
0.05
0.05
0.04
0.04
0.04
0.04
0.03
0.03
0.03
0.03
0.04
0.04
0.04
0.04
0.03
0.03
0.03
0.03
0.04
0.04
0.04
0.04
0.03
0.03
0.03
0.03
0.03
0.03
0.03
0.03
0.02
0.02
0.02
0.02
0.03
0.03
0.03
0.03
0.02
0.02
0.02
0.02
0.03
0.03
0.03
0.03
0.16
0.16
0.16
0.16
0.04
0.04
0.04
0.04
0.06
0.06
0.06
0.06
0.04
0.04
0.04
0.04
0.36
0.36
0.36
0.36
0.37
0.37
0.37
0.37
0.07
0.07
0.07
0.07
0.04
0.04
0.04
0.04
0.03
0.03
0.03
0.03
0.27
0.27
0.27
0.27
0.06
0.06
0.06
0.06
0.06
0.06
0.06
0.06
0.05
0.05
0.05
0.05
0.03
0.03
0.03
0.03
0.02
0.02
0.02
0.02
0.05
0.05
0.05
0.05
0.03
0.03
0.03
0.03
0.03
0.03
0.03
0.03
0.02
0.02
0.02
0.02
0.03
0.03
0.03
0.03
0.03
0.03
0.03
0.03
0.02
0.02
0.02
0.02
0.03
0.03
0.03
0.03
0.02
0.02
0.02
0.02
0.29
0.29
0.29
0.29
0.53
0.53
0.53
0.53
0.26
0.26
0.26
0.26
0.3
0.3
0.3
0.3
0.12
0.12
0.12
0.12
0.06
0.06
0.06
0.06
0.02
0.02
0.02
0.02
0.03
0.03
0.03
0.03
0.08
0.08
0.08
0.08
0.24
0.24
0.24
0.24
0.16
0.16
0.16
0.16
0.09
0.09
0.09
0.09
0.09
0.09
0.09
0.09
0.07
0.07
0.07
0.07
0.03
0.03
0.03
0.03
0.01
0.01
0.01
0.01
0.03
0.03
0.03
0.03
0.02
0.02
0.02
0.02
0.02
0.02
0.02
0.02
0.04
0.04
0.04
0.04
0.04
0.04
0.04
0.04
0.03
0.03
0.03
0.03
0.44
0.44
0.44
0.44
0.04
0.04
0.04
0.04
0.03
0.03
0.03
0.03
0.01
0.01
0.01
0.01
0.03
0.03
0.03
0.03
0.01
0.01
0.01
0.01
0.02
0.02
0.02
0.02
0.02
0.02
0.02
0.02
0.03
0.03
0.03
0.03
0.33
0.33
0.33
0.33
0.06
0.06
0.06
0.06
0.07
0.07
0.07
0.07
0.07
0.07
0.07
0.07
0.06
0.06
0.06
0.06
0.02
0.02
0.02
0.02
0.02
0.02
0.02
0.02
0.02
0.02
0.02
0.02
0.01
0.01
0.01
0.01
0.02
0.02
0.02
0.02
0.01
0.01
0.01
0.01
0.03
0.03
0.03
0.03
0.01
0.01
0.01
0.01
0.06
0.06
0.06
0.06
0.97
0.97
0.97
0.97
0.36
0.36
0.36
0.36
0.03
0.03
0.03
0.03
0.04
0.04
0.04
0.04
0.03
0.03
0.03
0.03
0.03
0.03
0.03
0.03
0.04
0.04
0.04
0.04
0.04
0.04
0.04
0.04
0.04
0.04
0.04
0.04
0.06
0.06
0.06
0.06
0.08
0.08
0.08
0.08
0.21
0.21
0.21
0.21
