0.02
0.02
0.02
0.02
0.03
0.03
0.03
0.03
0.03
0.03
0.03
0.03
0.02
0.02
0.02
0.02
0.08
0.08
0.08
0.08
1.02
1.02
1.02
1.02
0.28
0.28
0.28
0.28
1.71
1.71
1.71
1.71
0.51
0.51
0.51
0.51
1.69
1.69
1.69
1.69
0.36
0.36
0.36
0.36
0.02
0.02
0.02
0.02
0.02
0.02
0.02
0.02
0.02
0.02
0.02
0.02
0.02
0.02
0.02
0.02
0.02
0.02
0.02
0.02
0.02
0.02
0.02
0.02
0.02
0.02
0.02
0.02
0.1
0.1
0.1
0.1
0.06
0.06
0.06
0.06
1.18
1.18
1.18
1.18
0.22
0.22
0.22
0.22
0.17
0.17
0.17
0.17
0.1
0.1
0.1
0.1
0.02
0.02
0.02
0.02
0.02
0.02
0.02
0.02
0.02
0.02
0.02
0.02
0.04
0.04
0.04
0.04
1.16
1.16
1.16
1.16
0.54
0.54
0.54
0.54
0.26
0.26
0.26
0.26
0.36
0.36
0.36
0.36
0.38
0.38
0.38
0.38
0.2
0.2
0.2
0.2
0.27
0.27
0.27
0.27
0.34
0.34
0.34
0.34
0.33
0.33
0.33
0.33
0.32
0.32
0.32
0.32
0.33
0.33
0.33
0.33
0.32
0.32
0.32
0.32
0.32
0.32
0.32
0.32
0.25
0.25
0.25
0.25
0.15
0.15
0.15
0.15
0.34
0.34
0.34
0.34
0.38
0.38
0.38
0.38
0.08
0.08
0.08
0.08
0.23
0.23
0.23
0.23
0.03
0.03
0.03
0.03
0.02
0.02
0.02
0.02
0.01
0.01
0.01
0.01
0.2
0.2
0.2
0.2
0.03
0.03
0.03
0.03
0.05
0.05
0.05
0.05
0.18
0.18
0.18
0.18
0.14
0.14
0.14
0.14
0.21
0.21
0.21
0.21
0.31
0.31
0.31
0.31
0.35
0.35
0.35
0.35
0.34
0.34
0.34
0.34
0.34
0.34
0.34
0.34
0.29
0.29
0.29
0.29
0.03
0.03
0.03
0.03
0.06
0.06
0.06
0.06
0.04
0.04
0.04
0.04
0.1
0.1
0.1
0.1
0.46
0.46
0.46
0.46
0.11
0.11
0.11
0.11
0.06
0.06
0.06
0.06
0.12
0.12
0.12
0.12
0.04
0.04
0.04
0.04
0.07
0.07
0.07
0.07
0.07
0.07
0.07
0.07
0.06
0.06
0.06
0.06
0.06
0.06
0.06
0.06
0.06
0.06
0.06
0.06
0.38
0.38
0.38
0.38
0.38
0.38
0.38
0.38
0.36
0.36
0.36
0.36
0.06
0.06
0.06
0.06
0.05
0.05
0.05
0.05
0.16
0.16
0.16
0.16
0.37
0.37
0.37
0.37
0.36
0.36
0.36
0.36
0.33
0.33
0.33
0.33
0.33
0.33
0.33
0.33
0.33
0.33
0.33
0.33
0.32
0.32
0.32
0.32
0.32
0.32
0.32
0.32
0.49
0.49
0.49
0.49
0.61
0.61
0.61
0.61
0.27
0.27
0.27
0.27
0.36
0.36
0.36
0.36
0.32
0.32
0.32
0.32
0.03
0.03
0.03
0.03
0.04
0.04
0.04
0.04
0.03
0.03
0.03
0.03
0.44
0.44
0.44
0.44
0.34
0.34
0.34
0.34
0.33
0.33
0.33
0.33
0.49
0.49
0.49
0.49
0.15
0.15
0.15
0.15
0.07
0.07
0.07
0.07
1.12
1.12
1.12
1.12
0.08
0.08
0.08
0.08
0.09
0.09
0.09
0.09
0.06
0.06
0.06
0.06
0.34
0.34
0.34
0.34
0.33
0.33
0.33
0.33
0.34
0.34
0.34
0.34
0.06
0.06
0.06
0.06
0.02
0.02
0.02
0.02
0.72
0.72
0.72
0.72
0.36
0.36
0.36
0.36
0.69
0.69
0.69
0.69
0.02
0.02
0.02
0.02
0.02
0.02
0.02
0.02
0.02
0.02
0.02
0.02
0.03
0.03
0.03
0.03
0.02
0.02
0.02
0.02
0.03
0.03
0.03
0.03
0.04
0.04
0.04
0.04
0.05
0.05
0.05
0.05
0.84
0.84
0.84
0.84
0.09
0.09
0.09
0.09
0.07
0.07
0.07
0.07
0.11
0.11
0.11
0.11
0.19
0.19
0.19
0.19
0.12
0.12
0.12
0.12
0.06
0.06
0.06
0.06
0.06
0.06
0.06
0.06
0.19
0.19
0.19
0.19
0.34
0.34
0.34
0.34
0.35
0.35
0.35
0.35
0.34
0.34
0.34
0.34
0.34
0.34
0.34
0.34
0.55
0.55
0.55
0.55
0.68
0.68
0.68
0.68
0.09
0.09
0.09
0.09
0.03
0.03
0.03
0.03
0.03
0.03
0.03
0.03
0.03
0.03
0.03
0.03
0.03
0.03
0.03
0.03
0.03
0.03
0.03
0.03
0.02
0.02
0.02
0.02
0.03
0.03
0.03
0.03
0.03
0.03
0.03
0.03
0.03
0.03
0.03
0.03
0.08
0.08
0.08
0.08
0.08
0.08
0.08
0.08
0.09
0.09
0.09
0.09
0.09
0.09
0.09
0.09
0.52
0.52
0.52
0.52
1.57
1.57
1.57
1.57
0.05
0.05
0.05
0.05
0.04
0.04
0.04
0.04
0.03
0.03
0.03
0.03
0.01
0.01
0.01
0.01
0.02
0.02
0.02
0.02
0.02
0.02
0.02
0.02
0.01
0.01
0.01
0.01
0.06
0.06
0.06
0.06
0.28
0.28
0.28
0.28
0.04
0.04
0.04
0.04
0.05
0.05
0.05
0.05
0.01
0.01
0.01
0.01
0.02
0.02
0.02
0.02
0.01
0.01
0.01
0.01
0.02
0.02
0.02
0.02
0.01
0.01
0.01
0.01
0.01
0.01
0.01
0.01
0.03
0.03
0.03
0.03
0.19
0.19
0.19
0.19
0.1
0.1
0.1
0.1
0.24
0.24
0.24
0.24
0.21
0.21
0.21
0.21
1.0
1.0
1.0
1.0
0.6
0.6
0.6
0.6
0.04
0.04
0.04
0.04
0.04
0.04
0.04
0.04
0.05
0.05
0.05
0.05
0.05
0.05
0.05
0.05
0.04
0.04
0.04
0.04
0.04
0.04
0.04
0.04
0.04
0.04
0.04
0.04
0.04
0.04
0.04
0.04
0.04
0.04
0.04
0.04
0.14
0.14
0.14
0.14
0.11
0.11
0.11
0.11
0.03
0.03
0.03
0.03
0.08
0.08
0.08
0.08
0.13
0.13
0.13
0.13
0.12
0.12
0.12
0.12
0.07
0.07
0.07
0.07
0.12
0.12
0.12
0.12
0.04
0.04
0.04
0.04
0.04
0.04
0.04
0.04
0.03
0.03
0.03
0.03
0.03
0.03
0.03
0.03
0.15
0.15
0.15
0.15
0.14
0.14
0.14
0.14
0.35
0.35
0.35
0.35
0.37
0.37
0.37
0.37
0.32
0.32
0.32
0.32
0.02
0.02
0.02
0.02
0.03
0.03
0.03
0.03
0.03
0.03
0.03
0.03
0.28
0.28
0.28
0.28
0.33
0.33
0.33
0.33
0.34
0.34
0.34
0.34
0.34
0.34
0.34
0.34
0.23
0.23
0.23
0.23
0.09
0.09
0.09
0.09
0.49
0.49
0.49
0.49
0.26
0.26
0.26
0.26
0.18
0.18
0.18
0.18
0.05
0.05
0.05
0.05
0.03
0.03
0.03
0.03
0.5
0.5
0.5
0.5
0.66
0.66
0.66
0.66
0.23
0.23
0.23
0.23
0.08
0.08
0.08
0.08
0.06
0.06
0.06
0.06
0.34
0.34
0.34
0.34
0.11
0.11
0.11
0.11
0.07
0.07
0.07
0.07
1.11
1.11
1.11
1.11
0.24
0.24
0.24
0.24
1.44
1.44
1.44
1.44
0.05
0.05
0.05
0.05
0.04
0.04
0.04
0.04
0.04
0.04
0.04
0.04
0.03
0.03
0.03
0.03
0.51
0.51
0.51
0.51
0.09
0.09
0.09
0.09
0.06
0.06
0.06
0.06
0.03
0.03
0.03
0.03
0.02
0.02
0.02
0.02
0.02
0.02
0.02
0.02
0.02
0.02
0.02
0.02
0.02
0.02
0.02
0.02
0.02
0.02
0.02
0.02
0.02
0.02
0.02
0.02
0.05
0.05
0.05
0.05
0.08
0.08
0.08
0.08
1.12
1.12
1.12
1.12
0.13
0.13
0.13
0.13
0.09
0.09
0.09
0.09
0.06
0.06
0.06
0.06
0.07
0.07
0.07
0.07
0.07
0.07
0.07
0.07
0.73
0.73
0.73
0.73
0.33
0.33
0.33
0.33
0.33
0.33
0.33
0.33
0.33
0.33
0.33
0.33
0.32
0.32
0.32
0.32
0.33
0.33
0.33
0.33
0.51
0.51
0.51
0.51
0.11
0.11
0.11
0.11
0.05
0.05
0.05
0.05
0.03
0.03
0.03
0.03
0.02
0.02
0.02
0.02
0.03
0.03
0.03
0.03
0.02
0.02
0.02
0.02
0.02
0.02
0.02
0.02
0.03
0.03
0.03
0.03
0.02
0.02
0.02
0.02
0.03
0.03
0.03
0.03
0.06
0.06
0.06
0.06
0.23
0.23
0.23
0.23
0.19
0.19
0.19
0.19
0.07
0.07
0.07
0.07
0.08
0.08
0.08
0.08
0.07
0.07
0.07
0.07
0.06
0.06
0.06
0.06
0.03
0.03
0.03
0.03
0.02
0.02
0.02
0.02
0.01
0.01
0.01
0.01
0.02
0.02
0.02
0.02
0.01
0.01
0.01
0.01
0.02
0.02
0.02
0.02
0.17
0.17
0.17
0.17
0.33
0.33
0.33
0.33
0.02
0.02
0.02
0.02
0.02
0.02
0.02
0.02
0.02
0.02
0.02
0.02
0.01
0.01
0.01
0.01
0.02
0.02
0.02
0.02
0.02
0.02
0.02
0.02
0.02
0.02
0.02
0.02
0.02
0.02
0.02
0.02
0.03
0.03
0.03
0.03
0.19
0.19
0.19
0.19
0.15
0.15
0.15
0.15
