0.05
0.05
0.05
0.05
0.03
0.03
0.03
0.03
0.03
0.03
0.03
0.03
0.02
0.02
0.02
0.02
0.02
0.02
0.02
0.02
0.02
0.02
0.02
0.02
0.02
0.02
0.02
0.02
0.05
0.05
0.05
0.05
0.07
0.07
0.07
0.07
0.17
0.17
0.17
0.17
0.09
0.09
0.09
0.09
0.12
0.12
0.12
0.12
0.1
0.1
0.1
0.1
0.09
0.09
0.09
0.09
0.17
0.17
0.17
0.17
0.3
0.3
0.3
0.3
0.04
0.04
0.04
0.04
0.03
0.03
0.03
0.03
0.03
0.03
0.03
0.03
0.03
0.03
0.03
0.03
0.02
0.02
0.02
0.02
0.21
0.21
0.21
0.21
0.14
0.14
0.14
0.14
0.08
0.08
0.08
0.08
0.02
0.02
0.02
0.02
0.01
0.01
0.01
0.01
0.01
0.01
0.01
0.01
0.05
0.05
0.05
0.05
0.02
0.02
0.02
0.02
0.02
0.02
0.02
0.02
0.01
0.01
0.01
0.01
0.02
0.02
0.02
0.02
0.24
0.24
0.24
0.24
0.1
0.1
0.1
0.1
0.18
0.18
0.18
0.18
0.17
0.17
0.17
0.17
0.1
0.1
0.1
0.1
0.38
0.38
0.38
0.38
0.29
0.29
0.29
0.29
0.03
0.03
0.03
0.03
0.03
0.03
0.03
0.03
0.02
0.02
0.02
0.02
0.03
0.03
0.03
0.03
0.03
0.03
0.03
0.03
0.02
0.02
0.02
0.02
1.02
1.02
1.02
1.02
0.29
0.29
0.29
0.29
0.06
0.06
0.06
0.06
0.04
0.04
0.04
0.04
0.06
0.06
0.06
0.06
0.03
0.03
0.03
0.03
0.02
0.02
0.02
0.02
0.08
0.08
0.08
0.08
0.03
0.03
0.03
0.03
0.04
0.04
0.04
0.04
0.02
0.02
0.02
0.02
0.07
0.07
0.07
0.07
0.23
0.23
0.23
0.23
1.08
1.08
1.08
1.08
0.42
0.42
0.42
0.42
0.38
0.38
0.38
0.38
0.34
0.34
0.34
0.34
0.39
0.39
0.39
0.39
0.27
0.27
0.27
0.27
0.31
0.31
0.31
0.31
0.33
0.33
0.33
0.33
0.33
0.33
0.33
0.33
0.34
0.34
0.34
0.34
0.41
0.41
0.41
0.41
0.52
0.52
0.52
0.52
0.73
0.73
0.73
0.73
0.11
0.11
0.11
0.11
0.01
0.01
0.01
0.01
0.01
0.01
0.01
0.01
0.02
0.02
0.02
0.02
0.02
0.02
0.02
0.02
0.03
0.03
0.03
0.03
0.04
0.04
0.04
0.04
0.02
0.02
0.02
0.02
0.03
0.03
0.03
0.03
0.03
0.03
0.03
0.03
0.07
0.07
0.07
0.07
0.07
0.07
0.07
0.07
0.22
0.22
0.22
0.22
0.05
0.05
0.05
0.05
0.12
0.12
0.12
0.12
0.33
0.33
0.33
0.33
0.33
0.33
0.33
0.33
0.32
0.32
0.32
0.32
0.21
0.21
0.21
0.21
0.02
0.02
0.02
0.02
0.02
0.02
0.02
0.02
0.02
0.02
0.02
0.02
0.02
0.02
0.02
0.02
0.09
0.09
0.09
0.09
0.1
0.1
0.1
0.1
0.19
0.19
0.19
0.19
0.15
0.15
0.15
0.15
0.15
0.15
0.15
0.15
0.03
0.03
0.03
0.03
0.03
0.03
0.03
0.03
0.01
0.01
0.01
0.01
0.04
0.04
0.04
0.04
0.07
0.07
0.07
0.07
0.07
0.07
0.07
0.07
0.08
0.08
0.08
0.08
0.37
0.37
0.37
0.37
0.12
0.12
0.12
0.12
0.09
0.09
0.09
0.09
0.03
0.03
0.03
0.03
0.03
0.03
0.03
0.03
0.03
0.03
0.03
0.03
0.03
0.03
0.03
0.03
0.03
0.03
0.03
0.03
0.03
0.03
0.03
0.03
0.03
0.03
0.03
0.03
0.02
0.02
0.02
0.02
0.03
0.03
0.03
0.03
0.06
0.06
0.06
0.06
0.16
0.16
0.16
0.16
0.21
0.21
0.21
0.21
0.03
0.03
0.03
0.03
0.02
0.02
0.02
0.02
0.03
0.03
0.03
0.03
0.2
0.2
0.2
0.2
0.26
0.26
0.26
0.26
0.07
0.07
0.07
0.07
0.02
0.02
0.02
0.02
0.05
0.05
0.05
0.05
0.06
0.06
0.06
0.06
0.08
0.08
0.08
0.08
0.08
0.08
0.08
0.08
0.07
0.07
0.07
0.07
0.08
0.08
0.08
0.08
0.07
0.07
0.07
0.07
0.07
0.07
0.07
0.07
0.08
0.08
0.08
0.08
0.03
0.03
0.03
0.03
0.03
0.03
0.03
0.03
0.03
0.03
0.03
0.03
0.02
0.02
0.02
0.02
0.1
0.1
0.1
0.1
0.31
0.31
0.31
0.31
0.07
0.07
0.07
0.07
0.02
0.02
0.02
0.02
0.02
0.02
0.02
0.02
0.02
0.02
0.02
0.02
0.06
0.06
0.06
0.06
0.11
0.11
0.11
0.11
0.03
0.03
0.03
0.03
0.04
0.04
0.04
0.04
0.05
0.05
0.05
0.05
0.09
0.09
0.09
0.09
0.17
0.17
0.17
0.17
0.18
0.18
0.18
0.18
0.14
0.14
0.14
0.14
0.12
0.12
0.12
0.12
0.37
0.37
0.37
0.37
0.2
0.2
0.2
0.2
0.24
0.24
0.24
0.24
0.27
0.27
0.27
0.27
0.34
0.34
0.34
0.34
0.35
0.35
0.35
0.35
0.34
0.34
0.34
0.34
0.33
0.33
0.33
0.33
0.38
0.38
0.38
0.38
0.52
0.52
0.52
0.52
0.03
0.03
0.03
0.03
0.02
0.02
0.02
0.02
0.02
0.02
0.02
0.02
0.01
0.01
0.01
0.01
0.08
0.08
0.08
0.08
0.02
0.02
0.02
0.02
0.02
0.02
0.02
0.02
0.01
0.01
0.01
0.01
0.05
0.05
0.05
0.05
0.11
0.11
0.11
0.11
0.32
0.32
0.32
0.32
0.34
0.34
0.34
0.34
0.09
0.09
0.09
0.09
0.06
0.06
0.06
0.06
0.06
0.06
0.06
0.06
0.06
0.06
0.06
0.06
0.06
0.06
0.06
0.06
0.06
0.06
0.06
0.06
0.05
0.05
0.05
0.05
0.16
0.16
0.16
0.16
0.37
0.37
0.37
0.37
0.37
0.37
0.37
0.37
0.39
0.39
0.39
0.39
0.55
0.55
0.55
0.55
0.1
0.1
0.1
0.1
0.05
0.05
0.05
0.05
0.28
0.28
0.28
0.28
0.11
0.11
0.11
0.11
0.02
0.02
0.02
0.02
0.03
0.03
0.03
0.03
0.01
0.01
0.01
0.01
0.02
0.02
0.02
0.02
0.02
0.02
0.02
0.02
0.11
0.11
0.11
0.11
0.23
0.23
0.23
0.23
0.46
0.46
0.46
0.46
0.37
0.37
0.37
0.37
0.33
0.33
0.33
0.33
0.32
0.32
0.32
0.32
0.33
0.33
0.33
0.33
0.32
0.32
0.32
0.32
0.07
0.07
0.07
0.07
0.02
0.02
0.02
0.02
0.01
0.01
0.01
0.01
0.02
0.02
0.02
0.02
0.02
0.02
0.02
0.02
0.02
0.02
0.02
0.02
0.03
0.03
0.03
0.03
0.08
0.08
0.08
0.08
0.15
0.15
0.15
0.15
0.16
0.16
0.16
0.16
0.01
0.01
0.01
0.01
0.26
0.26
0.26
0.26
0.69
0.69
0.69
0.69
0.33
0.33
0.33
0.33
0.33
0.33
0.33
0.33
0.32
0.32
0.32
0.32
0.36
0.36
0.36
0.36
0.27
0.27
0.27
0.27
0.39
0.39
0.39
0.39
0.64
0.64
0.64
0.64
0.41
0.41
0.41
0.41
0.42
0.42
0.42
0.42
0.22
0.22
0.22
0.22
0.2
0.2
0.2
0.2
0.02
0.02
0.02
0.02
0.02
0.02
0.02
0.02
0.02
0.02
0.02
0.02
0.02
0.02
0.02
0.02
0.02
0.02
0.02
0.02
0.01
0.01
0.01
0.01
0.16
0.16
0.16
0.16
0.31
0.31
0.31
0.31
0.26
0.26
0.26
0.26
0.27
0.27
0.27
0.27
0.51
0.51
0.51
0.51
0.31
0.31
0.31
0.31
0.1
0.1
0.1
0.1
0.05
0.05
0.05
0.05
0.04
0.04
0.04
0.04
0.05
0.05
0.05
0.05
0.04
0.04
0.04
0.04
0.04
0.04
0.04
0.04
0.04
0.04
0.04
0.04
0.09
0.09
0.09
0.09
0.15
0.15
0.15
0.15
0.38
0.38
0.38
0.38
0.34
0.34
0.34
0.34
0.29
0.29
0.29
0.29
0.02
0.02
0.02
0.02
0.01
0.01
0.01
0.01
0.02
0.02
0.02
0.02
0.02
0.02
0.02
0.02
0.01
0.01
0.01
0.01
0.02
0.02
0.02
0.02
0.02
0.02
0.02
0.02
0.04
0.04
0.04
0.04
0.42
0.42
0.42
0.42
0.43
0.43
0.43
0.43
0.07
0.07
0.07
0.07
0.03
0.03
0.03
0.03
0.26
0.26
0.26
0.26
0.05
0.05
0.05
0.05
0.04
0.04
0.04
0.04
0.03
0.03
0.03
0.03
0.04
0.04
0.04
0.04
0.06
0.06
0.06
0.06
0.1
0.1
0.1
0.1
0.12
0.12
0.12
0.12
0.24
0.24
0.24
0.24
0.08
0.08
0.08
0.08
0.18
0.18
0.18
0.18
0.34
0.34
0.34
0.34
0.08
0.08
0.08
0.08
0.23
0.23
0.23
0.23
0.33
0.33
0.33
0.33
0.18
0.18
0.18
0.18
0.02
0.02
0.02
0.02
0.02
0.02
0.02
0.02
0.01
0.01
0.01
0.01
0.1
0.1
0.1
0.1
0.22
0.22
0.22
0.22
0.02
0.02
0.02
0.02
0.03
0.03
0.03
0.03
0.03
0.03
0.03
0.03
0.02
0.02
0.02
0.02
