0.05
0.05
0.05
0.05
0.06
0.06
0.06
0.06
0.05
0.05
0.05
0.05
0.05
0.05
0.05
0.05
0.05
0.05
0.05
0.05
0.04
0.04
0.04
0.04
0.06
0.06
0.06
0.06
0.06
0.06
0.06
0.06
0.17
0.17
0.17
0.17
0.08
0.08
0.08
0.08
0.08
0.08
0.08
0.08
0.08
0.08
0.08
0.08
0.22
0.22
0.22
0.22
0.08
0.08
0.08
0.08
0.1
0.1
0.1
0.1
0.05
0.05
0.05
0.05
0.08
0.08
0.08
0.08
0.09
0.09
0.09
0.09
0.26
0.26
0.26
0.26
0.14
0.14
0.14
0.14
0.1
0.1
0.1
0.1
0.1
0.1
0.1
0.1
0.08
0.08
0.08
0.08
0.09
0.09
0.09
0.09
0.09
0.09
0.09
0.09
0.08
0.08
0.08
0.08
0.08
0.08
0.08
0.08
0.08
0.08
0.08
0.08
0.08
0.08
0.08
0.08
0.09
0.09
0.09
0.09
0.08
0.08
0.08
0.08
0.31
0.31
0.31
0.31
0.11
0.11
0.11
0.11
0.13
0.13
0.13
0.13
0.32
0.32
0.32
0.32
0.26
0.26
0.26
0.26
0.07
0.07
0.07
0.07
0.05
0.05
0.05
0.05
0.61
0.61
0.61
0.61
0.4
0.4
0.4
0.4
0.12
0.12
0.12
0.12
0.09
0.09
0.09
0.09
0.1
0.1
0.1
0.1
0.11
0.11
0.11
0.11
0.06
0.06
0.06
0.06
0.04
0.04
0.04
0.04
0.04
0.04
0.04
0.04
0.31
0.31
0.31
0.31
0.35
0.35
0.35
0.35
0.33
0.33
0.33
0.33
0.36
0.36
0.36
0.36
0.36
0.36
0.36
0.36
0.42
0.42
0.42
0.42
0.16
0.16
0.16
0.16
0.13
0.13
0.13
0.13
0.02
0.02
0.02
0.02
0.01
0.01
0.01
0.01
0.01
0.01
0.01
0.01
0.01
0.01
0.01
0.01
0.02
0.02
0.02
0.02
0.01
0.01
0.01
0.01
0.02
0.02
0.02
0.02
0.02
0.02
0.02
0.02
0.03
0.03
0.03
0.03
0.09
0.09
0.09
0.09
0.5
0.5
0.5
0.5
1.4
1.4
1.4
1.4
0.2
0.2
0.2
0.2
0.05
0.05
0.05
0.05
0.27
0.27
0.27
0.27
0.36
0.36
0.36
0.36
0.34
0.34
0.34
0.34
0.04
0.04
0.04
0.04
0.03
0.03
0.03
0.03
0.02
0.02
0.02
0.02
0.03
0.03
0.03
0.03
0.13
0.13
0.13
0.13
0.08
0.08
0.08
0.08
0.12
0.12
0.12
0.12
0.05
0.05
0.05
0.05
0.02
0.02
0.02
0.02
0.01
0.01
0.01
0.01
0.04
0.04
0.04
0.04
0.02
0.02
0.02
0.02
0.01
0.01
0.01
0.01
0.03
0.03
0.03
0.03
0.01
0.01
0.01
0.01
0.01
0.01
0.01
0.01
0.08
0.08
0.08
0.08
1.09
1.09
1.09
1.09
0.17
0.17
0.17
0.17
0.09
0.09
0.09
0.09
0.05
0.05
0.05
0.05
0.06
0.06
0.06
0.06
0.03
0.03
0.03
0.03
0.02
0.02
0.02
0.02
0.03
0.03
0.03
0.03
0.02
0.02
0.02
0.02
0.02
0.02
0.02
0.02
0.03
0.03
0.03
0.03
0.02
0.02
0.02
0.02
0.18
0.18
0.18
0.18
0.07
0.07
0.07
0.07
0.28
0.28
0.28
0.28
0.02
0.02
0.02
0.02
0.02
0.02
0.02
0.02
0.02
0.02
0.02
0.02
0.03
0.03
0.03
0.03
0.02
0.02
0.02
0.02
0.02
0.02
0.02
0.02
0.03
0.03
0.03
0.03
0.02
0.02
0.02
0.02
1.28
1.28
1.28
1.28
1.32
1.32
1.32
1.32
0.22
0.22
0.22
0.22
0.12
0.12
0.12
0.12
0.06
0.06
0.06
0.06
0.07
0.07
0.07
0.07
0.01
0.01
0.01
0.01
0.03
0.03
0.03
0.03
0.02
0.02
0.02
0.02
0.02
0.02
0.02
0.02
0.02
0.02
0.02
0.02
0.01
0.01
0.01
0.01
0.03
0.03
0.03
0.03
0.13
0.13
0.13
0.13
0.09
0.09
0.09
0.09
0.1
0.1
0.1
0.1
0.02
0.02
0.02
0.02
0.01
0.01
0.01
0.01
0.02
0.02
0.02
0.02
0.02
0.02
0.02
0.02
0.01
0.01
0.01
0.01
0.03
0.03
0.03
0.03
0.01
0.01
0.01
0.01
0.06
0.06
0.06
0.06
0.13
0.13
0.13
0.13
1.04
1.04
1.04
1.04
1.83
1.83
1.83
1.83
0.13
0.13
0.13
0.13
0.04
0.04
0.04
0.04
0.05
0.05
0.05
0.05
0.08
0.08
0.08
0.08
0.04
0.04
0.04
0.04
0.07
0.07
0.07
0.07
0.17
0.17
0.17
0.17
0.09
0.09
0.09
0.09
0.06
0.06
0.06
0.06
0.18
0.18
0.18
0.18
0.3
0.3
0.3
0.3
0.1
0.1
0.1
0.1
0.16
0.16
0.16
0.16
0.16
0.16
0.16
0.16
0.11
0.11
0.11
0.11
0.07
0.07
0.07
0.07
0.09
0.09
0.09
0.09
0.06
0.06
0.06
0.06
0.09
0.09
0.09
0.09
0.14
0.14
0.14
0.14
0.05
0.05
0.05
0.05
0.06
0.06
0.06
0.06
0.08
0.08
0.08
0.08
0.09
0.09
0.09
0.09
0.09
0.09
0.09
0.09
0.06
0.06
0.06
0.06
0.06
0.06
0.06
0.06
0.05
0.05
0.05
0.05
0.07
0.07
0.07
0.07
0.05
0.05
0.05
0.05
0.05
0.05
0.05
0.05
0.04
0.04
0.04
0.04
0.04
0.04
0.04
0.04
0.05
0.05
0.05
0.05
0.04
0.04
0.04
0.04
0.05
0.05
0.05
0.05
0.04
0.04
0.04
0.04
0.12
0.12
0.12
0.12
0.27
0.27
0.27
0.27
0.08
0.08
0.08
0.08
0.25
0.25
0.25
0.25
0.18
0.18
0.18
0.18
0.08
0.08
0.08
0.08
0.09
0.09
0.09
0.09
0.14
0.14
0.14
0.14
1.42
1.42
1.42
1.42
0.07
0.07
0.07
0.07
0.06
0.06
0.06
0.06
0.27
0.27
0.27
0.27
0.27
0.27
0.27
0.27
0.07
0.07
0.07
0.07
0.11
0.11
0.11
0.11
0.05
0.05
0.05
0.05
0.03
0.03
0.03
0.03
0.02
0.02
0.02
0.02
0.02
0.02
0.02
0.02
0.01
0.01
0.01
0.01
0.02
0.02
0.02
0.02
0.01
0.01
0.01
0.01
0.02
0.02
0.02
0.02
0.02
0.02
0.02
0.02
0.09
0.09
0.09
0.09
0.06
0.06
0.06
0.06
0.05
0.05
0.05
0.05
0.05
0.05
0.05
0.05
0.33
0.33
0.33
0.33
0.43
0.43
0.43
0.43
0.39
0.39
0.39
0.39
0.4
0.4
0.4
0.4
0.29
0.29
0.29
0.29
0.1
0.1
0.1
0.1
0.09
0.09
0.09
0.09
0.13
0.13
0.13
0.13
0.07
0.07
0.07
0.07
0.06
0.06
0.06
0.06
0.11
0.11
0.11
0.11
0.07
0.07
0.07
0.07
0.34
0.34
0.34
0.34
0.33
0.33
0.33
0.33
0.34
0.34
0.34
0.34
0.33
0.33
0.33
0.33
0.34
0.34
0.34
0.34
0.33
0.33
0.33
0.33
0.13
0.13
0.13
0.13
0.07
0.07
0.07
0.07
0.09
0.09
0.09
0.09
0.08
0.08
0.08
0.08
0.07
0.07
0.07
0.07
0.05
0.05
0.05
0.05
0.05
0.05
0.05
0.05
0.05
0.05
0.05
0.05
0.06
0.06
0.06
0.06
0.56
0.56
0.56
0.56
0.84
0.84
0.84
0.84
0.87
0.87
0.87
0.87
0.35
0.35
0.35
0.35
0.11
0.11
0.11
0.11
0.06
0.06
0.06
0.06
0.02
0.02
0.02
0.02
0.03
0.03
0.03
0.03
0.02
0.02
0.02
0.02
0.03
0.03
0.03
0.03
0.02
0.02
0.02
0.02
0.03
0.03
0.03
0.03
0.02
0.02
0.02
0.02
0.31
0.31
0.31
0.31
0.33
0.33
0.33
0.33
0.37
0.37
0.37
0.37
0.38
0.38
0.38
0.38
0.14
0.14
0.14
0.14
0.03
0.03
0.03
0.03
0.02
0.02
0.02
0.02
0.03
0.03
0.03
0.03
0.02
0.02
0.02
0.02
0.03
0.03
0.03
0.03
0.02
0.02
0.02
0.02
0.04
0.04
0.04
0.04
0.14
0.14
0.14
0.14
2.07
2.07
2.07
2.07
0.78
0.78
0.78
0.78
0.17
0.17
0.17
0.17
0.07
0.07
0.07
0.07
0.05
0.05
0.05
0.05
0.36
0.36
0.36
0.36
0.32
0.32
0.32
0.32
0.35
0.35
0.35
0.35
0.33
0.33
0.33
0.33
0.34
0.34
0.34
0.34
0.33
0.33
0.33
0.33
0.13
0.13
0.13
0.13
0.05
0.05
0.05
0.05
0.07
0.07
0.07
0.07
0.09
0.09
0.09
0.09
0.08
0.08
0.08
0.08
0.02
0.02
0.02
0.02
0.02
0.02
0.02
0.02
0.03
0.03
0.03
0.03
0.02
0.02
0.02
0.02
0.03
0.03
0.03
0.03
0.02
0.02
0.02
0.02
0.03
0.03
0.03
0.03
0.87
0.87
0.87
0.87
2.02
2.02
2.02
2.02
0.6
0.6
0.6
0.6
0.1
0.1
0.1
0.1
0.08
0.08
0.08
0.08
0.07
0.07
0.07
0.07
0.06
0.06
0.06
0.06
0.04
0.04
0.04
0.04
0.02
0.02
0.02
0.02
0.03
0.03
0.03
0.03
0.01
0.01
0.01
0.01
0.02
0.02
0.02
0.02
0.31
0.31
0.31
0.31
