0.1
0.1
0.1
0.1
0.06
0.06
0.06
0.06
0.06
0.06
0.06
0.06
0.04
0.04
0.04
0.04
0.03
0.03
0.03
0.03
0.03
0.03
0.03
0.03
0.03
0.03
0.03
0.03
0.03
0.03
0.03
0.03
0.03
0.03
0.03
0.03
0.02
0.02
0.02
0.02
0.29
0.29
0.29
0.29
0.09
0.09
0.09
0.09
0.07
0.07
0.07
0.07
0.04
0.04
0.04
0.04
0.04
0.04
0.04
0.04
0.03
0.03
0.03
0.03
0.04
0.04
0.04
0.04
0.04
0.04
0.04
0.04
0.03
0.03
0.03
0.03
0.04
0.04
0.04
0.04
0.03
0.03
0.03
0.03
0.04
0.04
0.04
0.04
0.14
0.14
0.14
0.14
0.16
0.16
0.16
0.16
0.14
0.14
0.14
0.14
0.12
0.12
0.12
0.12
0.09
0.09
0.09
0.09
0.07
0.07
0.07
0.07
0.04
0.04
0.04
0.04
0.02
0.02
0.02
0.02
0.02
0.02
0.02
0.02
0.01
0.01
0.01
0.01
0.03
0.03
0.03
0.03
0.01
0.01
0.01
0.01
0.23
0.23
0.23
0.23
0.34
0.34
0.34
0.34
0.06
0.06
0.06
0.06
0.03
0.03
0.03
0.03
0.03
0.03
0.03
0.03
0.04
0.04
0.04
0.04
0.03
0.03
0.03
0.03
0.04
0.04
0.04
0.04
0.03
0.03
0.03
0.03
0.04
0.04
0.04
0.04
0.03
0.03
0.03
0.03
0.15
0.15
0.15
0.15
0.11
0.11
0.11
0.11
0.1
0.1
0.1
0.1
0.1
0.1
0.1
0.1
0.09
0.09
0.09
0.09
0.07
0.07
0.07
0.07
0.06
0.06
0.06
0.06
0.06
0.06
0.06
0.06
0.04
0.04
0.04
0.04
0.05
0.05
0.05
0.05
0.05
0.05
0.05
0.05
0.06
0.06
0.06
0.06
0.07
0.07
0.07
0.07
0.29
0.29
0.29
0.29
0.09
0.09
0.09
0.09
0.11
0.11
0.11
0.11
0.05
0.05
0.05
0.05
0.03
0.03
0.03
0.03
0.02
0.02
0.02
0.02
0.02
0.02
0.02
0.02
0.04
0.04
0.04
0.04
0.03
0.03
0.03
0.03
0.03
0.03
0.03
0.03
0.02
0.02
0.02
0.02
0.13
0.13
0.13
0.13
0.18
0.18
0.18
0.18
0.27
0.27
0.27
0.27
0.09
0.09
0.09
0.09
0.06
0.06
0.06
0.06
0.07
0.07
0.07
0.07
0.06
0.06
0.06
0.06
0.04
0.04
0.04
0.04
0.01
0.01
0.01
0.01
0.02
0.02
0.02
0.02
0.02
0.02
0.02
0.02
0.02
0.02
0.02
0.02
0.02
0.02
0.02
0.02
0.02
0.02
0.02
0.02
0.1
0.1
0.1
0.1
0.13
0.13
0.13
0.13
0.19
0.19
0.19
0.19
0.06
0.06
0.06
0.06
0.22
0.22
0.22
0.22
0.08
0.08
0.08
0.08
0.11
0.11
0.11
0.11
0.09
0.09
0.09
0.09
0.1
0.1
0.1
0.1
0.13
0.13
0.13
0.13
0.09
0.09
0.09
0.09
0.06
0.06
0.06
0.06
0.05
0.05
0.05
0.05
0.05
0.05
0.05
0.05
0.05
0.05
0.05
0.05
0.06
0.06
0.06
0.06
0.09
0.09
0.09
0.09
0.05
0.05
0.05
0.05
0.04
0.04
0.04
0.04
0.03
0.03
0.03
0.03
0.03
0.03
0.03
0.03
0.03
0.03
0.03
0.03
0.04
0.04
0.04
0.04
0.04
0.04
0.04
0.04
0.03
0.03
0.03
0.03
0.04
0.04
0.04
0.04
0.22
0.22
0.22
0.22
0.07
0.07
0.07
0.07
0.05
0.05
0.05
0.05
0.08
0.08
0.08
0.08
0.27
0.27
0.27
0.27
0.03
0.03
0.03
0.03
0.02
0.02
0.02
0.02
0.03
0.03
0.03
0.03
0.03
0.03
0.03
0.03
0.02
0.02
0.02
0.02
0.02
0.02
0.02
0.02
0.07
0.07
0.07
0.07
0.09
0.09
0.09
0.09
0.05
0.05
0.05
0.05
0.06
0.06
0.06
0.06
0.04
0.04
0.04
0.04
0.07
0.07
0.07
0.07
0.04
0.04
0.04
0.04
0.05
0.05
0.05
0.05
0.04
0.04
0.04
0.04
0.04
0.04
0.04
0.04
0.04
0.04
0.04
0.04
0.05
0.05
0.05
0.05
0.22
0.22
0.22
0.22
0.06
0.06
0.06
0.06
0.07
0.07
0.07
0.07
0.22
0.22
0.22
0.22
0.35
0.35
0.35
0.35
0.14
0.14
0.14
0.14
0.08
0.08
0.08
0.08
0.06
0.06
0.06
0.06
0.14
0.14
0.14
0.14
0.07
0.07
0.07
0.07
0.09
0.09
0.09
0.09
0.09
0.09
0.09
0.09
0.07
0.07
0.07
0.07
0.11
0.11
0.11
0.11
0.07
0.07
0.07
0.07
0.05
0.05
0.05
0.05
0.04
0.04
0.04
0.04
0.04
0.04
0.04
0.04
0.05
0.05
0.05
0.05
0.03
0.03
0.03
0.03
0.04
0.04
0.04
0.04
0.04
0.04
0.04
0.04
0.1
0.1
0.1
0.1
0.12
0.12
0.12
0.12
0.18
0.18
0.18
0.18
0.1
0.1
0.1
0.1
0.02
0.02
0.02
0.02
0.02
0.02
0.02
0.02
0.03
0.03
0.03
0.03
0.02
0.02
0.02
0.02
0.02
0.02
0.02
0.02
0.03
0.03
0.03
0.03
0.02
0.02
0.02
0.02
0.06
0.06
0.06
0.06
0.06
0.06
0.06
0.06
0.13
0.13
0.13
0.13
0.14
0.14
0.14
0.14
0.04
0.04
0.04
0.04
0.04
0.04
0.04
0.04
0.06
0.06
0.06
0.06
0.02
0.02
0.02
0.02
0.03
0.03
0.03
0.03
0.02
0.02
0.02
0.02
0.01
0.01
0.01
0.01
0.03
0.03
0.03
0.03
0.01
0.01
0.01
0.01
0.46
0.46
0.46
0.46
0.39
0.39
0.39
0.39
0.15
0.15
0.15
0.15
0.03
0.03
0.03
0.03
0.02
0.02
0.02
0.02
0.01
0.01
0.01
0.01
0.03
0.03
0.03
0.03
0.01
0.01
0.01
0.01
0.03
0.03
0.03
0.03
0.02
0.02
0.02
0.02
0.01
0.01
0.01
0.01
0.06
0.06
0.06
0.06
0.2
0.2
0.2
0.2
0.16
0.16
0.16
0.16
0.14
0.14
0.14
0.14
0.4
0.4
0.4
0.4
0.4
0.4
0.4
0.4
0.1
0.1
0.1
0.1
0.05
0.05
0.05
0.05
0.02
0.02
0.02
0.02
0.03
0.03
0.03
0.03
0.03
0.03
0.03
0.03
0.02
0.02
0.02
0.02
0.19
0.19
0.19
0.19
0.22
0.22
0.22
0.22
0.09
0.09
0.09
0.09
0.08
0.08
0.08
0.08
0.05
0.05
0.05
0.05
0.02
0.02
0.02
0.02
0.03
0.03
0.03
0.03
0.01
0.01
0.01
0.01
0.02
0.02
0.02
0.02
0.02
0.02
0.02
0.02
0.02
0.02
0.02
0.02
0.03
0.03
0.03
0.03
0.03
0.03
0.03
0.03
0.16
0.16
0.16
0.16
0.11
0.11
0.11
0.11
0.07
0.07
0.07
0.07
0.08
0.08
0.08
0.08
0.06
0.06
0.06
0.06
0.06
0.06
0.06
0.06
0.06
0.06
0.06
0.06
0.06
0.06
0.06
0.06
0.07
0.07
0.07
0.07
0.05
0.05
0.05
0.05
0.08
0.08
0.08
0.08
0.27
0.27
0.27
0.27
0.08
0.08
0.08
0.08
0.12
0.12
0.12
0.12
0.13
0.13
0.13
0.13
0.02
0.02
0.02
0.02
0.04
0.04
0.04
0.04
0.03
0.03
0.03
0.03
0.02
0.02
0.02
0.02
0.04
0.04
0.04
0.04
0.02
0.02
0.02
0.02
0.05
0.05
0.05
0.05
0.04
0.04
0.04
0.04
0.02
0.02
0.02
0.02
0.09
0.09
0.09
0.09
0.28
0.28
0.28
0.28
0.15
0.15
0.15
0.15
0.09
0.09
0.09
0.09
0.05
0.05
0.05
0.05
0.06
0.06
0.06
0.06
0.03
0.03
0.03
0.03
0.02
0.02
0.02
0.02
0.03
0.03
0.03
0.03
0.03
0.03
0.03
0.03
0.03
0.03
0.03
0.03
0.02
0.02
0.02
0.02
0.07
0.07
0.07
0.07
0.2
0.2
0.2
0.2
0.08
0.08
0.08
0.08
0.18
0.18
0.18
0.18
0.17
0.17
0.17
0.17
0.17
0.17
0.17
0.17
0.11
0.11
0.11
0.11
0.11
0.11
0.11
0.11
0.12
0.12
0.12
0.12
0.1
0.1
0.1
0.1
0.2
0.2
0.2
0.2
0.11
0.11
0.11
0.11
0.13
0.13
0.13
0.13
0.09
0.09
0.09
0.09
0.11
0.11
0.11
0.11
0.11
0.11
0.11
0.11
0.1
0.1
0.1
0.1
0.05
0.05
0.05
0.05
0.04
0.04
0.04
0.04
0.05
0.05
0.05
0.05
0.05
0.05
0.05
0.05
0.04
0.04
0.04
0.04
0.04
0.04
0.04
0.04
0.04
0.04
0.04
0.04
0.05
0.05
0.05
0.05
0.05
0.05
0.05
0.05
0.1
0.1
0.1
0.1
0.14
0.14
0.14
0.14
0.08
0.08
0.08
0.08
0.07
0.07
0.07
0.07
0.28
0.28
0.28
0.28
0.09
0.09
0.09
0.09
0.08
0.08
0.08
0.08
0.08
0.08
0.08
0.08
0.06
0.06
0.06
0.06
0.06
0.06
0.06
0.06
0.12
0.12
0.12
0.12
0.18
0.18
0.18
0.18
0.23
0.23
0.23
0.23
0.09
0.09
0.09
0.09
0.05
0.05
0.05
0.05
0.02
0.02
0.02
0.02
0.03
0.03
0.03
0.03
