0.21
0.21
0.21
0.21
0.07
0.07
0.07
0.07
0.1
0.1
0.1
0.1
0.87
0.87
0.87
0.87
0.23
0.23
0.23
0.23
0.64
0.64
0.64
0.64
1.04
1.04
1.04
1.04
0.1
0.1
0.1
0.1
0.09
0.09
0.09
0.09
1.12
1.12
1.12
1.12
0.15
0.15
0.15
0.15
0.15
0.15
0.15
0.15
0.06
0.06
0.06
0.06
0.05
0.05
0.05
0.05
0.02
0.02
0.02
0.02
0.03
0.03
0.03
0.03
0.02
0.02
0.02
0.02
0.02
0.02
0.02
0.02
0.02
0.02
0.02
0.02
0.02
0.02
0.02
0.02
0.02
0.02
0.02
0.02
0.02
0.02
0.02
0.02
0.03
0.03
0.03
0.03
0.23
0.23
0.23
0.23
0.24
0.24
0.24
0.24
0.03
0.03
0.03
0.03
0.02
0.02
0.02
0.02
0.13
0.13
0.13
0.13
0.27
0.27
0.27
0.27
0.28
0.28
0.28
0.28
0.15
0.15
0.15
0.15
1.06
1.06
1.06
1.06
1.16
1.16
1.16
1.16
0.1
0.1
0.1
0.1
0.34
0.34
0.34
0.34
0.74
0.74
0.74
0.74
0.08
0.08
0.08
0.08
0.09
0.09
0.09
0.09
0.08
0.08
0.08
0.08
0.04
0.04
0.04
0.04
0.03
0.03
0.03
0.03
0.02
0.02
0.02
0.02
0.05
0.05
0.05
0.05
0.03
0.03
0.03
0.03
0.02
0.02
0.02
0.02
0.05
0.05
0.05
0.05
1.13
1.13
1.13
1.13
0.08
0.08
0.08
0.08
0.02
0.02
0.02
0.02
0.03
0.03
0.03
0.03
0.02
0.02
0.02
0.02
0.03
0.03
0.03
0.03
0.02
0.02
0.02
0.02
0.02
0.02
0.02
0.02
0.02
0.02
0.02
0.02
0.1
0.1
0.1
0.1
0.2
0.2
0.2
0.2
0.21
0.21
0.21
0.21
0.07
0.07
0.07
0.07
0.06
0.06
0.06
0.06
0.05
0.05
0.05
0.05
0.03
0.03
0.03
0.03
0.05
0.05
0.05
0.05
0.03
0.03
0.03
0.03
0.04
0.04
0.04
0.04
0.05
0.05
0.05
0.05
0.04
0.04
0.04
0.04
0.98
0.98
0.98
0.98
0.74
0.74
0.74
0.74
0.1
0.1
0.1
0.1
0.09
0.09
0.09
0.09
0.05
0.05
0.05
0.05
0.03
0.03
0.03
0.03
0.01
0.01
0.01
0.01
0.01
0.01
0.01
0.01
0.03
0.03
0.03
0.03
0.01
0.01
0.01
0.01
0.02
0.02
0.02
0.02
0.03
0.03
0.03
0.03
0.01
0.01
0.01
0.01
0.1
0.1
0.1
0.1
1.77
1.77
1.77
1.77
1.08
1.08
1.08
1.08
0.06
0.06
0.06
0.06
0.1
0.1
0.1
0.1
0.07
0.07
0.07
0.07
0.03
0.03
0.03
0.03
0.04
0.04
0.04
0.04
0.02
0.02
0.02
0.02
0.02
0.02
0.02
0.02
0.03
0.03
0.03
0.03
0.02
0.02
0.02
0.02
0.03
0.03
0.03
0.03
0.71
0.71
0.71
0.71
1.74
1.74
1.74
1.74
0.04
0.04
0.04
0.04
0.03
0.03
0.03
0.03
0.02
0.02
0.02
0.02
0.02
0.02
0.02
0.02
0.03
0.03
0.03
0.03
0.02
0.02
0.02
0.02
0.03
0.03
0.03
0.03
0.22
0.22
0.22
0.22
0.11
0.11
0.11
0.11
0.1
0.1
0.1
0.1
0.12
0.12
0.12
0.12
0.1
0.1
0.1
0.1
0.1
0.1
0.1
0.1
0.11
0.11
0.11
0.11
0.11
0.11
0.11
0.11
0.05
0.05
0.05
0.05
0.07
0.07
0.07
0.07
0.05
0.05
0.05
0.05
0.07
0.07
0.07
0.07
0.05
0.05
0.05
0.05
0.06
0.06
0.06
0.06
0.05
0.05
0.05
0.05
0.07
0.07
0.07
0.07
0.35
0.35
0.35
0.35
0.17
0.17
0.17
0.17
0.08
0.08
0.08
0.08
0.02
0.02
0.02
0.02
0.02
0.02
0.02
0.02
0.02
0.02
0.02
0.02
0.02
0.02
0.02
0.02
0.03
0.03
0.03
0.03
0.04
0.04
0.04
0.04
0.03
0.03
0.03
0.03
0.61
0.61
0.61
0.61
0.08
0.08
0.08
0.08
0.09
0.09
0.09
0.09
0.11
0.11
0.11
0.11
0.09
0.09
0.09
0.09
0.06
0.06
0.06
0.06
0.09
0.09
0.09
0.09
1.66
1.66
1.66
1.66
1.68
1.68
1.68
1.68
1.26
1.26
1.26
1.26
0.8
0.8
0.8
0.8
0.05
0.05
0.05
0.05
0.05
0.05
0.05
0.05
0.06
0.06
0.06
0.06
0.05
0.05
0.05
0.05
0.03
0.03
0.03
0.03
0.02
0.02
0.02
0.02
0.01
0.01
0.01
0.01
0.03
0.03
0.03
0.03
0.01
0.01
0.01
0.01
0.02
0.02
0.02
0.02
0.02
0.02
0.02
0.02
0.01
0.01
0.01
0.01
0.03
0.03
0.03
0.03
0.13
0.13
0.13
0.13
0.12
0.12
0.12
0.12
0.08
0.08
0.08
0.08
0.08
0.08
0.08
0.08
0.06
0.06
0.06
0.06
0.05
0.05
0.05
0.05
0.05
0.05
0.05
0.05
0.03
0.03
0.03
0.03
0.04
0.04
0.04
0.04
0.05
0.05
0.05
0.05
0.03
0.03
0.03
0.03
0.06
0.06
0.06
0.06
0.05
0.05
0.05
0.05
0.03
0.03
0.03
0.03
0.04
0.04
0.04
0.04
0.1
0.1
0.1
0.1
0.14
0.14
0.14
0.14
0.08
0.08
0.08
0.08
0.19
0.19
0.19
0.19
0.1
0.1
0.1
0.1
0.05
0.05
0.05
0.05
0.04
0.04
0.04
0.04
0.04
0.04
0.04
0.04
0.9
0.9
0.9
0.9
0.82
0.82
0.82
0.82
0.24
0.24
0.24
0.24
0.12
0.12
0.12
0.12
0.15
0.15
0.15
0.15
1.0
1.0
1.0
1.0
0.06
0.06
0.06
0.06
0.09
0.09
0.09
0.09
0.07
0.07
0.07
0.07
0.08
0.08
0.08
0.08
0.06
0.06
0.06
0.06
0.08
0.08
0.08
0.08
0.06
0.06
0.06
0.06
0.07
0.07
0.07
0.07
0.07
0.07
0.07
0.07
0.06
0.06
0.06
0.06
0.07
0.07
0.07
0.07
0.03
0.03
0.03
0.03
0.37
0.37
0.37
0.37
0.12
0.12
0.12
0.12
0.08
0.08
0.08
0.08
0.09
0.09
0.09
0.09
0.12
0.12
0.12
0.12
0.14
0.14
0.14
0.14
0.19
0.19
0.19
0.19
1.07
1.07
1.07
1.07
0.05
0.05
0.05
0.05
1.46
1.46
1.46
1.46
0.06
0.06
0.06
0.06
0.06
0.06
0.06
0.06
0.05
0.05
0.05
0.05
0.04
0.04
0.04
0.04
0.04
0.04
0.04
0.04
0.02
0.02
0.02
0.02
0.03
0.03
0.03
0.03
0.02
0.02
0.02
0.02
0.03
0.03
0.03
0.03
0.02
0.02
0.02
0.02
0.03
0.03
0.03
0.03
0.55
0.55
0.55
0.55
0.25
0.25
0.25
0.25
0.02
0.02
0.02
0.02
0.03
0.03
0.03
0.03
0.02
0.02
0.02
0.02
0.02
0.02
0.02
0.02
0.02
0.02
0.02
0.02
0.02
0.02
0.02
0.02
0.02
0.02
0.02
0.02
0.06
0.06
0.06
0.06
0.65
0.65
0.65
0.65
0.51
0.51
0.51
0.51
0.73
0.73
0.73
0.73
0.08
0.08
0.08
0.08
0.06
0.06
0.06
0.06
0.04
0.04
0.04
0.04
0.02
0.02
0.02
0.02
0.03
0.03
0.03
0.03
0.02
0.02
0.02
0.02
0.03
0.03
0.03
0.03
0.02
0.02
0.02
0.02
0.03
0.03
0.03
0.03
0.02
0.02
0.02
0.02
0.03
0.03
0.03
0.03
0.54
0.54
0.54
0.54
0.16
0.16
0.16
0.16
0.03
0.03
0.03
0.03
0.03
0.03
0.03
0.03
0.01
0.01
0.01
0.01
0.03
0.03
0.03
0.03
0.01
0.01
0.01
0.01
0.03
0.03
0.03
0.03
0.01
0.01
0.01
0.01
0.03
0.03
0.03
0.03
0.12
0.12
0.12
0.12
0.08
0.08
0.08
0.08
1.39
1.39
1.39
1.39
0.91
0.91
0.91
0.91
0.13
0.13
0.13
0.13
0.05
0.05
0.05
0.05
0.06
0.06
0.06
0.06
0.07
0.07
0.07
0.07
0.04
0.04
0.04
0.04
0.03
0.03
0.03
0.03
0.02
0.02
0.02
0.02
0.03
0.03
0.03
0.03
0.02
0.02
0.02
0.02
0.03
0.03
0.03
0.03
0.15
0.15
0.15
0.15
0.22
0.22
0.22
0.22
0.04
0.04
0.04
0.04
0.02
0.02
0.02
0.02
0.02
0.02
0.02
0.02
0.01
0.01
0.01
0.01
0.03
0.03
0.03
0.03
0.01
0.01
0.01
0.01
0.02
0.02
0.02
0.02
0.02
0.02
0.02
0.02
0.03
0.03
0.03
0.03
0.14
0.14
0.14
0.14
0.05
0.05
0.05
0.05
0.05
0.05
0.05
0.05
0.07
0.07
0.07
0.07
0.06
0.06
0.06
0.06
0.07
0.07
0.07
0.07
0.02
0.02
0.02
0.02
0.03
0.03
0.03
0.03
0.02
0.02
0.02
0.02
0.03
0.03
0.03
0.03
0.02
0.02
0.02
0.02
0.03
0.03
0.03
0.03
0.03
0.03
0.03
0.03
0.38
0.38
0.38
0.38
0.13
0.13
0.13
0.13
0.02
0.02
0.02
0.02
0.01
0.01
0.01
0.01
0.03
0.03
0.03
0.03
0.01
0.01
0.01
0.01
0.01
0.01
0.01
0.01
