0.07
0.07
0.07
0.07
0.05
0.05
0.05
0.05
0.02
0.02
0.02
0.02
0.02
0.02
0.02
0.02
0.03
0.03
0.03
0.03
0.03
0.03
0.03
0.03
0.02
0.02
0.02
0.02
0.03
0.03
0.03
0.03
0.02
0.02
0.02
0.02
0.02
0.02
0.02
0.02
0.13
0.13
0.13
0.13
0.04
0.04
0.04
0.04
0.04
0.04
0.04
0.04
0.07
0.07
0.07
0.07
0.1
0.1
0.1
0.1
0.35
0.35
0.35
0.35
0.02
0.02
0.02
0.02
0.01
0.01
0.01
0.01
0.02
0.02
0.02
0.02
0.1
0.1
0.1
0.1
0.04
0.04
0.04
0.04
0.02
0.02
0.02
0.02
0.1
0.1
0.1
0.1
0.08
0.08
0.08
0.08
0.07
0.07
0.07
0.07
0.05
0.05
0.05
0.05
0.05
0.05
0.05
0.05
0.05
0.05
0.05
0.05
0.05
0.05
0.05
0.05
0.03
0.03
0.03
0.03
0.02
0.02
0.02
0.02
0.02
0.02
0.02
0.02
0.03
0.03
0.03
0.03
0.05
0.05
0.05
0.05
0.07
0.07
0.07
0.07
0.16
0.16
0.16
0.16
0.03
0.03
0.03
0.03
0.02
0.02
0.02
0.02
0.02
0.02
0.02
0.02
0.04
0.04
0.04
0.04
0.02
0.02
0.02
0.02
0.15
0.15
0.15
0.15
0.08
0.08
0.08
0.08
0.01
0.01
0.01
0.01
0.02
0.02
0.02
0.02
0.04
0.04
0.04
0.04
0.15
0.15
0.15
0.15
0.04
0.04
0.04
0.04
0.06
0.06
0.06
0.06
0.03
0.03
0.03
0.03
0.03
0.03
0.03
0.03
0.04
0.04
0.04
0.04
0.04
0.04
0.04
0.04
0.03
0.03
0.03
0.03
0.06
0.06
0.06
0.06
0.15
0.15
0.15
0.15
0.07
0.07
0.07
0.07
0.12
0.12
0.12
0.12
0.06
0.06
0.06
0.06
0.12
0.12
0.12
0.12
0.06
0.06
0.06
0.06
0.04
0.04
0.04
0.04
0.04
0.04
0.04
0.04
0.04
0.04
0.04
0.04
0.04
0.04
0.04
0.04
0.02
0.02
0.02
0.02
0.02
0.02
0.02
0.02
0.14
0.14
0.14
0.14
0.04
0.04
0.04
0.04
0.13
0.13
0.13
0.13
0.16
0.16
0.16
0.16
0.05
0.05
0.05
0.05
0.01
0.01
0.01
0.01
0.01
0.01
0.01
0.01
0.03
0.03
0.03
0.03
0.01
0.01
0.01
0.01
0.01
0.01
0.01
0.01
0.03
0.03
0.03
0.03
0.01
0.01
0.01
0.01
0.02
0.02
0.02
0.02
0.09
0.09
0.09
0.09
0.1
0.1
0.1
0.1
0.13
0.13
0.13
0.13
0.03
0.03
0.03
0.03
0.02
0.02
0.02
0.02
0.03
0.03
0.03
0.03
0.01
0.01
0.01
0.01
0.04
0.04
0.04
0.04
0.07
0.07
0.07
0.07
0.06
0.06
0.06
0.06
0.01
0.01
0.01
0.01
0.02
0.02
0.02
0.02
0.03
0.03
0.03
0.03
0.06
0.06
0.06
0.06
0.19
0.19
0.19
0.19
0.05
0.05
0.05
0.05
0.04
0.04
0.04
0.04
0.03
0.03
0.03
0.03
0.02
0.02
0.02
0.02
0.03
0.03
0.03
0.03
0.02
0.02
0.02
0.02
0.02
0.02
0.02
0.02
0.03
0.03
0.03
0.03
0.02
0.02
0.02
0.02
0.03
0.03
0.03
0.03
0.07
0.07
0.07
0.07
0.06
0.06
0.06
0.06
0.03
0.03
0.03
0.03
0.05
0.05
0.05
0.05
0.03
0.03
0.03
0.03
0.03
0.03
0.03
0.03
0.03
0.03
0.03
0.03
0.03
0.03
0.03
0.03
0.07
0.07
0.07
0.07
0.03
0.03
0.03
0.03
0.02
0.02
0.02
0.02
0.03
0.03
0.03
0.03
0.16
0.16
0.16
0.16
0.4
0.4
0.4
0.4
0.43
0.43
0.43
0.43
0.42
0.42
0.42
0.42
0.38
0.38
0.38
0.38
0.42
0.42
0.42
0.42
0.41
0.41
0.41
0.41
0.41
0.41
0.41
0.41
0.38
0.38
0.38
0.38
0.41
0.41
0.41
0.41
0.42
0.42
0.42
0.42
0.08
0.08
0.08
0.08
0.14
0.14
0.14
0.14
0.14
0.14
0.14
0.14
0.11
0.11
0.11
0.11
0.04
0.04
0.04
0.04
0.03
0.03
0.03
0.03
0.03
0.03
0.03
0.03
0.04
0.04
0.04
0.04
0.11
0.11
0.11
0.11
0.15
0.15
0.15
0.15
0.1
0.1
0.1
0.1
0.08
0.08
0.08
0.08
0.06
0.06
0.06
0.06
0.04
0.04
0.04
0.04
0.16
0.16
0.16
0.16
0.36
0.36
0.36
0.36
0.43
0.43
0.43
0.43
0.44
0.44
0.44
0.44
0.03
0.03
0.03
0.03
0.01
0.01
0.01
0.01
0.02
0.02
0.02
0.02
0.01
0.01
0.01
0.01
0.02
0.02
0.02
0.02
0.01
0.01
0.01
0.01
0.02
0.02
0.02
0.02
0.02
0.02
0.02
0.02
0.02
0.02
0.02
0.02
0.04
0.04
0.04
0.04
0.08
0.08
0.08
0.08
0.03
0.03
0.03
0.03
0.17
0.17
0.17
0.17
0.3
0.3
0.3
0.3
0.48
0.48
0.48
0.48
0.34
0.34
0.34
0.34
0.03
0.03
0.03
0.03
0.05
0.05
0.05
0.05
0.11
0.11
0.11
0.11
0.3
0.3
0.3
0.3
0.48
0.48
0.48
0.48
0.17
0.17
0.17
0.17
0.32
0.32
0.32
0.32
0.18
0.18
0.18
0.18
0.02
0.02
0.02
0.02
0.03
0.03
0.03
0.03
0.02
0.02
0.02
0.02
0.03
0.03
0.03
0.03
0.02
0.02
0.02
0.02
0.03
0.03
0.03
0.03
0.03
0.03
0.03
0.03
0.01
0.01
0.01
0.01
0.1
0.1
0.1
0.1
0.06
0.06
0.06
0.06
0.15
0.15
0.15
0.15
0.52
0.52
0.52
0.52
0.3
0.3
0.3
0.3
0.22
0.22
0.22
0.22
0.03
0.03
0.03
0.03
0.04
0.04
0.04
0.04
0.21
0.21
0.21
0.21
0.04
0.04
0.04
0.04
0.04
0.04
0.04
0.04
0.49
0.49
0.49
0.49
0.45
0.45
0.45
0.45
0.31
0.31
0.31
0.31
0.47
0.47
0.47
0.47
0.23
0.23
0.23
0.23
0.03
0.03
0.03
0.03
0.02
0.02
0.02
0.02
0.03
0.03
0.03
0.03
0.02
0.02
0.02
0.02
0.02
0.02
0.02
0.02
0.03
0.03
0.03
0.03
0.02
0.02
0.02
0.02
0.16
0.16
0.16
0.16
0.07
0.07
0.07
0.07
0.03
0.03
0.03
0.03
0.03
0.03
0.03
0.03
0.03
0.03
0.03
0.03
0.03
0.03
0.03
0.03
0.09
0.09
0.09
0.09
0.24
0.24
0.24
0.24
0.04
0.04
0.04
0.04
0.12
0.12
0.12
0.12
0.45
0.45
0.45
0.45
0.18
0.18
0.18
0.18
0.15
0.15
0.15
0.15
0.41
0.41
0.41
0.41
0.5
0.5
0.5
0.5
0.26
0.26
0.26
0.26
0.03
0.03
0.03
0.03
0.01
0.01
0.01
0.01
0.02
0.02
0.02
0.02
0.01
0.01
0.01
0.01
0.02
0.02
0.02
0.02
0.01
0.01
0.01
0.01
0.07
0.07
0.07
0.07
0.11
0.11
0.11
0.11
0.04
0.04
0.04
0.04
0.01
0.01
0.01
0.01
0.03
0.03
0.03
0.03
0.02
0.02
0.02
0.02
0.02
0.02
0.02
0.02
0.03
0.03
0.03
0.03
0.02
0.02
0.02
0.02
0.04
0.04
0.04
0.04
0.06
0.06
0.06
0.06
0.05
0.05
0.05
0.05
0.02
0.02
0.02
0.02
0.28
0.28
0.28
0.28
0.16
0.16
0.16
0.16
0.19
0.19
0.19
0.19
0.38
0.38
0.38
0.38
0.05
0.05
0.05
0.05
0.02
0.02
0.02
0.02
0.03
0.03
0.03
0.03
0.02
0.02
0.02
0.02
0.03
0.03
0.03
0.03
0.02
0.02
0.02
0.02
0.02
0.02
0.02
0.02
0.1
0.1
0.1
0.1
0.09
0.09
0.09
0.09
0.05
0.05
0.05
0.05
0.07
0.07
0.07
0.07
0.02
0.02
0.02
0.02
0.02
0.02
0.02
0.02
0.05
0.05
0.05
0.05
0.03
0.03
0.03
0.03
0.09
0.09
0.09
0.09
0.19
0.19
0.19
0.19
0.04
0.04
0.04
0.04
0.38
0.38
0.38
0.38
0.47
0.47
0.47
0.47
0.14
0.14
0.14
0.14
0.16
0.16
0.16
0.16
0.29
0.29
0.29
0.29
0.07
0.07
0.07
0.07
0.04
0.04
0.04
0.04
0.04
0.04
0.04
0.04
0.03
0.03
0.03
0.03
0.04
0.04
0.04
0.04
0.03
0.03
0.03
0.03
0.04
0.04
0.04
0.04
0.03
0.03
0.03
0.03
0.07
0.07
0.07
0.07
0.4
0.4
0.4
0.4
0.04
0.04
0.04
0.04
0.01
0.01
0.01
0.01
0.04
0.04
0.04
0.04
0.02
0.02
0.02
0.02
0.01
0.01
0.01
0.01
0.03
0.03
0.03
0.03
0.51
0.51
0.51
0.51
0.23
0.23
0.23
0.23
0.05
0.05
0.05
0.05
0.3
0.3
0.3
0.3
0.47
0.47
0.47
0.47
0.3
0.3
0.3
0.3
0.05
0.05
0.05
0.05
0.2
0.2
0.2
0.2
0.07
0.07
0.07
0.07
0.02
0.02
0.02
0.02
0.03
0.03
0.03
0.03
0.03
0.03
0.03
0.03
0.03
0.03
0.03
0.03
0.06
0.06
0.06
0.06
