0.26
0.26
0.26
0.26
0.05
0.05
0.05
0.05
0.05
0.05
0.05
0.05
0.03
0.03
0.03
0.03
0.02
0.02
0.02
0.02
0.03
0.03
0.03
0.03
0.04
0.04
0.04
0.04
0.35
0.35
0.35
0.35
0.08
0.08
0.08
0.08
0.04
0.04
0.04
0.04
0.03
0.03
0.03
0.03
0.03
0.03
0.03
0.03
0.16
0.16
0.16
0.16
0.21
0.21
0.21
0.21
0.4
0.4
0.4
0.4
0.4
0.4
0.4
0.4
0.16
0.16
0.16
0.16
0.01
0.01
0.01
0.01
0.01
0.01
0.01
0.01
0.02
0.02
0.02
0.02
0.01
0.01
0.01
0.01
0.01
0.01
0.01
0.01
0.02
0.02
0.02
0.02
0.02
0.02
0.02
0.02
0.02
0.02
0.02
0.02
0.34
0.34
0.34
0.34
0.05
0.05
0.05
0.05
0.03
0.03
0.03
0.03
0.05
0.05
0.05
0.05
0.03
0.03
0.03
0.03
0.02
0.02
0.02
0.02
0.03
0.03
0.03
0.03
0.03
0.03
0.03
0.03
0.02
0.02
0.02
0.02
0.06
0.06
0.06
0.06
0.09
0.09
0.09
0.09
0.06
0.06
0.06
0.06
0.08
0.08
0.08
0.08
0.06
0.06
0.06
0.06
0.04
0.04
0.04
0.04
0.03
0.03
0.03
0.03
0.03
0.03
0.03
0.03
0.04
0.04
0.04
0.04
0.03
0.03
0.03
0.03
0.04
0.04
0.04
0.04
0.03
0.03
0.03
0.03
0.03
0.03
0.03
0.03
0.04
0.04
0.04
0.04
0.02
0.02
0.02
0.02
0.03
0.03
0.03
0.03
0.25
0.25
0.25
0.25
0.03
0.03
0.03
0.03
0.06
0.06
0.06
0.06
0.25
0.25
0.25
0.25
0.06
0.06
0.06
0.06
0.02
0.02
0.02
0.02
0.06
0.06
0.06
0.06
0.09
0.09
0.09
0.09
0.06
0.06
0.06
0.06
0.04
0.04
0.04
0.04
0.18
0.18
0.18
0.18
0.58
0.58
0.58
0.58
0.1
0.1
0.1
0.1
0.02
0.02
0.02
0.02
0.02
0.02
0.02
0.02
0.02
0.02
0.02
0.02
0.02
0.02
0.02
0.02
0.03
0.03
0.03
0.03
0.02
0.02
0.02
0.02
0.05
0.05
0.05
0.05
0.02
0.02
0.02
0.02
0.1
0.1
0.1
0.1
0.35
0.35
0.35
0.35
0.22
0.22
0.22
0.22
0.02
0.02
0.02
0.02
0.03
0.03
0.03
0.03
0.02
0.02
0.02
0.02
0.04
0.04
0.04
0.04
0.15
0.15
0.15
0.15
0.03
0.03
0.03
0.03
0.03
0.03
0.03
0.03
0.02
0.02
0.02
0.02
0.01
0.01
0.01
0.01
0.31
0.31
0.31
0.31
0.23
0.23
0.23
0.23
0.09
0.09
0.09
0.09
0.06
0.06
0.06
0.06
0.06
0.06
0.06
0.06
0.05
0.05
0.05
0.05
0.04
0.04
0.04
0.04
0.03
0.03
0.03
0.03
0.04
0.04
0.04
0.04
0.03
0.03
0.03
0.03
0.04
0.04
0.04
0.04
0.03
0.03
0.03
0.03
0.45
0.45
0.45
0.45
0.06
0.06
0.06
0.06
0.04
0.04
0.04
0.04
0.04
0.04
0.04
0.04
0.03
0.03
0.03
0.03
0.05
0.05
0.05
0.05
0.02
0.02
0.02
0.02
0.03
0.03
0.03
0.03
0.02
0.02
0.02
0.02
0.01
0.01
0.01
0.01
0.06
0.06
0.06
0.06
0.11
0.11
0.11
0.11
0.03
0.03
0.03
0.03
0.17
0.17
0.17
0.17
0.17
0.17
0.17
0.17
0.29
0.29
0.29
0.29
0.04
0.04
0.04
0.04
0.06
0.06
0.06
0.06
0.04
0.04
0.04
0.04
0.04
0.04
0.04
0.04
0.03
0.03
0.03
0.03
0.04
0.04
0.04
0.04
0.03
0.03
0.03
0.03
0.05
0.05
0.05
0.05
0.04
0.04
0.04
0.04
0.07
0.07
0.07
0.07
0.27
0.27
0.27
0.27
0.04
0.04
0.04
0.04
0.03
0.03
0.03
0.03
0.05
0.05
0.05
0.05
0.04
0.04
0.04
0.04
0.16
0.16
0.16
0.16
0.02
0.02
0.02
0.02
0.04
0.04
0.04
0.04
0.05
0.05
0.05
0.05
0.02
0.02
0.02
0.02
0.36
0.36
0.36
0.36
0.09
0.09
0.09
0.09
0.06
0.06
0.06
0.06
0.21
0.21
0.21
0.21
0.03
0.03
0.03
0.03
0.22
0.22
0.22
0.22
0.15
0.15
0.15
0.15
0.1
0.1
0.1
0.1
0.05
0.05
0.05
0.05
0.07
0.07
0.07
0.07
0.06
0.06
0.06
0.06
0.06
0.06
0.06
0.06
0.23
0.23
0.23
0.23
0.1
0.1
0.1
0.1
0.03
0.03
0.03
0.03
0.03
0.03
0.03
0.03
0.06
0.06
0.06
0.06
0.03
0.03
0.03
0.03
0.02
0.02
0.02
0.02
0.03
0.03
0.03
0.03
0.11
0.11
0.11
0.11
0.04
0.04
0.04
0.04
0.02
0.02
0.02
0.02
0.01
0.01
0.01
0.01
0.12
0.12
0.12
0.12
0.21
0.21
0.21
0.21
0.26
0.26
0.26
0.26
0.05
0.05
0.05
0.05
0.05
0.05
0.05
0.05
0.06
0.06
0.06
0.06
0.06
0.06
0.06
0.06
0.03
0.03
0.03
0.03
0.05
0.05
0.05
0.05
0.03
0.03
0.03
0.03
0.03
0.03
0.03
0.03
0.05
0.05
0.05
0.05
0.04
0.04
0.04
0.04
0.29
0.29
0.29
0.29
0.04
0.04
0.04
0.04
0.03
0.03
0.03
0.03
0.04
0.04
0.04
0.04
0.03
0.03
0.03
0.03
0.04
0.04
0.04
0.04
0.06
0.06
0.06
0.06
0.24
0.24
0.24
0.24
0.25
0.25
0.25
0.25
0.03
0.03
0.03
0.03
0.03
0.03
0.03
0.03
0.04
0.04
0.04
0.04
0.03
0.03
0.03
0.03
0.05
0.05
0.05
0.05
0.07
0.07
0.07
0.07
0.06
0.06
0.06
0.06
0.06
0.06
0.06
0.06
0.07
0.07
0.07
0.07
0.06
0.06
0.06
0.06
0.03
0.03
0.03
0.03
0.02
0.02
0.02
0.02
0.03
0.03
0.03
0.03
0.02
0.02
0.02
0.02
0.02
0.02
0.02
0.02
0.03
0.03
0.03
0.03
0.04
0.04
0.04
0.04
0.38
0.38
0.38
0.38
0.22
0.22
0.22
0.22
0.01
0.01
0.01
0.01
0.02
0.02
0.02
0.02
0.02
0.02
0.02
0.02
0.03
0.03
0.03
0.03
0.02
0.02
0.02
0.02
0.08
0.08
0.08
0.08
0.05
0.05
0.05
0.05
0.13
0.13
0.13
0.13
0.11
0.11
0.11
0.11
0.07
0.07
0.07
0.07
0.09
0.09
0.09
0.09
0.05
0.05
0.05
0.05
0.03
0.03
0.03
0.03
0.03
0.03
0.03
0.03
0.04
0.04
0.04
0.04
0.03
0.03
0.03
0.03
0.03
0.03
0.03
0.03
0.04
0.04
0.04
0.04
0.03
0.03
0.03
0.03
0.03
0.03
0.03
0.03
0.04
0.04
0.04
0.04
0.13
0.13
0.13
0.13
0.14
0.14
0.14
0.14
0.2
0.2
0.2
0.2
0.1
0.1
0.1
0.1
0.06
0.06
0.06
0.06
0.03
0.03
0.03
0.03
0.03
0.03
0.03
0.03
0.05
0.05
0.05
0.05
0.1
0.1
0.1
0.1
0.03
0.03
0.03
0.03
0.03
0.03
0.03
0.03
0.06
0.06
0.06
0.06
0.15
0.15
0.15
0.15
0.13
0.13
0.13
0.13
0.04
0.04
0.04
0.04
0.03
0.03
0.03
0.03
0.02
0.02
0.02
0.02
0.02
0.02
0.02
0.02
0.02
0.02
0.02
0.02
0.01
0.01
0.01
0.01
0.06
0.06
0.06
0.06
0.04
0.04
0.04
0.04
0.13
0.13
0.13
0.13
0.26
0.26
0.26
0.26
0.05
0.05
0.05
0.05
0.05
0.05
0.05
0.05
0.03
0.03
0.03
0.03
0.04
0.04
0.04
0.04
0.05
0.05
0.05
0.05
0.02
0.02
0.02
0.02
0.25
0.25
0.25
0.25
0.17
0.17
0.17
0.17
0.01
0.01
0.01
0.01
0.01
0.01
0.01
0.01
0.04
0.04
0.04
0.04
0.05
0.05
0.05
0.05
0.07
0.07
0.07
0.07
0.05
0.05
0.05
0.05
0.05
0.05
0.05
0.05
0.04
0.04
0.04
0.04
0.05
0.05
0.05
0.05
0.04
0.04
0.04
0.04
0.03
0.03
0.03
0.03
0.03
0.03
0.03
0.03
0.17
0.17
0.17
0.17
0.05
0.05
0.05
0.05
0.09
0.09
0.09
0.09
0.07
0.07
0.07
0.07
0.06
0.06
0.06
0.06
0.04
0.04
0.04
0.04
0.03
0.03
0.03
0.03
0.02
0.02
0.02
0.02
0.02
0.02
0.02
0.02
0.03
0.03
0.03
0.03
0.02
0.02
0.02
0.02
0.02
0.02
0.02
0.02
0.04
0.04
0.04
0.04
0.08
0.08
0.08
0.08
0.05
0.05
0.05
0.05
0.13
0.13
0.13
0.13
0.09
0.09
0.09
0.09
0.07
0.07
0.07
0.07
0.04
0.04
0.04
0.04
0.04
0.04
0.04
0.04
0.03
0.03
0.03
0.03
0.02
0.02
0.02
0.02
0.03
0.03
0.03
0.03
0.02
0.02
0.02
0.02
0.02
0.02
0.02
0.02
0.03
0.03
0.03
0.03
0.21
0.21
0.21
0.21
0.11
0.11
0.11
0.11
0.1
0.1
0.1
0.1
0.03
0.03
0.03
0.03
0.05
0.05
0.05
0.05
0.25
0.25
0.25
0.25
