0.12
0.12
0.12
0.12
0.25
0.25
0.25
0.25
0.5
0.5
0.5
0.5
0.22
0.22
0.22
0.22
0.12
0.12
0.12
0.12
0.08
0.08
0.08
0.08
0.05
0.05
0.05
0.05
0.19
0.19
0.19
0.19
0.17
0.17
0.17
0.17
0.23
0.23
0.23
0.23
0.2
0.2
0.2
0.2
0.1
0.1
0.1
0.1
0.42
0.42
0.42
0.42
0.36
0.36
0.36
0.36
0.12
0.12
0.12
0.12
0.07
0.07
0.07
0.07
0.04
0.04
0.04
0.04
0.02
0.02
0.02
0.02
0.04
0.04
0.04
0.04
0.04
0.04
0.04
0.04
0.02
0.02
0.02
0.02
0.16
0.16
0.16
0.16
0.1
0.1
0.1
0.1
0.06
0.06
0.06
0.06
0.02
0.02
0.02
0.02
0.02
0.02
0.02
0.02
0.04
0.04
0.04
0.04
0.02
0.02
0.02
0.02
0.01
0.01
0.01
0.01
0.02
0.02
0.02
0.02
0.35
0.35
0.35
0.35
0.25
0.25
0.25
0.25
0.19
0.19
0.19
0.19
0.32
0.32
0.32
0.32
0.27
0.27
0.27
0.27
0.24
0.24
0.24
0.24
0.12
0.12
0.12
0.12
0.09
0.09
0.09
0.09
0.06
0.06
0.06
0.06
0.03
0.03
0.03
0.03
0.04
0.04
0.04
0.04
0.05
0.05
0.05
0.05
0.03
0.03
0.03
0.03
0.03
0.03
0.03
0.03
0.05
0.05
0.05
0.05
0.25
0.25
0.25
0.25
0.11
0.11
0.11
0.11
0.07
0.07
0.07
0.07
0.03
0.03
0.03
0.03
0.03
0.03
0.03
0.03
0.03
0.03
0.03
0.03
0.05
0.05
0.05
0.05
0.03
0.03
0.03
0.03
0.03
0.03
0.03
0.03
0.04
0.04
0.04
0.04
0.05
0.05
0.05
0.05
0.13
0.13
0.13
0.13
0.28
0.28
0.28
0.28
0.09
0.09
0.09
0.09
0.12
0.12
0.12
0.12
0.1
0.1
0.1
0.1
0.08
0.08
0.08
0.08
0.07
0.07
0.07
0.07
0.05
0.05
0.05
0.05
0.05
0.05
0.05
0.05
0.07
0.07
0.07
0.07
0.06
0.06
0.06
0.06
0.05
0.05
0.05
0.05
0.18
0.18
0.18
0.18
0.11
0.11
0.11
0.11
0.11
0.11
0.11
0.11
0.03
0.03
0.03
0.03
0.02
0.02
0.02
0.02
0.02
0.02
0.02
0.02
0.04
0.04
0.04
0.04
0.02
0.02
0.02
0.02
0.02
0.02
0.02
0.02
0.03
0.03
0.03
0.03
0.02
0.02
0.02
0.02
0.15
0.15
0.15
0.15
0.08
0.08
0.08
0.08
0.06
0.06
0.06
0.06
0.17
0.17
0.17
0.17
0.13
0.13
0.13
0.13
0.09
0.09
0.09
0.09
0.09
0.09
0.09
0.09
0.09
0.09
0.09
0.09
0.09
0.09
0.09
0.09
0.08
0.08
0.08
0.08
0.04
0.04
0.04
0.04
0.04
0.04
0.04
0.04
0.05
0.05
0.05
0.05
0.18
0.18
0.18
0.18
0.09
0.09
0.09
0.09
0.06
0.06
0.06
0.06
0.04
0.04
0.04
0.04
0.05
0.05
0.05
0.05
0.04
0.04
0.04
0.04
0.03
0.03
0.03
0.03
0.03
0.03
0.03
0.03
0.05
0.05
0.05
0.05
0.03
0.03
0.03
0.03
0.03
0.03
0.03
0.03
0.06
0.06
0.06
0.06
0.13
0.13
0.13
0.13
0.06
0.06
0.06
0.06
0.09
0.09
0.09
0.09
0.14
0.14
0.14
0.14
0.09
0.09
0.09
0.09
0.07
0.07
0.07
0.07
0.07
0.07
0.07
0.07
0.05
0.05
0.05
0.05
0.07
0.07
0.07
0.07
0.02
0.02
0.02
0.02
0.02
0.02
0.02
0.02
0.06
0.06
0.06
0.06
0.07
0.07
0.07
0.07
0.09
0.09
0.09
0.09
0.09
0.09
0.09
0.09
0.18
0.18
0.18
0.18
0.04
0.04
0.04
0.04
0.04
0.04
0.04
0.04
0.06
0.06
0.06
0.06
0.05
0.05
0.05
0.05
0.07
0.07
0.07
0.07
0.05
0.05
0.05
0.05
0.05
0.05
0.05
0.05
0.03
0.03
0.03
0.03
0.06
0.06
0.06
0.06
0.05
0.05
0.05
0.05
0.24
0.24
0.24
0.24
0.09
0.09
0.09
0.09
0.38
0.38
0.38
0.38
0.42
0.42
0.42
0.42
0.44
0.44
0.44
0.44
0.39
0.39
0.39
0.39
0.42
0.42
0.42
0.42
0.39
0.39
0.39
0.39
0.36
0.36
0.36
0.36
0.3
0.3
0.3
0.3
0.26
0.26
0.26
0.26
0.12
0.12
0.12
0.12
0.06
0.06
0.06
0.06
0.27
0.27
0.27
0.27
0.11
0.11
0.11
0.11
0.04
0.04
0.04
0.04
0.16
0.16
0.16
0.16
0.15
0.15
0.15
0.15
0.16
0.16
0.16
0.16
0.33
0.33
0.33
0.33
0.04
0.04
0.04
0.04
0.04
0.04
0.04
0.04
0.05
0.05
0.05
0.05
0.23
0.23
0.23
0.23
0.38
0.38
0.38
0.38
0.07
0.07
0.07
0.07
0.17
0.17
0.17
0.17
0.16
0.16
0.16
0.16
0.11
0.11
0.11
0.11
0.07
0.07
0.07
0.07
0.06
0.06
0.06
0.06
0.06
0.06
0.06
0.06
0.02
0.02
0.02
0.02
0.03
0.03
0.03
0.03
0.03
0.03
0.03
0.03
0.02
0.02
0.02
0.02
0.03
0.03
0.03
0.03
0.02
0.02
0.02
0.02
0.25
0.25
0.25
0.25
0.25
0.25
0.25
0.25
0.16
0.16
0.16
0.16
0.1
0.1
0.1
0.1
0.14
0.14
0.14
0.14
0.07
0.07
0.07
0.07
0.07
0.07
0.07
0.07
0.06
0.06
0.06
0.06
0.54
0.54
0.54
0.54
0.32
0.32
0.32
0.32
0.1
0.1
0.1
0.1
0.33
0.33
0.33
0.33
0.15
0.15
0.15
0.15
0.32
0.32
0.32
0.32
0.13
0.13
0.13
0.13
0.06
0.06
0.06
0.06
0.33
0.33
0.33
0.33
0.39
0.39
0.39
0.39
0.42
0.42
0.42
0.42
0.43
0.43
0.43
0.43
0.32
0.32
0.32
0.32
0.32
0.32
0.32
0.32
0.11
0.11
0.11
0.11
0.06
0.06
0.06
0.06
0.03
0.03
0.03
0.03
0.03
0.03
0.03
0.03
0.03
0.03
0.03
0.03
0.02
0.02
0.02
0.02
0.03
0.03
0.03
0.03
0.02
0.02
0.02
0.02
0.03
0.03
0.03
0.03
0.02
0.02
0.02
0.02
0.03
0.03
0.03
0.03
0.03
0.03
0.03
0.03
0.03
0.03
0.03
0.03
0.24
0.24
0.24
0.24
0.06
0.06
0.06
0.06
0.03
0.03
0.03
0.03
0.02
0.02
0.02
0.02
0.03
0.03
0.03
0.03
0.03
0.03
0.03
0.03
0.01
0.01
0.01
0.01
0.06
0.06
0.06
0.06
0.02
0.02
0.02
0.02
0.13
0.13
0.13
0.13
0.32
0.32
0.32
0.32
0.08
0.08
0.08
0.08
0.05
0.05
0.05
0.05
0.05
0.05
0.05
0.05
0.02
0.02
0.02
0.02
0.02
0.02
0.02
0.02
0.02
0.02
0.02
0.02
0.02
0.02
0.02
0.02
0.03
0.03
0.03
0.03
0.01
0.01
0.01
0.01
0.03
0.03
0.03
0.03
0.05
0.05
0.05
0.05
0.28
0.28
0.28
0.28
0.12
0.12
0.12
0.12
0.17
0.17
0.17
0.17
0.08
0.08
0.08
0.08
0.09
0.09
0.09
0.09
0.04
0.04
0.04
0.04
0.05
0.05
0.05
0.05
0.04
0.04
0.04
0.04
0.05
0.05
0.05
0.05
0.05
0.05
0.05
0.05
0.03
0.03
0.03
0.03
0.04
0.04
0.04
0.04
0.03
0.03
0.03
0.03
0.12
0.12
0.12
0.12
0.26
0.26
0.26
0.26
0.13
0.13
0.13
0.13
0.1
0.1
0.1
0.1
0.11
0.11
0.11
0.11
0.17
0.17
0.17
0.17
0.1
0.1
0.1
0.1
0.05
0.05
0.05
0.05
0.04
0.04
0.04
0.04
0.06
0.06
0.06
0.06
0.05
0.05
0.05
0.05
0.23
0.23
0.23
0.23
0.1
0.1
0.1
0.1
0.11
0.11
0.11
0.11
0.11
0.11
0.11
0.11
0.09
0.09
0.09
0.09
0.09
0.09
0.09
0.09
0.02
0.02
0.02
0.02
0.02
0.02
0.02
0.02
0.03
0.03
0.03
0.03
0.03
0.03
0.03
0.03
0.03
0.03
0.03
0.03
0.12
0.12
0.12
0.12
0.25
0.25
0.25
0.25
0.07
0.07
0.07
0.07
0.06
0.06
0.06
0.06
0.04
0.04
0.04
0.04
0.03
0.03
0.03
0.03
0.02
0.02
0.02
0.02
0.02
0.02
0.02
0.02
0.02
0.02
0.02
0.02
0.02
0.02
0.02
0.02
0.02
0.02
0.02
0.02
0.02
0.02
0.02
0.02
0.08
0.08
0.08
0.08
0.08
0.08
0.08
0.08
0.25
0.25
0.25
0.25
0.15
0.15
0.15
0.15
0.09
0.09
0.09
0.09
0.07
0.07
0.07
0.07
0.06
0.06
0.06
0.06
0.06
0.06
0.06
0.06
0.06
0.06
0.06
0.06
0.07
0.07
0.07
0.07
0.07
0.07
0.07
0.07
0.06
0.06
0.06
0.06
0.29
0.29
0.29
0.29
0.11
0.11
0.11
0.11
0.17
0.17
0.17
0.17
0.11
0.11
0.11
0.11
0.1
0.1
0.1
0.1
0.1
0.1
0.1
0.1
0.08
0.08
0.08
0.08
0.14
0.14
0.14
0.14
0.09
0.09
0.09
0.09
