0.33
0.33
0.33
0.33
0.34
0.34
0.34
0.34
0.72
0.72
0.72
0.72
0.08
0.08
0.08
0.08
0.03
0.03
0.03
0.03
0.02
0.02
0.02
0.02
0.04
0.04
0.04
0.04
0.2
0.2
0.2
0.2
0.07
0.07
0.07
0.07
0.03
0.03
0.03
0.03
0.07
0.07
0.07
0.07
0.43
0.43
0.43
0.43
0.08
0.08
0.08
0.08
0.08
0.08
0.08
0.08
0.08
0.08
0.08
0.08
0.14
0.14
0.14
0.14
0.24
0.24
0.24
0.24
0.62
0.62
0.62
0.62
0.38
0.38
0.38
0.38
0.09
0.09
0.09
0.09
0.04
0.04
0.04
0.04
0.02
0.02
0.02
0.02
0.03
0.03
0.03
0.03
0.02
0.02
0.02
0.02
0.03
0.03
0.03
0.03
0.03
0.03
0.03
0.03
0.3
0.3
0.3
0.3
0.29
0.29
0.29
0.29
0.15
0.15
0.15
0.15
0.04
0.04
0.04
0.04
0.06
0.06
0.06
0.06
0.03
0.03
0.03
0.03
1.08
1.08
1.08
1.08
0.27
0.27
0.27
0.27
0.24
0.24
0.24
0.24
0.06
0.06
0.06
0.06
0.07
0.07
0.07
0.07
0.07
0.07
0.07
0.07
0.07
0.07
0.07
0.07
0.14
0.14
0.14
0.14
0.08
0.08
0.08
0.08
0.33
0.33
0.33
0.33
0.37
0.37
0.37
0.37
0.12
0.12
0.12
0.12
0.03
0.03
0.03
0.03
0.02
0.02
0.02
0.02
0.03
0.03
0.03
0.03
0.02
0.02
0.02
0.02
0.03
0.03
0.03
0.03
0.02
0.02
0.02
0.02
0.09
0.09
0.09
0.09
0.24
0.24
0.24
0.24
0.02
0.02
0.02
0.02
0.01
0.01
0.01
0.01
0.02
0.02
0.02
0.02
0.01
0.01
0.01
0.01
0.02
0.02
0.02
0.02
0.01
0.01
0.01
0.01
0.02
0.02
0.02
0.02
0.01
0.01
0.01
0.01
0.34
0.34
0.34
0.34
0.1
0.1
0.1
0.1
0.14
0.14
0.14
0.14
0.16
0.16
0.16
0.16
0.35
0.35
0.35
0.35
1.93
1.93
1.93
1.93
0.12
0.12
0.12
0.12
0.03
0.03
0.03
0.03
0.02
0.02
0.02
0.02
0.03
0.03
0.03
0.03
0.02
0.02
0.02
0.02
0.03
0.03
0.03
0.03
0.02
0.02
0.02
0.02
1.11
1.11
1.11
1.11
0.8
0.8
0.8
0.8
0.14
0.14
0.14
0.14
0.02
0.02
0.02
0.02
0.01
0.01
0.01
0.01
0.02
0.02
0.02
0.02
0.01
0.01
0.01
0.01
0.02
0.02
0.02
0.02
0.01
0.01
0.01
0.01
0.02
0.02
0.02
0.02
0.02
0.02
0.02
0.02
0.05
0.05
0.05
0.05
0.93
0.93
0.93
0.93
1.79
1.79
1.79
1.79
0.16
0.16
0.16
0.16
0.1
0.1
0.1
0.1
0.74
0.74
0.74
0.74
0.5
0.5
0.5
0.5
0.02
0.02
0.02
0.02
0.02
0.02
0.02
0.02
0.02
0.02
0.02
0.02
0.02
0.02
0.02
0.02
0.02
0.02
0.02
0.02
0.02
0.02
0.02
0.02
0.02
0.02
0.02
0.02
0.02
0.02
0.02
0.02
1.42
1.42
1.42
1.42
1.85
1.85
1.85
1.85
1.48
1.48
1.48
1.48
0.17
0.17
0.17
0.17
0.06
0.06
0.06
0.06
0.03
0.03
0.03
0.03
0.04
0.04
0.04
0.04
0.23
0.23
0.23
0.23
0.45
0.45
0.45
0.45
0.09
0.09
0.09
0.09
0.17
0.17
0.17
0.17
0.07
0.07
0.07
0.07
0.07
0.07
0.07
0.07
0.13
0.13
0.13
0.13
0.13
0.13
0.13
0.13
0.07
0.07
0.07
0.07
0.09
0.09
0.09
0.09
0.04
0.04
0.04
0.04
0.04
0.04
0.04
0.04
0.04
0.04
0.04
0.04
0.04
0.04
0.04
0.04
0.04
0.04
0.04
0.04
0.04
0.04
0.04
0.04
0.04
0.04
0.04
0.04
0.43
0.43
0.43
0.43
0.72
0.72
0.72
0.72
0.22
0.22
0.22
0.22
0.33
0.33
0.33
0.33
0.49
0.49
0.49
0.49
0.07
0.07
0.07
0.07
0.07
0.07
0.07
0.07
0.04
0.04
0.04
0.04
0.31
0.31
0.31
0.31
0.38
0.38
0.38
0.38
0.42
0.42
0.42
0.42
0.19
0.19
0.19
0.19
0.12
0.12
0.12
0.12
0.09
0.09
0.09
0.09
0.08
0.08
0.08
0.08
0.11
0.11
0.11
0.11
0.08
0.08
0.08
0.08
0.09
0.09
0.09
0.09
0.03
0.03
0.03
0.03
0.03
0.03
0.03
0.03
0.03
0.03
0.03
0.03
0.03
0.03
0.03
0.03
0.32
0.32
0.32
0.32
0.05
0.05
0.05
0.05
0.14
0.14
0.14
0.14
0.24
0.24
0.24
0.24
0.1
0.1
0.1
0.1
0.05
0.05
0.05
0.05
0.03
0.03
0.03
0.03
0.05
0.05
0.05
0.05
0.04
0.04
0.04
0.04
0.02
0.02
0.02
0.02
0.02
0.02
0.02
0.02
0.02
0.02
0.02
0.02
0.07
0.07
0.07
0.07
0.17
0.17
0.17
0.17
0.76
0.76
0.76
0.76
0.22
0.22
0.22
0.22
0.09
0.09
0.09
0.09
0.06
0.06
0.06
0.06
0.05
0.05
0.05
0.05
0.03
0.03
0.03
0.03
0.02
0.02
0.02
0.02
0.03
0.03
0.03
0.03
0.03
0.03
0.03
0.03
0.02
0.02
0.02
0.02
0.02
0.02
0.02
0.02
0.5
0.5
0.5
0.5
0.88
0.88
0.88
0.88
0.1
0.1
0.1
0.1
0.02
0.02
0.02
0.02
0.02
0.02
0.02
0.02
0.01
0.01
0.01
0.01
0.02
0.02
0.02
0.02
0.02
0.02
0.02
0.02
0.01
0.01
0.01
0.01
0.07
0.07
0.07
0.07
0.07
0.07
0.07
0.07
0.09
0.09
0.09
0.09
1.16
1.16
1.16
1.16
0.53
0.53
0.53
0.53
0.37
0.37
0.37
0.37
0.4
0.4
0.4
0.4
0.35
0.35
0.35
0.35
0.33
0.33
0.33
0.33
0.34
0.34
0.34
0.34
0.34
0.34
0.34
0.34
0.33
0.33
0.33
0.33
0.34
0.34
0.34
0.34
0.34
0.34
0.34
0.34
0.33
0.33
0.33
0.33
0.42
0.42
0.42
0.42
0.34
0.34
0.34
0.34
0.29
0.29
0.29
0.29
0.03
0.03
0.03
0.03
0.02
0.02
0.02
0.02
0.02
0.02
0.02
0.02
0.03
0.03
0.03
0.03
0.02
0.02
0.02
0.02
0.03
0.03
0.03
0.03
0.04
0.04
0.04
0.04
0.05
0.05
0.05
0.05
0.12
0.12
0.12
0.12
0.26
0.26
0.26
0.26
0.21
0.21
0.21
0.21
0.09
0.09
0.09
0.09
0.1
0.1
0.1
0.1
0.09
0.09
0.09
0.09
0.03
0.03
0.03
0.03
0.04
0.04
0.04
0.04
0.03
0.03
0.03
0.03
0.04
0.04
0.04
0.04
0.03
0.03
0.03
0.03
0.04
0.04
0.04
0.04
0.03
0.03
0.03
0.03
1.07
1.07
1.07
1.07
0.8
0.8
0.8
0.8
0.09
0.09
0.09
0.09
0.03
0.03
0.03
0.03
0.01
0.01
0.01
0.01
0.03
0.03
0.03
0.03
0.01
0.01
0.01
0.01
0.01
0.01
0.01
0.01
0.03
0.03
0.03
0.03
0.03
0.03
0.03
0.03
0.07
0.07
0.07
0.07
1.22
1.22
1.22
1.22
1.75
1.75
1.75
1.75
0.07
0.07
0.07
0.07
0.09
0.09
0.09
0.09
0.07
0.07
0.07
0.07
0.07
0.07
0.07
0.07
0.04
0.04
0.04
0.04
0.03
0.03
0.03
0.03
0.03
0.03
0.03
0.03
0.03
0.03
0.03
0.03
0.02
0.02
0.02
0.02
0.03
0.03
0.03
0.03
1.23
1.23
1.23
1.23
0.33
0.33
0.33
0.33
0.13
0.13
0.13
0.13
0.07
0.07
0.07
0.07
0.03
0.03
0.03
0.03
0.02
0.02
0.02
0.02
0.03
0.03
0.03
0.03
0.02
0.02
0.02
0.02
0.02
0.02
0.02
0.02
0.03
0.03
0.03
0.03
0.08
0.08
0.08
0.08
0.08
0.08
0.08
0.08
0.08
0.08
0.08
0.08
0.07
0.07
0.07
0.07
0.27
0.27
0.27
0.27
0.41
0.41
0.41
0.41
0.41
0.41
0.41
0.41
1.3
1.3
1.3
1.3
0.47
0.47
0.47
0.47
0.37
0.37
0.37
0.37
0.37
0.37
0.37
0.37
0.13
0.13
0.13
0.13
0.04
0.04
0.04
0.04
0.04
0.04
0.04
0.04
0.03
0.03
0.03
0.03
0.06
0.06
0.06
0.06
0.05
0.05
0.05
0.05
0.13
0.13
0.13
0.13
0.17
0.17
0.17
0.17
0.09
0.09
0.09
0.09
1.1
1.1
1.1
1.1
1.02
1.02
1.02
1.02
0.19
0.19
0.19
0.19
0.04
0.04
0.04
0.04
1.01
1.01
1.01
1.01
0.04
0.04
0.04
0.04
0.03
0.03
0.03
0.03
0.06
0.06
0.06
0.06
0.06
0.06
0.06
0.06
1.46
1.46
1.46
1.46
0.09
0.09
0.09
0.09
0.05
0.05
0.05
0.05
0.02
0.02
0.02
0.02
0.02
0.02
0.02
0.02
0.19
0.19
0.19
0.19
0.33
0.33
0.33
0.33
0.32
0.32
0.32
0.32
0.32
0.32
0.32
0.32
0.33
0.33
0.33
0.33
0.32
0.32
0.32
0.32
0.34
0.34
0.34
0.34
0.11
0.11
0.11
0.11
