0.23
0.23
0.23
0.23
1.57
1.57
1.57
1.57
0.13
0.13
0.13
0.13
0.18
0.18
0.18
0.18
0.1
0.1
0.1
0.1
0.06
0.06
0.06
0.06
0.05
0.05
0.05
0.05
0.03
0.03
0.03
0.03
0.03
0.03
0.03
0.03
0.02
0.02
0.02
0.02
0.02
0.02
0.02
0.02
0.02
0.02
0.02
0.02
0.02
0.02
0.02
0.02
0.09
0.09
0.09
0.09
0.09
0.09
0.09
0.09
0.07
0.07
0.07
0.07
0.08
0.08
0.08
0.08
0.03
0.03
0.03
0.03
0.02
0.02
0.02
0.02
0.02
0.02
0.02
0.02
0.02
0.02
0.02
0.02
0.01
0.01
0.01
0.01
0.02
0.02
0.02
0.02
0.02
0.02
0.02
0.02
0.28
0.28
0.28
0.28
0.09
0.09
0.09
0.09
0.16
0.16
0.16
0.16
1.07
1.07
1.07
1.07
0.07
0.07
0.07
0.07
0.29
0.29
0.29
0.29
0.38
0.38
0.38
0.38
0.37
0.37
0.37
0.37
0.37
0.37
0.37
0.37
0.37
0.37
0.37
0.37
0.35
0.35
0.35
0.35
0.06
0.06
0.06
0.06
0.03
0.03
0.03
0.03
0.03
0.03
0.03
0.03
0.04
0.04
0.04
0.04
0.04
0.04
0.04
0.04
0.05
0.05
0.05
0.05
0.05
0.05
0.05
0.05
0.05
0.05
0.05
0.05
0.05
0.05
0.05
0.05
0.05
0.05
0.05
0.05
0.22
0.22
0.22
0.22
0.15
0.15
0.15
0.15
0.1
0.1
0.1
0.1
0.85
0.85
0.85
0.85
0.1
0.1
0.1
0.1
0.09
0.09
0.09
0.09
0.18
0.18
0.18
0.18
0.08
0.08
0.08
0.08
0.05
0.05
0.05
0.05
0.05
0.05
0.05
0.05
0.04
0.04
0.04
0.04
0.02
0.02
0.02
0.02
0.03
0.03
0.03
0.03
0.03
0.03
0.03
0.03
0.03
0.03
0.03
0.03
0.02
0.02
0.02
0.02
0.17
0.17
0.17
0.17
0.14
0.14
0.14
0.14
0.11
0.11
0.11
0.11
0.08
0.08
0.08
0.08
0.05
0.05
0.05
0.05
0.03
0.03
0.03
0.03
0.04
0.04
0.04
0.04
0.04
0.04
0.04
0.04
0.04
0.04
0.04
0.04
0.03
0.03
0.03
0.03
0.13
0.13
0.13
0.13
0.05
0.05
0.05
0.05
0.07
0.07
0.07
0.07
0.21
0.21
0.21
0.21
0.11
0.11
0.11
0.11
0.08
0.08
0.08
0.08
0.07
0.07
0.07
0.07
0.07
0.07
0.07
0.07
0.06
0.06
0.06
0.06
0.03
0.03
0.03
0.03
0.03
0.03
0.03
0.03
0.03
0.03
0.03
0.03
0.03
0.03
0.03
0.03
0.03
0.03
0.03
0.03
0.04
0.04
0.04
0.04
0.12
0.12
0.12
0.12
0.07
0.07
0.07
0.07
0.17
0.17
0.17
0.17
0.06
0.06
0.06
0.06
0.06
0.06
0.06
0.06
0.06
0.06
0.06
0.06
0.06
0.06
0.06
0.06
0.06
0.06
0.06
0.06
0.21
0.21
0.21
0.21
0.04
0.04
0.04
0.04
0.04
0.04
0.04
0.04
0.79
0.79
0.79
0.79
0.81
0.81
0.81
0.81
0.94
0.94
0.94
0.94
0.23
0.23
0.23
0.23
0.1
0.1
0.1
0.1
0.11
0.11
0.11
0.11
0.27
0.27
0.27
0.27
0.36
0.36
0.36
0.36
0.35
0.35
0.35
0.35
0.35
0.35
0.35
0.35
0.35
0.35
0.35
0.35
0.35
0.35
0.35
0.35
0.38
0.38
0.38
0.38
0.1
0.1
0.1
0.1
0.1
0.1
0.1
0.1
0.04
0.04
0.04
0.04
0.01
0.01
0.01
0.01
0.02
0.02
0.02
0.02
0.02
0.02
0.02
0.02
0.02
0.02
0.02
0.02
0.02
0.02
0.02
0.02
0.02
0.02
0.02
0.02
0.02
0.02
0.02
0.02
0.04
0.04
0.04
0.04
0.03
0.03
0.03
0.03
0.08
0.08
0.08
0.08
0.08
0.08
0.08
0.08
1.22
1.22
1.22
1.22
0.25
0.25
0.25
0.25
0.05
0.05
0.05
0.05
0.05
0.05
0.05
0.05
0.13
0.13
0.13
0.13
0.34
0.34
0.34
0.34
0.34
0.34
0.34
0.34
0.34
0.34
0.34
0.34
0.34
0.34
0.34
0.34
0.34
0.34
0.34
0.34
0.37
0.37
0.37
0.37
0.4
0.4
0.4
0.4
0.36
0.36
0.36
0.36
0.39
0.39
0.39
0.39
0.48
0.48
0.48
0.48
0.09
0.09
0.09
0.09
0.14
0.14
0.14
0.14
0.28
0.28
0.28
0.28
0.07
0.07
0.07
0.07
0.08
0.08
0.08
0.08
0.08
0.08
0.08
0.08
0.18
0.18
0.18
0.18
0.17
0.17
0.17
0.17
0.2
0.2
0.2
0.2
0.07
0.07
0.07
0.07
0.06
0.06
0.06
0.06
0.06
0.06
0.06
0.06
0.06
0.06
0.06
0.06
0.07
0.07
0.07
0.07
0.06
0.06
0.06
0.06
0.05
0.05
0.05
0.05
0.04
0.04
0.04
0.04
0.04
0.04
0.04
0.04
0.09
0.09
0.09
0.09
0.12
0.12
0.12
0.12
0.07
0.07
0.07
0.07
0.06
0.06
0.06
0.06
1.38
1.38
1.38
1.38
1.88
1.88
1.88
1.88
1.31
1.31
1.31
1.31
0.04
0.04
0.04
0.04
0.05
0.05
0.05
0.05
0.3
0.3
0.3
0.3
0.29
0.29
0.29
0.29
0.14
0.14
0.14
0.14
0.68
0.68
0.68
0.68
0.21
0.21
0.21
0.21
0.09
0.09
0.09
0.09
0.11
0.11
0.11
0.11
0.01
0.01
0.01
0.01
0.05
0.05
0.05
0.05
0.01
0.01
0.01
0.01
0.02
0.02
0.02
0.02
0.02
0.02
0.02
0.02
0.11
0.11
0.11
0.11
0.34
0.34
0.34
0.34
0.15
0.15
0.15
0.15
0.45
0.45
0.45
0.45
0.09
0.09
0.09
0.09
0.06
0.06
0.06
0.06
0.07
0.07
0.07
0.07
0.02
0.02
0.02
0.02
0.01
0.01
0.01
0.01
0.02
0.02
0.02
0.02
0.01
0.01
0.01
0.01
0.02
0.02
0.02
0.02
0.01
0.01
0.01
0.01
0.02
0.02
0.02
0.02
0.1
0.1
0.1
0.1
0.07
0.07
0.07
0.07
0.22
0.22
0.22
0.22
0.09
0.09
0.09
0.09
0.06
0.06
0.06
0.06
0.07
0.07
0.07
0.07
0.05
0.05
0.05
0.05
0.05
0.05
0.05
0.05
0.04
0.04
0.04
0.04
0.05
0.05
0.05
0.05
0.04
0.04
0.04
0.04
0.03
0.03
0.03
0.03
0.1
0.1
0.1
0.1
0.37
0.37
0.37
0.37
0.41
0.41
0.41
0.41
0.22
0.22
0.22
0.22
0.39
0.39
0.39
0.39
0.43
0.43
0.43
0.43
0.37
0.37
0.37
0.37
0.34
0.34
0.34
0.34
0.35
0.35
0.35
0.35
0.4
0.4
0.4
0.4
0.34
0.34
0.34
0.34
0.14
0.14
0.14
0.14
0.04
0.04
0.04
0.04
0.26
0.26
0.26
0.26
0.24
0.24
0.24
0.24
0.12
0.12
0.12
0.12
0.1
0.1
0.1
0.1
0.08
0.08
0.08
0.08
0.08
0.08
0.08
0.08
0.09
0.09
0.09
0.09
0.08
0.08
0.08
0.08
0.05
0.05
0.05
0.05
0.05
0.05
0.05
0.05
0.05
0.05
0.05
0.05
0.07
0.07
0.07
0.07
0.1
0.1
0.1
0.1
0.08
0.08
0.08
0.08
0.07
0.07
0.07
0.07
0.05
0.05
0.05
0.05
0.09
0.09
0.09
0.09
0.04
0.04
0.04
0.04
0.02
0.02
0.02
0.02
0.02
0.02
0.02
0.02
0.01
0.01
0.01
0.01
0.03
0.03
0.03
0.03
0.04
0.04
0.04
0.04
0.05
0.05
0.05
0.05
0.08
0.08
0.08
0.08
0.26
0.26
0.26
0.26
0.1
0.1
0.1
0.1
0.05
0.05
0.05
0.05
0.05
0.05
0.05
0.05
0.07
0.07
0.07
0.07
0.05
0.05
0.05
0.05
0.02
0.02
0.02
0.02
0.02
0.02
0.02
0.02
0.02
0.02
0.02
0.02
0.02
0.02
0.02
0.02
0.02
0.02
0.02
0.02
0.21
0.21
0.21
0.21
0.11
0.11
0.11
0.11
0.06
0.06
0.06
0.06
0.07
0.07
0.07
0.07
0.04
0.04
0.04
0.04
0.03
0.03
0.03
0.03
0.04
0.04
0.04
0.04
0.04
0.04
0.04
0.04
0.03
0.03
0.03
0.03
0.03
0.03
0.03
0.03
0.04
0.04
0.04
0.04
0.19
0.19
0.19
0.19
0.1
0.1
0.1
0.1
0.23
0.23
0.23
0.23
0.12
0.12
0.12
0.12
0.1
0.1
0.1
0.1
0.13
0.13
0.13
0.13
0.14
0.14
0.14
0.14
0.09
0.09
0.09
0.09
0.03
0.03
0.03
0.03
0.02
0.02
0.02
0.02
0.02
0.02
0.02
0.02
0.02
0.02
0.02
0.02
0.02
0.02
0.02
0.02
0.19
0.19
0.19
0.19
0.23
0.23
0.23
0.23
0.1
0.1
0.1
0.1
0.06
0.06
0.06
0.06
0.07
0.07
0.07
0.07
0.04
0.04
0.04
0.04
0.04
0.04
0.04
0.04
0.05
0.05
0.05
0.05
0.05
0.05
0.05
0.05
0.08
0.08
0.08
0.08
0.03
0.03
0.03
0.03
0.02
0.02
0.02
0.02
0.01
0.01
0.01
0.01
0.02
0.02
0.02
0.02
0.02
0.02
0.02
0.02
0.07
0.07
0.07
0.07
