0.17
0.17
0.17
0.17
0.27
0.27
0.27
0.27
0.09
0.09
0.09
0.09
0.03
0.03
0.03
0.03
0.02
0.02
0.02
0.02
0.02
0.02
0.02
0.02
0.02
0.02
0.02
0.02
0.02
0.02
0.02
0.02
0.02
0.02
0.02
0.02
0.01
0.01
0.01
0.01
0.02
0.02
0.02
0.02
0.02
0.02
0.02
0.02
0.05
0.05
0.05
0.05
0.1
0.1
0.1
0.1
0.24
0.24
0.24
0.24
0.06
0.06
0.06
0.06
0.07
0.07
0.07
0.07
0.29
0.29
0.29
0.29
0.19
0.19
0.19
0.19
0.08
0.08
0.08
0.08
0.08
0.08
0.08
0.08
0.1
0.1
0.1
0.1
0.09
0.09
0.09
0.09
0.08
0.08
0.08
0.08
0.08
0.08
0.08
0.08
0.21
0.21
0.21
0.21
0.09
0.09
0.09
0.09
0.09
0.09
0.09
0.09
0.05
0.05
0.05
0.05
0.0
0.0
0.0
0.0
0.0
0.0
0.0
0.0
0.0
0.0
0.0
0.0
0.0
0.0
0.0
0.0
0.0
0.0
0.0
0.0
0.0
0.0
0.0
0.0
0.0
0.0
0.0
0.0
0.0
0.0
0.0
0.0
0.0
0.0
0.0
0.0
0.0
0.0
0.0
0.0
0.0
0.0
0.0
0.0
0.0
0.0
0.0
0.0
0.0
0.0
0.0
0.0
0.0
0.0
0.0
0.0
0.0
0.0
0.0
0.0
0.0
0.0
0.0
0.0
0.0
0.0
0.0
0.0
0.0
0.0
0.0
0.0
0.0
0.0
0.0
0.0
0.0
0.0
0.0
0.0
0.0
0.0
0.0
0.0
0.0
0.0
0.0
0.0
0.0
0.0
0.0
0.0
0.0
0.0
0.0
0.0
0.32
0.32
0.32
0.32
0.34
0.34
0.34
0.34
0.33
0.33
0.33
0.33
0.34
0.34
0.34
0.34
0.08
0.08
0.08
0.08
0.03
0.03
0.03
0.03
0.07
0.07
0.07
0.07
0.25
0.25
0.25
0.25
0.1
0.1
0.1
0.1
0.08
0.08
0.08
0.08
0.08
0.08
0.08
0.08
0.1
0.1
0.1
0.1
0.03
0.03
0.03
0.03
0.04
0.04
0.04
0.04
0.03
0.03
0.03
0.03
0.04
0.04
0.04
0.04
0.03
0.03
0.03
0.03
0.58
0.58
0.58
0.58
0.23
0.23
0.23
0.23
0.27
0.27
0.27
0.27
0.32
0.32
0.32
0.32
0.39
0.39
0.39
0.39
0.38
0.38
0.38
0.38
0.38
0.38
0.38
0.38
0.35
0.35
0.35
0.35
0.34
0.34
0.34
0.34
0.35
0.35
0.35
0.35
0.22
0.22
0.22
0.22
0.03
0.03
0.03
0.03
0.04
0.04
0.04
0.04
0.63
0.63
0.63
0.63
0.32
0.32
0.32
0.32
0.14
0.14
0.14
0.14
0.07
0.07
0.07
0.07
0.08
0.08
0.08
0.08
0.2
0.2
0.2
0.2
0.04
0.04
0.04
0.04
0.03
0.03
0.03
0.03
1.56
1.56
1.56
1.56
1.04
1.04
1.04
1.04
0.05
0.05
0.05
0.05
0.04
0.04
0.04
0.04
0.09
0.09
0.09
0.09
0.43
0.43
0.43
0.43
0.15
0.15
0.15
0.15
0.08
0.08
0.08
0.08
0.11
0.11
0.11
0.11
0.1
0.1
0.1
0.1
0.1
0.1
0.1
0.1
0.05
0.05
0.05
0.05
0.04
0.04
0.04
0.04
0.05
0.05
0.05
0.05
0.04
0.04
0.04
0.04
0.04
0.04
0.04
0.04
0.07
0.07
0.07
0.07
0.32
0.32
0.32
0.32
0.12
0.12
0.12
0.12
0.04
0.04
0.04
0.04
0.09
0.09
0.09
0.09
0.04
0.04
0.04
0.04
0.04
0.04
0.04
0.04
0.06
0.06
0.06
0.06
0.05
0.05
0.05
0.05
0.06
0.06
0.06
0.06
0.06
0.06
0.06
0.06
0.06
0.06
0.06
0.06
0.11
0.11
0.11
0.11
0.2
0.2
0.2
0.2
0.22
0.22
0.22
0.22
0.1
0.1
0.1
0.1
0.09
0.09
0.09
0.09
0.09
0.09
0.09
0.09
0.08
0.08
0.08
0.08
0.08
0.08
0.08
0.08
0.06
0.06
0.06
0.06
0.07
0.07
0.07
0.07
0.06
0.06
0.06
0.06
0.06
0.06
0.06
0.06
0.07
0.07
0.07
0.07
0.09
0.09
0.09
0.09
0.25
0.25
0.25
0.25
0.11
0.11
0.11
0.11
0.08
0.08
0.08
0.08
0.1
0.1
0.1
0.1
0.07
0.07
0.07
0.07
0.07
0.07
0.07
0.07
0.07
0.07
0.07
0.07
0.06
0.06
0.06
0.06
0.06
0.06
0.06
0.06
0.05
0.05
0.05
0.05
0.13
0.13
0.13
0.13
0.08
0.08
0.08
0.08
0.09
0.09
0.09
0.09
0.08
0.08
0.08
0.08
0.08
0.08
0.08
0.08
0.1
0.1
0.1
0.1
0.07
0.07
0.07
0.07
0.05
0.05
0.05
0.05
0.04
0.04
0.04
0.04
0.03
0.03
0.03
0.03
0.04
0.04
0.04
0.04
0.04
0.04
0.04
0.04
0.21
0.21
0.21
0.21
0.58
0.58
0.58
0.58
0.4
0.4
0.4
0.4
0.14
0.14
0.14
0.14
0.04
0.04
0.04
0.04
0.03
0.03
0.03
0.03
0.03
0.03
0.03
0.03
0.02
0.02
0.02
0.02
0.03
0.03
0.03
0.03
0.03
0.03
0.03
0.03
0.03
0.03
0.03
0.03
0.05
0.05
0.05
0.05
0.44
0.44
0.44
0.44
0.27
0.27
0.27
0.27
0.08
0.08
0.08
0.08
0.07
0.07
0.07
0.07
0.03
0.03
0.03
0.03
0.02
0.02
0.02
0.02
0.03
0.03
0.03
0.03
0.03
0.03
0.03
0.03
0.02
0.02
0.02
0.02
0.03
0.03
0.03
0.03
0.02
0.02
0.02
0.02
0.03
0.03
0.03
0.03
0.03
0.03
0.03
0.03
0.11
0.11
0.11
0.11
0.35
0.35
0.35
0.35
0.43
0.43
0.43
0.43
0.4
0.4
0.4
0.4
0.04
0.04
0.04
0.04
0.09
0.09
0.09
0.09
0.01
0.01
0.01
0.01
0.02
0.02
0.02
0.02
0.02
0.02
0.02
0.02
0.02
0.02
0.02
0.02
0.16
0.16
0.16
0.16
0.26
0.26
0.26
0.26
0.1
0.1
0.1
0.1
0.07
0.07
0.07
0.07
0.09
0.09
0.09
0.09
0.45
0.45
0.45
0.45
0.36
0.36
0.36
0.36
0.34
0.34
0.34
0.34
0.33
0.33
0.33
0.33
0.33
0.33
0.33
0.33
0.33
0.33
0.33
0.33
0.33
0.33
0.33
0.33
0.33
0.33
0.33
0.33
0.32
0.32
0.32
0.32
0.33
0.33
0.33
0.33
0.3
0.3
0.3
0.3
0.34
0.34
0.34
0.34
0.41
0.41
0.41
0.41
0.25
0.25
0.25
0.25
0.33
0.33
0.33
0.33
0.08
0.08
0.08
0.08
0.61
0.61
0.61
0.61
0.51
0.51
0.51
0.51
0.48
0.48
0.48
0.48
0.38
0.38
0.38
0.38
1.02
1.02
1.02
1.02
0.03
0.03
0.03
0.03
0.05
0.05
0.05
0.05
0.14
0.14
0.14
0.14
0.38
0.38
0.38
0.38
0.35
0.35
0.35
0.35
0.34
0.34
0.34
0.34
0.27
0.27
0.27
0.27
0.32
0.32
0.32
0.32
0.34
0.34
0.34
0.34
0.34
0.34
0.34
0.34
0.33
0.33
0.33
0.33
0.34
0.34
0.34
0.34
1.17
1.17
1.17
1.17
0.98
0.98
0.98
0.98
0.4
0.4
0.4
0.4
0.08
0.08
0.08
0.08
0.03
0.03
0.03
0.03
0.03
0.03
0.03
0.03
0.01
0.01
0.01
0.01
0.01
0.01
0.01
0.01
0.1
0.1
0.1
0.1
0.36
0.36
0.36
0.36
1.03
1.03
1.03
1.03
0.25
0.25
0.25
0.25
0.4
0.4
0.4
0.4
0.29
0.29
0.29
0.29
0.11
0.11
0.11
0.11
0.41
0.41
0.41
0.41
0.48
0.48
0.48
0.48
1.11
1.11
1.11
1.11
0.79
0.79
0.79
0.79
0.05
0.05
0.05
0.05
0.05
0.05
0.05
0.05
0.04
0.04
0.04
0.04
0.03
0.03
0.03
0.03
0.04
0.04
0.04
0.04
1.27
1.27
1.27
1.27
1.1
1.1
1.1
1.1
0.04
0.04
0.04
0.04
0.12
0.12
0.12
0.12
0.05
0.05
0.05
0.05
0.04
0.04
0.04
0.04
0.06
0.06
0.06
0.06
0.05
0.05
0.05
0.05
0.04
0.04
0.04
0.04
0.32
0.32
0.32
0.32
0.35
0.35
0.35
0.35
0.37
0.37
0.37
0.37
0.1
0.1
0.1
0.1
0.97
0.97
0.97
0.97
0.08
0.08
0.08
0.08
0.1
0.1
0.1
0.1
0.09
0.09
0.09
0.09
0.06
0.06
0.06
0.06
0.18
0.18
0.18
0.18
0.34
0.34
0.34
0.34
0.35
0.35
0.35
0.35
0.34
0.34
0.34
0.34
0.34
0.34
0.34
0.34
0.34
0.34
0.34
0.34
0.36
0.36
0.36
0.36
0.49
0.49
0.49
0.49
0.1
0.1
0.1
0.1
0.05
0.05
0.05
0.05
0.03
0.03
0.03
0.03
0.07
0.07
0.07
0.07
0.07
0.07
0.07
0.07
0.29
0.29
0.29
0.29
0.06
0.06
0.06
0.06
0.91
0.91
0.91
0.91
0.82
0.82
0.82
0.82
0.19
0.19
0.19
0.19
0.14
0.14
0.14
0.14
0.09
0.09
0.09
0.09
0.08
0.08
0.08
0.08
0.24
0.24
0.24
0.24
0.39
0.39
0.39
0.39
