0.14
0.14
0.14
0.14
0.08
0.08
0.08
0.08
0.06
0.06
0.06
0.06
0.09
0.09
0.09
0.09
0.08
0.08
0.08
0.08
0.03
0.03
0.03
0.03
0.06
0.06
0.06
0.06
0.03
0.03
0.03
0.03
0.03
0.03
0.03
0.03
0.05
0.05
0.05
0.05
0.18
0.18
0.18
0.18
0.19
0.19
0.19
0.19
0.12
0.12
0.12
0.12
0.05
0.05
0.05
0.05
0.01
0.01
0.01
0.01
0.02
0.02
0.02
0.02
0.02
0.02
0.02
0.02
0.01
0.01
0.01
0.01
0.02
0.02
0.02
0.02
0.02
0.02
0.02
0.02
0.01
0.01
0.01
0.01
0.3
0.3
0.3
0.3
0.34
0.34
0.34
0.34
0.33
0.33
0.33
0.33
0.18
0.18
0.18
0.18
0.07
0.07
0.07
0.07
0.08
0.08
0.08
0.08
0.06
0.06
0.06
0.06
0.04
0.04
0.04
0.04
0.04
0.04
0.04
0.04
0.04
0.04
0.04
0.04
0.03
0.03
0.03
0.03
0.04
0.04
0.04
0.04
0.04
0.04
0.04
0.04
0.16
0.16
0.16
0.16
0.24
0.24
0.24
0.24
0.07
0.07
0.07
0.07
0.08
0.08
0.08
0.08
0.08
0.08
0.08
0.08
0.03
0.03
0.03
0.03
0.06
0.06
0.06
0.06
0.05
0.05
0.05
0.05
0.04
0.04
0.04
0.04
0.04
0.04
0.04
0.04
0.04
0.04
0.04
0.04
0.04
0.04
0.04
0.04
0.04
0.04
0.04
0.04
0.08
0.08
0.08
0.08
0.09
0.09
0.09
0.09
0.09
0.09
0.09
0.09
0.3
0.3
0.3
0.3
0.05
0.05
0.05
0.05
0.03
0.03
0.03
0.03
0.53
0.53
0.53
0.53
0.2
0.2
0.2
0.2
0.01
0.01
0.01
0.01
0.02
0.02
0.02
0.02
0.01
0.01
0.01
0.01
0.02
0.02
0.02
0.02
0.02
0.02
0.02
0.02
0.03
0.03
0.03
0.03
0.13
0.13
0.13
0.13
1.57
1.57
1.57
1.57
0.06
0.06
0.06
0.06
0.09
0.09
0.09
0.09
0.02
0.02
0.02
0.02
0.03
0.03
0.03
0.03
0.02
0.02
0.02
0.02
0.03
0.03
0.03
0.03
0.02
0.02
0.02
0.02
0.03
0.03
0.03
0.03
0.05
0.05
0.05
0.05
0.11
0.11
0.11
0.11
0.22
0.22
0.22
0.22
0.14
0.14
0.14
0.14
0.45
0.45
0.45
0.45
1.57
1.57
1.57
1.57
0.28
0.28
0.28
0.28
0.33
0.33
0.33
0.33
0.33
0.33
0.33
0.33
0.33
0.33
0.33
0.33
0.33
0.33
0.33
0.33
0.32
0.32
0.32
0.32
0.1
0.1
0.1
0.1
0.08
0.08
0.08
0.08
0.05
0.05
0.05
0.05
0.06
0.06
0.06
0.06
0.07
0.07
0.07
0.07
0.05
0.05
0.05
0.05
0.02
0.02
0.02
0.02
0.03
0.03
0.03
0.03
0.03
0.03
0.03
0.03
0.04
0.04
0.04
0.04
0.08
0.08
0.08
0.08
0.07
0.07
0.07
0.07
0.24
0.24
0.24
0.24
0.36
0.36
0.36
0.36
0.07
0.07
0.07
0.07
1.14
1.14
1.14
1.14
0.04
0.04
0.04
0.04
0.02
0.02
0.02
0.02
0.02
0.02
0.02
0.02
0.02
0.02
0.02
0.02
0.01
0.01
0.01
0.01
0.02
0.02
0.02
0.02
0.01
0.01
0.01
0.01
0.02
0.02
0.02
0.02
0.5
0.5
0.5
0.5
1.09
1.09
1.09
1.09
0.04
0.04
0.04
0.04
0.02
0.02
0.02
0.02
0.04
0.04
0.04
0.04
0.02
0.02
0.02
0.02
0.02
0.02
0.02
0.02
0.04
0.04
0.04
0.04
0.02
0.02
0.02
0.02
0.02
0.02
0.02
0.02
0.04
0.04
0.04
0.04
0.05
0.05
0.05
0.05
0.47
0.47
0.47
0.47
0.58
0.58
0.58
0.58
0.05
0.05
0.05
0.05
0.05
0.05
0.05
0.05
0.06
0.06
0.06
0.06
0.05
0.05
0.05
0.05
0.06
0.06
0.06
0.06
0.06
0.06
0.06
0.06
0.01
0.01
0.01
0.01
0.02
0.02
0.02
0.02
0.02
0.02
0.02
0.02
0.17
0.17
0.17
0.17
0.75
0.75
0.75
0.75
0.09
0.09
0.09
0.09
0.01
0.01
0.01
0.01
0.04
0.04
0.04
0.04
0.01
0.01
0.01
0.01
0.02
0.02
0.02
0.02
0.01
0.01
0.01
0.01
0.02
0.02
0.02
0.02
0.01
0.01
0.01
0.01
0.02
0.02
0.02
0.02
0.02
0.02
0.02
0.02
0.24
0.24
0.24
0.24
0.38
0.38
0.38
0.38
0.34
0.34
0.34
0.34
0.08
0.08
0.08
0.08
0.21
0.21
0.21
0.21
0.14
0.14
0.14
0.14
0.33
0.33
0.33
0.33
0.33
0.33
0.33
0.33
0.33
0.33
0.33
0.33
0.33
0.33
0.33
0.33
0.27
0.27
0.27
0.27
0.04
0.04
0.04
0.04
0.02
0.02
0.02
0.02
0.32
0.32
0.32
0.32
0.47
0.47
0.47
0.47
0.1
0.1
0.1
0.1
0.02
0.02
0.02
0.02
0.02
0.02
0.02
0.02
0.01
0.01
0.01
0.01
0.01
0.01
0.01
0.01
0.02
0.02
0.02
0.02
0.01
0.01
0.01
0.01
0.02
0.02
0.02
0.02
0.03
0.03
0.03
0.03
0.12
0.12
0.12
0.12
0.18
0.18
0.18
0.18
0.12
0.12
0.12
0.12
0.05
0.05
0.05
0.05
0.06
0.06
0.06
0.06
0.08
0.08
0.08
0.08
0.07
0.07
0.07
0.07
0.04
0.04
0.04
0.04
0.03
0.03
0.03
0.03
0.03
0.03
0.03
0.03
0.04
0.04
0.04
0.04
0.02
0.02
0.02
0.02
0.04
0.04
0.04
0.04
0.02
0.02
0.02
0.02
0.4
0.4
0.4
0.4
0.04
0.04
0.04
0.04
0.03
0.03
0.03
0.03
0.02
0.02
0.02
0.02
0.03
0.03
0.03
0.03
0.02
0.02
0.02
0.02
0.03
0.03
0.03
0.03
0.02
0.02
0.02
0.02
0.03
0.03
0.03
0.03
0.02
0.02
0.02
0.02
0.05
0.05
0.05
0.05
0.07
0.07
0.07
0.07
0.08
0.08
0.08
0.08
0.1
0.1
0.1
0.1
0.07
0.07
0.07
0.07
0.08
0.08
0.08
0.08
0.35
0.35
0.35
0.35
0.14
0.14
0.14
0.14
0.05
0.05
0.05
0.05
0.04
0.04
0.04
0.04
0.05
0.05
0.05
0.05
0.04
0.04
0.04
0.04
0.05
0.05
0.05
0.05
0.41
0.41
0.41
0.41
0.53
0.53
0.53
0.53
0.07
0.07
0.07
0.07
0.08
0.08
0.08
0.08
0.04
0.04
0.04
0.04
0.04
0.04
0.04
0.04
0.04
0.04
0.04
0.04
0.03
0.03
0.03
0.03
0.05
0.05
0.05
0.05
0.03
0.03
0.03
0.03
0.05
0.05
0.05
0.05
0.03
0.03
0.03
0.03
0.11
0.11
0.11
0.11
0.08
0.08
0.08
0.08
0.07
0.07
0.07
0.07
0.07
0.07
0.07
0.07
0.21
0.21
0.21
0.21
1.24
1.24
1.24
1.24
0.03
0.03
0.03
0.03
0.03
0.03
0.03
0.03
0.04
0.04
0.04
0.04
0.03
0.03
0.03
0.03
0.04
0.04
0.04
0.04
0.03
0.03
0.03
0.03
0.04
0.04
0.04
0.04
0.04
0.04
0.04
0.04
0.23
0.23
0.23
0.23
0.11
0.11
0.11
0.11
0.09
0.09
0.09
0.09
0.05
0.05
0.05
0.05
0.49
0.49
0.49
0.49
0.13
0.13
0.13
0.13
0.28
0.28
0.28
0.28
0.04
0.04
0.04
0.04
0.04
0.04
0.04
0.04
0.03
0.03
0.03
0.03
1.68
1.68
1.68
1.68
0.48
0.48
0.48
0.48
0.08
0.08
0.08
0.08
0.13
0.13
0.13
0.13
0.08
0.08
0.08
0.08
0.03
0.03
0.03
0.03
0.04
0.04
0.04
0.04
0.03
0.03
0.03
0.03
0.03
0.03
0.03
0.03
0.02
0.02
0.02
0.02
0.02
0.02
0.02
0.02
0.02
0.02
0.02
0.02
0.02
0.02
0.02
0.02
0.03
0.03
0.03
0.03
0.09
0.09
0.09
0.09
0.12
0.12
0.12
0.12
0.07
0.07
0.07
0.07
0.86
0.86
0.86
0.86
0.29
0.29
0.29
0.29
0.02
0.02
0.02
0.02
0.03
0.03
0.03
0.03
0.02
0.02
0.02
0.02
0.03
0.03
0.03
0.03
0.02
0.02
0.02
0.02
0.08
0.08
0.08
0.08
0.12
0.12
0.12
0.12
0.09
0.09
0.09
0.09
0.06
0.06
0.06
0.06
0.03
0.03
0.03
0.03
0.03
0.03
0.03
0.03
0.03
0.03
0.03
0.03
0.02
0.02
0.02
0.02
0.05
0.05
0.05
0.05
0.03
0.03
0.03
0.03
0.03
0.03
0.03
0.03
0.03
0.03
0.03
0.03
0.05
0.05
0.05
0.05
0.05
0.05
0.05
0.05
0.33
0.33
0.33
0.33
0.06
0.06
0.06
0.06
0.06
0.06
0.06
0.06
0.19
0.19
0.19
0.19
0.16
0.16
0.16
0.16
0.19
0.19
0.19
0.19
0.06
0.06
0.06
0.06
0.08
0.08
0.08
0.08
0.64
0.64
0.64
0.64
0.78
0.78
0.78
0.78
0.96
0.96
0.96
0.96
0.13
0.13
0.13
0.13
0.11
0.11
0.11
0.11
0.06
0.06
0.06
0.06
0.08
0.08
0.08
0.08
0.05
0.05
0.05
0.05
