0.08
0.08
0.08
0.08
0.25
0.25
0.25
0.25
0.69
0.69
0.69
0.69
0.7
0.7
0.7
0.7
0.26
0.26
0.26
0.26
0.36
0.36
0.36
0.36
0.5
0.5
0.5
0.5
0.32
0.32
0.32
0.32
0.06
0.06
0.06
0.06
0.07
0.07
0.07
0.07
0.07
0.07
0.07
0.07
0.06
0.06
0.06
0.06
0.06
0.06
0.06
0.06
0.06
0.06
0.06
0.06
0.06
0.06
0.06
0.06
0.07
0.07
0.07
0.07
0.07
0.07
0.07
0.07
0.27
0.27
0.27
0.27
0.14
0.14
0.14
0.14
0.05
0.05
0.05
0.05
0.03
0.03
0.03
0.03
0.03
0.03
0.03
0.03
0.04
0.04
0.04
0.04
0.05
0.05
0.05
0.05
0.03
0.03
0.03
0.03
0.03
0.03
0.03
0.03
0.03
0.03
0.03
0.03
0.03
0.03
0.03
0.03
0.03
0.03
0.03
0.03
0.03
0.03
0.03
0.03
0.03
0.03
0.03
0.03
0.03
0.03
0.03
0.03
0.03
0.03
0.03
0.03
0.03
0.03
0.03
0.03
0.03
0.03
0.03
0.03
0.03
0.03
0.03
0.03
0.03
0.03
0.03
0.03
0.03
0.03
0.03
0.03
0.03
0.03
0.03
0.03
0.03
0.03
0.03
0.03
0.03
0.03
0.03
0.03
0.03
0.03
0.03
0.03
0.03
0.03
0.03
0.03
0.03
0.03
0.03
0.03
0.03
0.03
0.03
0.03
0.03
0.03
0.03
0.03
0.07
0.07
0.07
0.07
0.42
0.42
0.42
0.42
0.46
0.46
0.46
0.46
0.07
0.07
0.07
0.07
0.04
0.04
0.04
0.04
0.05
0.05
0.05
0.05
0.46
0.46
0.46
0.46
0.15
0.15
0.15
0.15
0.51
0.51
0.51
0.51
0.09
0.09
0.09
0.09
0.2
0.2
0.2
0.2
0.42
0.42
0.42
0.42
0.41
0.41
0.41
0.41
0.41
0.41
0.41
0.41
0.39
0.39
0.39
0.39
0.1
0.1
0.1
0.1
0.03
0.03
0.03
0.03
0.34
0.34
0.34
0.34
0.19
0.19
0.19
0.19
0.08
0.08
0.08
0.08
0.04
0.04
0.04
0.04
0.02
0.02
0.02
0.02
0.02
0.02
0.02
0.02
0.02
0.02
0.02
0.02
0.02
0.02
0.02
0.02
0.02
0.02
0.02
0.02
0.02
0.02
0.02
0.02
0.02
0.02
0.02
0.02
0.02
0.02
0.02
0.02
0.02
0.02
0.02
0.02
0.62
0.62
0.62
0.62
0.19
0.19
0.19
0.19
0.34
0.34
0.34
0.34
0.41
0.41
0.41
0.41
0.09
0.09
0.09
0.09
0.07
0.07
0.07
0.07
0.06
0.06
0.06
0.06
0.04
0.04
0.04
0.04
0.03
0.03
0.03
0.03
0.03
0.03
0.03
0.03
0.03
0.03
0.03
0.03
0.27
0.27
0.27
0.27
0.21
0.21
0.21
0.21
0.1
0.1
0.1
0.1
0.05
0.05
0.05
0.05
0.04
0.04
0.04
0.04
0.04
0.04
0.04
0.04
0.04
0.04
0.04
0.04
0.04
0.04
0.04
0.04
0.04
0.04
0.04
0.04
0.04
0.04
0.04
0.04
0.03
0.03
0.03
0.03
0.21
0.21
0.21
0.21
0.07
0.07
0.07
0.07
0.26
0.26
0.26
0.26
0.48
0.48
0.48
0.48
0.17
0.17
0.17
0.17
0.07
0.07
0.07
0.07
0.06
0.06
0.06
0.06
0.03
0.03
0.03
0.03
0.03
0.03
0.03
0.03
0.02
0.02
0.02
0.02
0.02
0.02
0.02
0.02
0.03
0.03
0.03
0.03
0.03
0.03
0.03
0.03
0.36
0.36
0.36
0.36
0.24
0.24
0.24
0.24
0.09
0.09
0.09
0.09
0.1
0.1
0.1
0.1
0.05
0.05
0.05
0.05
0.02
0.02
0.02
0.02
0.02
0.02
0.02
0.02
0.02
0.02
0.02
0.02
0.02
0.02
0.02
0.02
0.02
0.02
0.02
0.02
0.02
0.02
0.02
0.02
0.03
0.03
0.03
0.03
0.09
0.09
0.09
0.09
0.07
0.07
0.07
0.07
0.14
0.14
0.14
0.14
0.13
0.13
0.13
0.13
0.19
0.19
0.19
0.19
0.04
0.04
0.04
0.04
0.04
0.04
0.04
0.04
0.04
0.04
0.04
0.04
0.04
0.04
0.04
0.04
0.03
0.03
0.03
0.03
0.03
0.03
0.03
0.03
0.04
0.04
0.04
0.04
0.36
0.36
0.36
0.36
0.28
0.28
0.28
0.28
0.17
0.17
0.17
0.17
0.09
0.09
0.09
0.09
0.05
0.05
0.05
0.05
0.04
0.04
0.04
0.04
0.04
0.04
0.04
0.04
0.03
0.03
0.03
0.03
0.03
0.03
0.03
0.03
0.03
0.03
0.03
0.03
0.03
0.03
0.03
0.03
0.03
0.03
0.03
0.03
0.13
0.13
0.13
0.13
0.33
0.33
0.33
0.33
0.04
0.04
0.04
0.04
0.18
0.18
0.18
0.18
0.09
0.09
0.09
0.09
0.05
0.05
0.05
0.05
0.04
0.04
0.04
0.04
0.04
0.04
0.04
0.04
0.04
0.04
0.04
0.04
0.04
0.04
0.04
0.04
0.04
0.04
0.04
0.04
0.04
0.04
0.04
0.04
0.21
0.21
0.21
0.21
0.11
0.11
0.11
0.11
0.11
0.11
0.11
0.11
0.14
0.14
0.14
0.14
0.05
0.05
0.05
0.05
0.03
0.03
0.03
0.03
0.02
0.02
0.02
0.02
0.02
0.02
0.02
0.02
0.02
0.02
0.02
0.02
0.02
0.02
0.02
0.02
0.02
0.02
0.02
0.02
0.03
0.03
0.03
0.03
0.02
0.02
0.02
0.02
0.02
0.02
0.02
0.02
0.02
0.02
0.02
0.02
0.11
0.11
0.11
0.11
0.47
0.47
0.47
0.47
0.05
0.05
0.05
0.05
0.05
0.05
0.05
0.05
0.07
0.07
0.07
0.07
0.05
0.05
0.05
0.05
0.05
0.05
0.05
0.05
0.07
0.07
0.07
0.07
0.06
0.06
0.06
0.06
0.03
0.03
0.03
0.03
0.1
0.1
0.1
0.1
0.08
0.08
0.08
0.08
0.12
0.12
0.12
0.12
0.23
0.23
0.23
0.23
0.12
0.12
0.12
0.12
0.09
0.09
0.09
0.09
0.11
0.11
0.11
0.11
0.11
0.11
0.11
0.11
0.21
0.21
0.21
0.21
0.1
0.1
0.1
0.1
0.09
0.09
0.09
0.09
0.08
0.08
0.08
0.08
0.12
0.12
0.12
0.12
0.39
0.39
0.39
0.39
0.29
0.29
0.29
0.29
0.18
0.18
0.18
0.18
0.12
0.12
0.12
0.12
0.07
0.07
0.07
0.07
0.06
0.06
0.06
0.06
0.06
0.06
0.06
0.06
0.06
0.06
0.06
0.06
0.05
0.05
0.05
0.05
0.05
0.05
0.05
0.05
0.05
0.05
0.05
0.05
0.05
0.05
0.05
0.05
0.05
0.05
0.05
0.05
0.06
0.06
0.06
0.06
0.14
0.14
0.14
0.14
0.1
0.1
0.1
0.1
0.1
0.1
0.1
0.1
0.17
0.17
0.17
0.17
0.35
0.35
0.35
0.35
0.41
0.41
0.41
0.41
0.11
0.11
0.11
0.11
0.1
0.1
0.1
0.1
0.15
0.15
0.15
0.15
0.26
0.26
0.26
0.26
0.18
0.18
0.18
0.18
0.14
0.14
0.14
0.14
0.15
0.15
0.15
0.15
0.2
0.2
0.2
0.2
0.18
0.18
0.18
0.18
0.09
0.09
0.09
0.09
0.06
0.06
0.06
0.06
0.03
0.03
0.03
0.03
0.03
0.03
0.03
0.03
0.03
0.03
0.03
0.03
0.29
0.29
0.29
0.29
0.12
0.12
0.12
0.12
0.06
0.06
0.06
0.06
0.07
0.07
0.07
0.07
0.12
0.12
0.12
0.12
0.11
0.11
0.11
0.11
0.08
0.08
0.08
0.08
0.08
0.08
0.08
0.08
0.1
0.1
0.1
0.1
0.15
0.15
0.15
0.15
0.07
0.07
0.07
0.07
0.1
0.1
0.1
0.1
0.08
0.08
0.08
0.08
0.08
0.08
0.08
0.08
0.1
0.1
0.1
0.1
0.09
0.09
0.09
0.09
0.05
0.05
0.05
0.05
0.04
0.04
0.04
0.04
0.05
0.05
0.05
0.05
0.05
0.05
0.05
0.05
0.05
0.05
0.05
0.05
0.06
0.06
0.06
0.06
0.06
0.06
0.06
0.06
0.06
0.06
0.06
0.06
0.05
0.05
0.05
0.05
0.4
0.4
0.4
0.4
0.12
0.12
0.12
0.12
0.08
0.08
0.08
0.08
0.04
0.04
0.04
0.04
0.04
0.04
0.04
0.04
0.03
0.03
0.03
0.03
0.03
0.03
0.03
0.03
0.03
0.03
0.03
0.03
0.03
0.03
0.03
0.03
0.03
0.03
0.03
0.03
0.03
0.03
0.03
0.03
0.1
0.1
0.1
0.1
0.04
0.04
0.04
0.04
0.35
0.35
0.35
0.35
0.15
0.15
0.15
0.15
0.06
0.06
0.06
0.06
0.08
0.08
0.08
0.08
0.08
0.08
0.08
0.08
0.08
0.08
0.08
0.08
0.06
0.06
0.06
0.06
0.02
0.02
0.02
0.02
0.02
0.02
0.02
0.02
0.02
0.02
0.02
0.02
0.02
0.02
0.02
0.02
0.23
0.23
0.23
0.23
0.2
0.2
0.2
0.2
0.08
0.08
0.08
0.08
0.04
0.04
0.04
0.04
0.04
0.04
0.04
0.04
0.04
0.04
0.04
0.04
0.04
0.04
0.04
0.04
0.04
0.04
0.04
0.04
0.06
0.06
0.06
0.06
0.04
0.04
0.04
0.04
0.04
0.04
0.04
0.04
0.23
0.23
0.23
0.23
0.29
0.29
0.29
0.29
