0.02
0.02
0.02
0.02
0.02
0.02
0.02
0.02
0.06
0.06
0.06
0.06
0.39
0.39
0.39
0.39
0.14
0.14
0.14
0.14
0.1
0.1
0.1
0.1
0.1
0.1
0.1
0.1
0.12
0.12
0.12
0.12
0.1
0.1
0.1
0.1
0.1
0.1
0.1
0.1
0.07
0.07
0.07
0.07
0.05
0.05
0.05
0.05
0.05
0.05
0.05
0.05
0.03
0.03
0.03
0.03
0.04
0.04
0.04
0.04
0.06
0.06
0.06
0.06
0.31
0.31
0.31
0.31
0.09
0.09
0.09
0.09
0.11
0.11
0.11
0.11
0.06
0.06
0.06
0.06
0.05
0.05
0.05
0.05
0.05
0.05
0.05
0.05
0.04
0.04
0.04
0.04
0.05
0.05
0.05
0.05
0.04
0.04
0.04
0.04
0.04
0.04
0.04
0.04
0.22
0.22
0.22
0.22
0.08
0.08
0.08
0.08
0.09
0.09
0.09
0.09
0.09
0.09
0.09
0.09
0.12
0.12
0.12
0.12
0.08
0.08
0.08
0.08
0.04
0.04
0.04
0.04
0.02
0.02
0.02
0.02
0.03
0.03
0.03
0.03
0.03
0.03
0.03
0.03
0.02
0.02
0.02
0.02
0.03
0.03
0.03
0.03
0.02
0.02
0.02
0.02
0.28
0.28
0.28
0.28
0.13
0.13
0.13
0.13
0.13
0.13
0.13
0.13
0.39
0.39
0.39
0.39
0.38
0.38
0.38
0.38
0.45
0.45
0.45
0.45
0.39
0.39
0.39
0.39
0.39
0.39
0.39
0.39
0.27
0.27
0.27
0.27
0.07
0.07
0.07
0.07
0.04
0.04
0.04
0.04
0.03
0.03
0.03
0.03
0.05
0.05
0.05
0.05
0.05
0.05
0.05
0.05
0.07
0.07
0.07
0.07
0.06
0.06
0.06
0.06
0.06
0.06
0.06
0.06
0.04
0.04
0.04
0.04
0.03
0.03
0.03
0.03
0.03
0.03
0.03
0.03
0.02
0.02
0.02
0.02
0.03
0.03
0.03
0.03
0.04
0.04
0.04
0.04
0.01
0.01
0.01
0.01
0.04
0.04
0.04
0.04
0.02
0.02
0.02
0.02
0.05
0.05
0.05
0.05
0.31
0.31
0.31
0.31
0.06
0.06
0.06
0.06
0.14
0.14
0.14
0.14
0.27
0.27
0.27
0.27
0.28
0.28
0.28
0.28
0.2
0.2
0.2
0.2
0.12
0.12
0.12
0.12
0.1
0.1
0.1
0.1
0.08
0.08
0.08
0.08
0.09
0.09
0.09
0.09
0.14
0.14
0.14
0.14
0.22
0.22
0.22
0.22
0.47
0.47
0.47
0.47
0.07
0.07
0.07
0.07
0.06
0.06
0.06
0.06
0.04
0.04
0.04
0.04
0.03
0.03
0.03
0.03
0.02
0.02
0.02
0.02
0.03
0.03
0.03
0.03
0.03
0.03
0.03
0.03
0.02
0.02
0.02
0.02
0.03
0.03
0.03
0.03
0.03
0.03
0.03
0.03
0.03
0.03
0.03
0.03
0.08
0.08
0.08
0.08
0.13
0.13
0.13
0.13
0.22
0.22
0.22
0.22
0.34
0.34
0.34
0.34
0.23
0.23
0.23
0.23
0.1
0.1
0.1
0.1
0.05
0.05
0.05
0.05
0.05
0.05
0.05
0.05
0.04
0.04
0.04
0.04
0.04
0.04
0.04
0.04
0.07
0.07
0.07
0.07
0.1
0.1
0.1
0.1
0.11
0.11
0.11
0.11
0.12
0.12
0.12
0.12
0.04
0.04
0.04
0.04
0.22
0.22
0.22
0.22
0.43
0.43
0.43
0.43
0.41
0.41
0.41
0.41
0.41
0.41
0.41
0.41
0.17
0.17
0.17
0.17
0.04
0.04
0.04
0.04
0.13
0.13
0.13
0.13
0.13
0.13
0.13
0.13
0.07
0.07
0.07
0.07
0.02
0.02
0.02
0.02
0.02
0.02
0.02
0.02
0.02
0.02
0.02
0.02
0.01
0.01
0.01
0.01
0.02
0.02
0.02
0.02
0.02
0.02
0.02
0.02
0.01
0.01
0.01
0.01
0.02
0.02
0.02
0.02
0.06
0.06
0.06
0.06
0.06
0.06
0.06
0.06
0.12
0.12
0.12
0.12
0.11
0.11
0.11
0.11
0.04
0.04
0.04
0.04
0.05
0.05
0.05
0.05
0.05
0.05
0.05
0.05
0.05
0.05
0.05
0.05
0.04
0.04
0.04
0.04
0.05
0.05
0.05
0.05
0.05
0.05
0.05
0.05
0.05
0.05
0.05
0.05
0.04
0.04
0.04
0.04
0.26
0.26
0.26
0.26
0.07
0.07
0.07
0.07
0.08
0.08
0.08
0.08
0.04
0.04
0.04
0.04
0.05
0.05
0.05
0.05
0.06
0.06
0.06
0.06
0.04
0.04
0.04
0.04
0.04
0.04
0.04
0.04
0.04
0.04
0.04
0.04
0.1
0.1
0.1
0.1
0.04
0.04
0.04
0.04
0.07
0.07
0.07
0.07
0.07
0.07
0.07
0.07
0.31
0.31
0.31
0.31
0.15
0.15
0.15
0.15
0.11
0.11
0.11
0.11
0.09
0.09
0.09
0.09
0.05
0.05
0.05
0.05
0.03
0.03
0.03
0.03
0.02
0.02
0.02
0.02
0.03
0.03
0.03
0.03
0.03
0.03
0.03
0.03
0.02
0.02
0.02
0.02
0.03
0.03
0.03
0.03
0.22
0.22
0.22
0.22
0.3
0.3
0.3
0.3
0.17
0.17
0.17
0.17
0.14
0.14
0.14
0.14
0.38
0.38
0.38
0.38
0.35
0.35
0.35
0.35
0.05
0.05
0.05
0.05
0.05
0.05
0.05
0.05
0.06
0.06
0.06
0.06
0.11
0.11
0.11
0.11
0.09
0.09
0.09
0.09
0.11
0.11
0.11
0.11
0.08
0.08
0.08
0.08
0.31
0.31
0.31
0.31
0.12
0.12
0.12
0.12
0.11
0.11
0.11
0.11
0.06
0.06
0.06
0.06
0.06
0.06
0.06
0.06
0.04
0.04
0.04
0.04
0.04
0.04
0.04
0.04
0.03
0.03
0.03
0.03
0.04
0.04
0.04
0.04
0.04
0.04
0.04
0.04
0.04
0.04
0.04
0.04
0.05
0.05
0.05
0.05
0.1
0.1
0.1
0.1
0.07
0.07
0.07
0.07
0.12
0.12
0.12
0.12
0.06
0.06
0.06
0.06
0.18
0.18
0.18
0.18
0.14
0.14
0.14
0.14
0.31
0.31
0.31
0.31
0.12
0.12
0.12
0.12
0.08
0.08
0.08
0.08
0.12
0.12
0.12
0.12
0.17
0.17
0.17
0.17
0.4
0.4
0.4
0.4
0.41
0.41
0.41
0.41
0.48
0.48
0.48
0.48
0.31
0.31
0.31
0.31
0.04
0.04
0.04
0.04
0.04
0.04
0.04
0.04
0.01
0.01
0.01
0.01
0.04
0.04
0.04
0.04
0.02
0.02
0.02
0.02
0.04
0.04
0.04
0.04
0.08
0.08
0.08
0.08
0.12
0.12
0.12
0.12
0.19
0.19
0.19
0.19
0.33
0.33
0.33
0.33
0.2
0.2
0.2
0.2
0.17
0.17
0.17
0.17
0.39
0.39
0.39
0.39
0.26
0.26
0.26
0.26
0.06
0.06
0.06
0.06
0.31
0.31
0.31
0.31
0.26
0.26
0.26
0.26
0.11
0.11
0.11
0.11
0.07
0.07
0.07
0.07
0.06
0.06
0.06
0.06
0.09
0.09
0.09
0.09
0.13
0.13
0.13
0.13
0.16
0.16
0.16
0.16
0.12
0.12
0.12
0.12
0.09
0.09
0.09
0.09
0.06
0.06
0.06
0.06
0.05
0.05
0.05
0.05
0.06
0.06
0.06
0.06
0.05
0.05
0.05
0.05
0.05
0.05
0.05
0.05
0.04
0.04
0.04
0.04
0.05
0.05
0.05
0.05
0.04
0.04
0.04
0.04
0.05
0.05
0.05
0.05
0.23
0.23
0.23
0.23
0.29
0.29
0.29
0.29
0.18
0.18
0.18
0.18
0.13
0.13
0.13
0.13
0.19
0.19
0.19
0.19
0.12
0.12
0.12
0.12
0.19
0.19
0.19
0.19
0.52
0.52
0.52
0.52
0.24
0.24
0.24
0.24
0.04
0.04
0.04
0.04
0.05
0.05
0.05
0.05
0.09
0.09
0.09
0.09
0.11
0.11
0.11
0.11
0.09
0.09
0.09
0.09
0.07
0.07
0.07
0.07
0.07
0.07
0.07
0.07
0.06
0.06
0.06
0.06
0.05
0.05
0.05
0.05
0.06
0.06
0.06
0.06
0.06
0.06
0.06
0.06
0.02
0.02
0.02
0.02
0.03
0.03
0.03
0.03
0.03
0.03
0.03
0.03
0.02
0.02
0.02
0.02
0.05
0.05
0.05
0.05
0.14
0.14
0.14
0.14
0.18
0.18
0.18
0.18
0.38
0.38
0.38
0.38
0.36
0.36
0.36
0.36
0.14
0.14
0.14
0.14
0.05
0.05
0.05
0.05
0.04
0.04
0.04
0.04
0.03
0.03
0.03
0.03
0.04
0.04
0.04
0.04
0.08
0.08
0.08
0.08
0.1
0.1
0.1
0.1
0.17
0.17
0.17
0.17
0.14
0.14
0.14
0.14
0.18
0.18
0.18
0.18
0.15
0.15
0.15
0.15
0.03
0.03
0.03
0.03
0.03
0.03
0.03
0.03
0.11
0.11
0.11
0.11
0.02
0.02
0.02
0.02
0.02
0.02
0.02
0.02
0.02
0.02
0.02
0.02
0.26
0.26
0.26
0.26
0.32
0.32
0.32
0.32
0.13
0.13
0.13
0.13
0.04
0.04
0.04
0.04
0.03
0.03
0.03
0.03
0.03
0.03
0.03
0.03
0.03
0.03
0.03
0.03
0.02
0.02
0.02
0.02
0.03
0.03
0.03
0.03
0.03
0.03
0.03
0.03
0.14
0.14
0.14
0.14
0.4
0.4
0.4
0.4
0.15
0.15
0.15
0.15
0.24
0.24
0.24
0.24
