0.1
0.1
0.1
0.1
0.09
0.09
0.09
0.09
0.05
0.05
0.05
0.05
0.02
0.02
0.02
0.02
0.02
0.02
0.02
0.02
0.02
0.02
0.02
0.02
0.01
0.01
0.01
0.01
0.02
0.02
0.02
0.02
0.02
0.02
0.02
0.02
0.01
0.01
0.01
0.01
0.03
0.03
0.03
0.03
1.35
1.35
1.35
1.35
0.26
0.26
0.26
0.26
0.03
0.03
0.03
0.03
0.03
0.03
0.03
0.03
0.04
0.04
0.04
0.04
0.03
0.03
0.03
0.03
0.04
0.04
0.04
0.04
0.03
0.03
0.03
0.03
0.04
0.04
0.04
0.04
0.03
0.03
0.03
0.03
0.04
0.04
0.04
0.04
0.05
0.05
0.05
0.05
0.1
0.1
0.1
0.1
0.46
0.46
0.46
0.46
0.99
0.99
0.99
0.99
0.06
0.06
0.06
0.06
0.04
0.04
0.04
0.04
0.07
0.07
0.07
0.07
0.05
0.05
0.05
0.05
0.05
0.05
0.05
0.05
0.04
0.04
0.04
0.04
0.05
0.05
0.05
0.05
0.04
0.04
0.04
0.04
0.05
0.05
0.05
0.05
0.45
0.45
0.45
0.45
1.46
1.46
1.46
1.46
0.09
0.09
0.09
0.09
0.09
0.09
0.09
0.09
0.07
0.07
0.07
0.07
0.07
0.07
0.07
0.07
0.08
0.08
0.08
0.08
0.08
0.08
0.08
0.08
0.12
0.12
0.12
0.12
0.55
0.55
0.55
0.55
0.07
0.07
0.07
0.07
0.3
0.3
0.3
0.3
0.1
0.1
0.1
0.1
0.08
0.08
0.08
0.08
0.04
0.04
0.04
0.04
0.02
0.02
0.02
0.02
0.03
0.03
0.03
0.03
0.02
0.02
0.02
0.02
0.03
0.03
0.03
0.03
0.02
0.02
0.02
0.02
0.03
0.03
0.03
0.03
0.02
0.02
0.02
0.02
0.03
0.03
0.03
0.03
0.03
0.03
0.03
0.03
0.03
0.03
0.03
0.03
1.58
1.58
1.58
1.58
0.59
0.59
0.59
0.59
0.04
0.04
0.04
0.04
0.03
0.03
0.03
0.03
0.02
0.02
0.02
0.02
0.02
0.02
0.02
0.02
0.03
0.03
0.03
0.03
0.02
0.02
0.02
0.02
0.03
0.03
0.03
0.03
0.02
0.02
0.02
0.02
0.06
0.06
0.06
0.06
0.11
0.11
0.11
0.11
1.73
1.73
1.73
1.73
1.39
1.39
1.39
1.39
0.09
0.09
0.09
0.09
0.08
0.08
0.08
0.08
0.03
0.03
0.03
0.03
0.03
0.03
0.03
0.03
0.03
0.03
0.03
0.03
0.02
0.02
0.02
0.02
0.03
0.03
0.03
0.03
0.02
0.02
0.02
0.02
0.05
0.05
0.05
0.05
0.19
0.19
0.19
0.19
1.87
1.87
1.87
1.87
0.31
0.31
0.31
0.31
0.27
0.27
0.27
0.27
0.23
0.23
0.23
0.23
0.06
0.06
0.06
0.06
0.04
0.04
0.04
0.04
0.05
0.05
0.05
0.05
0.04
0.04
0.04
0.04
0.09
0.09
0.09
0.09
0.12
0.12
0.12
0.12
0.23
0.23
0.23
0.23
0.37
0.37
0.37
0.37
0.38
0.38
0.38
0.38
0.38
0.38
0.38
0.38
0.37
0.37
0.37
0.37
0.38
0.38
0.38
0.38
0.14
0.14
0.14
0.14
0.03
0.03
0.03
0.03
0.02
0.02
0.02
0.02
0.03
0.03
0.03
0.03
0.03
0.03
0.03
0.03
0.03
0.03
0.03
0.03
0.03
0.03
0.03
0.03
0.03
0.03
0.03
0.03
0.03
0.03
0.03
0.03
0.03
0.03
0.03
0.03
0.22
0.22
0.22
0.22
0.32
0.32
0.32
0.32
0.15
0.15
0.15
0.15
0.07
0.07
0.07
0.07
0.34
0.34
0.34
0.34
0.05
0.05
0.05
0.05
0.85
0.85
0.85
0.85
0.06
0.06
0.06
0.06
0.08
0.08
0.08
0.08
0.08
0.08
0.08
0.08
1.48
1.48
1.48
1.48
0.49
0.49
0.49
0.49
0.08
0.08
0.08
0.08
0.08
0.08
0.08
0.08
0.07
0.07
0.07
0.07
0.05
0.05
0.05
0.05
0.07
0.07
0.07
0.07
0.04
0.04
0.04
0.04
0.05
0.05
0.05
0.05
0.06
0.06
0.06
0.06
0.04
0.04
0.04
0.04
0.06
0.06
0.06
0.06
0.97
0.97
0.97
0.97
0.09
0.09
0.09
0.09
0.04
0.04
0.04
0.04
0.05
0.05
0.05
0.05
0.04
0.04
0.04
0.04
0.02
0.02
0.02
0.02
0.03
0.03
0.03
0.03
0.02
0.02
0.02
0.02
0.03
0.03
0.03
0.03
0.02
0.02
0.02
0.02
0.78
0.78
0.78
0.78
2.0
2.0
2.0
2.0
0.21
0.21
0.21
0.21
0.08
0.08
0.08
0.08
0.12
0.12
0.12
0.12
0.07
0.07
0.07
0.07
0.06
0.06
0.06
0.06
0.06
0.06
0.06
0.06
0.06
0.06
0.06
0.06
0.02
0.02
0.02
0.02
0.02
0.02
0.02
0.02
0.03
0.03
0.03
0.03
0.02
0.02
0.02
0.02
0.02
0.02
0.02
0.02
1.58
1.58
1.58
1.58
0.09
0.09
0.09
0.09
0.02
0.02
0.02
0.02
0.01
0.01
0.01
0.01
0.01
0.01
0.01
0.01
0.03
0.03
0.03
0.03
0.02
0.02
0.02
0.02
0.01
0.01
0.01
0.01
0.01
0.01
0.01
0.01
0.02
0.02
0.02
0.02
0.55
0.55
0.55
0.55
1.91
1.91
1.91
1.91
0.61
0.61
0.61
0.61
0.08
0.08
0.08
0.08
0.07
0.07
0.07
0.07
0.07
0.07
0.07
0.07
0.49
0.49
0.49
0.49
0.04
0.04
0.04
0.04
0.03
0.03
0.03
0.03
0.03
0.03
0.03
0.03
0.05
0.05
0.05
0.05
0.03
0.03
0.03
0.03
0.14
0.14
0.14
0.14
1.24
1.24
1.24
1.24
0.04
0.04
0.04
0.04
0.03
0.03
0.03
0.03
0.02
0.02
0.02
0.02
0.02
0.02
0.02
0.02
0.03
0.03
0.03
0.03
0.02
0.02
0.02
0.02
0.02
0.02
0.02
0.02
0.03
0.03
0.03
0.03
0.03
0.03
0.03
0.03
0.78
0.78
0.78
0.78
1.81
1.81
1.81
1.81
0.22
0.22
0.22
0.22
0.07
0.07
0.07
0.07
0.98
0.98
0.98
0.98
0.06
0.06
0.06
0.06
0.03
0.03
0.03
0.03
0.03
0.03
0.03
0.03
0.03
0.03
0.03
0.03
1.32
1.32
1.32
1.32
0.9
0.9
0.9
0.9
0.03
0.03
0.03
0.03
0.03
0.03
0.03
0.03
0.04
0.04
0.04
0.04
1.06
1.06
1.06
1.06
1.3
1.3
1.3
1.3
0.06
0.06
0.06
0.06
0.02
0.02
0.02
0.02
0.05
0.05
0.05
0.05
0.01
0.01
0.01
0.01
0.01
0.01
0.01
0.01
0.02
0.02
0.02
0.02
0.02
0.02
0.02
0.02
0.01
0.01
0.01
0.01
0.01
0.01
0.01
0.01
0.97
0.97
0.97
0.97
1.71
1.71
1.71
1.71
0.08
0.08
0.08
0.08
0.1
0.1
0.1
0.1
0.08
0.08
0.08
0.08
0.95
0.95
0.95
0.95
0.65
0.65
0.65
0.65
0.05
0.05
0.05
0.05
0.07
0.07
0.07
0.07
0.06
0.06
0.06
0.06
0.05
0.05
0.05
0.05
0.07
0.07
0.07
0.07
0.06
0.06
0.06
0.06
0.7
0.7
0.7
0.7
0.94
0.94
0.94
0.94
0.07
0.07
0.07
0.07
0.04
0.04
0.04
0.04
0.03
0.03
0.03
0.03
0.02
0.02
0.02
0.02
0.04
0.04
0.04
0.04
0.02
0.02
0.02
0.02
0.02
0.02
0.02
0.02
0.04
0.04
0.04
0.04
0.02
0.02
0.02
0.02
0.05
0.05
0.05
0.05
0.47
0.47
0.47
0.47
0.05
0.05
0.05
0.05
0.11
0.11
0.11
0.11
0.85
0.85
0.85
0.85
1.07
1.07
1.07
1.07
1.83
1.83
1.83
1.83
1.06
1.06
1.06
1.06
0.07
0.07
0.07
0.07
0.05
0.05
0.05
0.05
0.05
0.05
0.05
0.05
0.02
0.02
0.02
0.02
0.02
0.02
0.02
0.02
0.03
0.03
0.03
0.03
0.02
0.02
0.02
0.02
0.02
0.02
0.02
0.02
0.1
0.1
0.1
0.1
0.18
0.18
0.18
0.18
0.13
0.13
0.13
0.13
0.06
0.06
0.06
0.06
0.27
0.27
0.27
0.27
0.12
0.12
0.12
0.12
0.9
0.9
0.9
0.9
0.66
0.66
0.66
0.66
0.11
0.11
0.11
0.11
0.13
0.13
0.13
0.13
0.12
0.12
0.12
0.12
0.07
0.07
0.07
0.07
0.05
0.05
0.05
0.05
0.05
0.05
0.05
0.05
0.02
0.02
0.02
0.02
0.01
0.01
0.01
0.01
0.03
0.03
0.03
0.03
0.01
0.01
0.01
0.01
0.03
0.03
0.03
0.03
0.01
0.01
0.01
0.01
0.02
0.02
0.02
0.02
0.02
0.02
0.02
0.02
0.01
0.01
0.01
0.01
0.06
0.06
0.06
0.06
0.15
0.15
0.15
0.15
0.2
0.2
0.2
0.2
0.37
0.37
0.37
0.37
0.79
0.79
0.79
0.79
0.35
0.35
0.35
0.35
0.23
0.23
0.23
0.23
0.04
0.04
0.04
0.04
0.04
0.04
0.04
0.04
0.77
0.77
0.77
0.77
0.58
0.58
0.58
0.58
0.42
0.42
0.42
0.42
0.39
0.39
0.39
0.39
0.4
0.4
0.4
0.4
0.35
0.35
0.35
0.35
0.04
0.04
0.04
0.04
