0.14
0.14
0.14
0.14
0.11
0.11
0.11
0.11
0.07
0.07
0.07
0.07
0.04
0.04
0.04
0.04
0.03
0.03
0.03
0.03
0.03
0.03
0.03
0.03
0.02
0.02
0.02
0.02
0.02
0.02
0.02
0.02
0.04
0.04
0.04
0.04
0.02
0.02
0.02
0.02
0.17
0.17
0.17
0.17
0.17
0.17
0.17
0.17
0.07
0.07
0.07
0.07
0.08
0.08
0.08
0.08
0.04
0.04
0.04
0.04
0.01
0.01
0.01
0.01
0.03
0.03
0.03
0.03
0.01
0.01
0.01
0.01
0.01
0.01
0.01
0.01
0.03
0.03
0.03
0.03
0.05
0.05
0.05
0.05
0.15
0.15
0.15
0.15
1.31
1.31
1.31
1.31
0.09
0.09
0.09
0.09
0.05
0.05
0.05
0.05
0.07
0.07
0.07
0.07
0.07
0.07
0.07
0.07
0.06
0.06
0.06
0.06
0.54
0.54
0.54
0.54
0.02
0.02
0.02
0.02
0.02
0.02
0.02
0.02
0.03
0.03
0.03
0.03
0.02
0.02
0.02
0.02
0.38
0.38
0.38
0.38
1.34
1.34
1.34
1.34
0.15
0.15
0.15
0.15
0.07
0.07
0.07
0.07
0.02
0.02
0.02
0.02
0.03
0.03
0.03
0.03
0.02
0.02
0.02
0.02
0.05
0.05
0.05
0.05
0.03
0.03
0.03
0.03
0.02
0.02
0.02
0.02
0.03
0.03
0.03
0.03
0.02
0.02
0.02
0.02
0.04
0.04
0.04
0.04
0.1
0.1
0.1
0.1
0.1
0.1
0.1
0.1
0.12
0.12
0.12
0.12
0.09
0.09
0.09
0.09
1.31
1.31
1.31
1.31
0.62
0.62
0.62
0.62
0.04
0.04
0.04
0.04
0.03
0.03
0.03
0.03
0.04
0.04
0.04
0.04
0.03
0.03
0.03
0.03
0.03
0.03
0.03
0.03
0.04
0.04
0.04
0.04
1.3
1.3
1.3
1.3
0.1
0.1
0.1
0.1
0.07
0.07
0.07
0.07
0.02
0.02
0.02
0.02
0.03
0.03
0.03
0.03
0.02
0.02
0.02
0.02
0.02
0.02
0.02
0.02
0.03
0.03
0.03
0.03
0.02
0.02
0.02
0.02
0.01
0.01
0.01
0.01
0.22
0.22
0.22
0.22
0.59
0.59
0.59
0.59
0.35
0.35
0.35
0.35
0.35
0.35
0.35
0.35
0.1
0.1
0.1
0.1
0.12
0.12
0.12
0.12
0.09
0.09
0.09
0.09
0.13
0.13
0.13
0.13
0.08
0.08
0.08
0.08
0.03
0.03
0.03
0.03
0.03
0.03
0.03
0.03
0.03
0.03
0.03
0.03
0.02
0.02
0.02
0.02
0.2
0.2
0.2
0.2
0.57
0.57
0.57
0.57
0.09
0.09
0.09
0.09
0.04
0.04
0.04
0.04
0.02
0.02
0.02
0.02
0.03
0.03
0.03
0.03
0.02
0.02
0.02
0.02
0.01
0.01
0.01
0.01
0.03
0.03
0.03
0.03
0.01
0.01
0.01
0.01
0.01
0.01
0.01
0.01
0.03
0.03
0.03
0.03
0.14
0.14
0.14
0.14
0.1
0.1
0.1
0.1
0.31
0.31
0.31
0.31
0.12
0.12
0.12
0.12
0.11
0.11
0.11
0.11
0.08
0.08
0.08
0.08
0.09
0.09
0.09
0.09
0.04
0.04
0.04
0.04
0.05
0.05
0.05
0.05
0.04
0.04
0.04
0.04
0.03
0.03
0.03
0.03
0.04
0.04
0.04
0.04
0.79
0.79
0.79
0.79
0.52
0.52
0.52
0.52
0.13
0.13
0.13
0.13
0.19
0.19
0.19
0.19
0.04
0.04
0.04
0.04
0.03
0.03
0.03
0.03
0.03
0.03
0.03
0.03
0.03
0.03
0.03
0.03
0.03
0.03
0.03
0.03
0.04
0.04
0.04
0.04
0.03
0.03
0.03
0.03
0.03
0.03
0.03
0.03
0.04
0.04
0.04
0.04
0.06
0.06
0.06
0.06
0.1
0.1
0.1
0.1
0.09
0.09
0.09
0.09
0.09
0.09
0.09
0.09
0.07
0.07
0.07
0.07
0.06
0.06
0.06
0.06
0.06
0.06
0.06
0.06
0.07
0.07
0.07
0.07
0.06
0.06
0.06
0.06
0.05
0.05
0.05
0.05
0.04
0.04
0.04
0.04
0.03
0.03
0.03
0.03
0.04
0.04
0.04
0.04
0.04
0.04
0.04
0.04
0.12
0.12
0.12
0.12
0.09
0.09
0.09
0.09
0.08
0.08
0.08
0.08
0.1
0.1
0.1
0.1
0.2
0.2
0.2
0.2
0.41
0.41
0.41
0.41
0.13
0.13
0.13
0.13
0.06
0.06
0.06
0.06
0.1
0.1
0.1
0.1
0.09
0.09
0.09
0.09
0.12
0.12
0.12
0.12
0.15
0.15
0.15
0.15
0.19
0.19
0.19
0.19
0.21
0.21
0.21
0.21
0.11
0.11
0.11
0.11
0.07
0.07
0.07
0.07
0.05
0.05
0.05
0.05
0.05
0.05
0.05
0.05
0.05
0.05
0.05
0.05
0.05
0.05
0.05
0.05
0.04
0.04
0.04
0.04
0.07
0.07
0.07
0.07
0.04
0.04
0.04
0.04
0.06
0.06
0.06
0.06
0.07
0.07
0.07
0.07
0.17
0.17
0.17
0.17
0.15
0.15
0.15
0.15
0.07
0.07
0.07
0.07
0.08
0.08
0.08
0.08
0.05
0.05
0.05
0.05
0.09
0.09
0.09
0.09
0.14
0.14
0.14
0.14
0.11
0.11
0.11
0.11
0.17
0.17
0.17
0.17
0.22
0.22
0.22
0.22
0.23
0.23
0.23
0.23
0.09
0.09
0.09
0.09
0.11
0.11
0.11
0.11
0.07
0.07
0.07
0.07
0.05
0.05
0.05
0.05
0.04
0.04
0.04
0.04
0.03
0.03
0.03
0.03
0.01
0.01
0.01
0.01
0.02
0.02
0.02
0.02
0.01
0.01
0.01
0.01
0.02
0.02
0.02
0.02
0.22
0.22
0.22
0.22
0.11
0.11
0.11
0.11
0.04
0.04
0.04
0.04
0.03
0.03
0.03
0.03
0.04
0.04
0.04
0.04
0.03
0.03
0.03
0.03
0.05
0.05
0.05
0.05
0.02
0.02
0.02
0.02
0.03
0.03
0.03
0.03
0.04
0.04
0.04
0.04
0.04
0.04
0.04
0.04
0.11
0.11
0.11
0.11
0.24
0.24
0.24
0.24
0.12
0.12
0.12
0.12
0.16
0.16
0.16
0.16
0.09
0.09
0.09
0.09
0.07
0.07
0.07
0.07
0.05
0.05
0.05
0.05
0.04
0.04
0.04
0.04
0.03
0.03
0.03
0.03
0.05
0.05
0.05
0.05
0.03
0.03
0.03
0.03
0.05
0.05
0.05
0.05
0.03
0.03
0.03
0.03
0.17
0.17
0.17
0.17
0.04
0.04
0.04
0.04
0.01
0.01
0.01
0.01
0.03
0.03
0.03
0.03
0.02
0.02
0.02
0.02
0.01
0.01
0.01
0.01
0.04
0.04
0.04
0.04
0.01
0.01
0.01
0.01
0.03
0.03
0.03
0.03
0.02
0.02
0.02
0.02
0.02
0.02
0.02
0.02
0.12
0.12
0.12
0.12
0.43
0.43
0.43
0.43
0.14
0.14
0.14
0.14
0.1
0.1
0.1
0.1
0.08
0.08
0.08
0.08
0.06
0.06
0.06
0.06
0.06
0.06
0.06
0.06
0.08
0.08
0.08
0.08
0.04
0.04
0.04
0.04
0.02
0.02
0.02
0.02
0.03
0.03
0.03
0.03
0.03
0.03
0.03
0.03
0.02
0.02
0.02
0.02
0.1
0.1
0.1
0.1
0.13
0.13
0.13
0.13
0.11
0.11
0.11
0.11
0.02
0.02
0.02
0.02
0.01
0.01
0.01
0.01
0.03
0.03
0.03
0.03
0.01
0.01
0.01
0.01
0.03
0.03
0.03
0.03
0.02
0.02
0.02
0.02
0.02
0.02
0.02
0.02
0.03
0.03
0.03
0.03
0.1
0.1
0.1
0.1
0.09
0.09
0.09
0.09
0.12
0.12
0.12
0.12
0.3
0.3
0.3
0.3
0.13
0.13
0.13
0.13
0.1
0.1
0.1
0.1
0.08
0.08
0.08
0.08
0.05
0.05
0.05
0.05
0.05
0.05
0.05
0.05
0.03
0.03
0.03
0.03
0.04
0.04
0.04
0.04
0.03
0.03
0.03
0.03
0.04
0.04
0.04
0.04
0.15
0.15
0.15
0.15
0.11
0.11
0.11
0.11
0.09
0.09
0.09
0.09
0.03
0.03
0.03
0.03
0.01
0.01
0.01
0.01
0.03
0.03
0.03
0.03
0.01
0.01
0.01
0.01
0.02
0.02
0.02
0.02
0.02
0.02
0.02
0.02
0.01
0.01
0.01
0.01
0.03
0.03
0.03
0.03
0.1
0.1
0.1
0.1
0.12
0.12
0.12
0.12
0.23
0.23
0.23
0.23
0.11
0.11
0.11
0.11
0.06
0.06
0.06
0.06
0.06
0.06
0.06
0.06
0.05
0.05
0.05
0.05
0.02
0.02
0.02
0.02
0.03
0.03
0.03
0.03
0.01
0.01
0.01
0.01
0.02
0.02
0.02
0.02
0.02
0.02
0.02
0.02
0.02
0.02
0.02
0.02
0.08
0.08
0.08
0.08
0.09
0.09
0.09
0.09
0.06
0.06
0.06
0.06
0.03
0.03
0.03
0.03
0.01
0.01
0.01
0.01
0.03
0.03
0.03
0.03
0.01
0.01
0.01
0.01
0.02
0.02
0.02
0.02
0.01
0.01
0.01
0.01
0.03
0.03
0.03
0.03
0.01
0.01
0.01
0.01
0.02
0.02
0.02
0.02
0.04
0.04
0.04
0.04
0.1
0.1
0.1
0.1
0.1
0.1
0.1
0.1
0.09
0.09
0.09
0.09
0.09
0.09
0.09
0.09
0.07
0.07
0.07
0.07
0.04
0.04
0.04
0.04
