0.03
0.03
0.03
0.03
0.14
0.14
0.14
0.14
0.29
0.29
0.29
0.29
0.1
0.1
0.1
0.1
0.08
0.08
0.08
0.08
0.3
0.3
0.3
0.3
0.22
0.22
0.22
0.22
0.37
0.37
0.37
0.37
0.39
0.39
0.39
0.39
0.37
0.37
0.37
0.37
0.35
0.35
0.35
0.35
0.35
0.35
0.35
0.35
0.34
0.34
0.34
0.34
0.35
0.35
0.35
0.35
0.28
0.28
0.28
0.28
0.04
0.04
0.04
0.04
0.36
0.36
0.36
0.36
0.5
0.5
0.5
0.5
0.08
0.08
0.08
0.08
0.01
0.01
0.01
0.01
0.02
0.02
0.02
0.02
0.01
0.01
0.01
0.01
0.02
0.02
0.02
0.02
0.05
0.05
0.05
0.05
0.04
0.04
0.04
0.04
0.6
0.6
0.6
0.6
1.13
1.13
1.13
1.13
0.38
0.38
0.38
0.38
0.03
0.03
0.03
0.03
0.14
0.14
0.14
0.14
0.08
0.08
0.08
0.08
0.07
0.07
0.07
0.07
0.2
0.2
0.2
0.2
0.34
0.34
0.34
0.34
0.33
0.33
0.33
0.33
0.33
0.33
0.33
0.33
0.28
0.28
0.28
0.28
0.05
0.05
0.05
0.05
0.04
0.04
0.04
0.04
0.05
0.05
0.05
0.05
1.05
1.05
1.05
1.05
0.22
0.22
0.22
0.22
0.12
0.12
0.12
0.12
0.05
0.05
0.05
0.05
0.24
0.24
0.24
0.24
0.15
0.15
0.15
0.15
0.14
0.14
0.14
0.14
0.33
0.33
0.33
0.33
0.31
0.31
0.31
0.31
0.05
0.05
0.05
0.05
0.07
0.07
0.07
0.07
0.14
0.14
0.14
0.14
0.35
0.35
0.35
0.35
0.05
0.05
0.05
0.05
0.16
0.16
0.16
0.16
1.17
1.17
1.17
1.17
0.58
0.58
0.58
0.58
0.35
0.35
0.35
0.35
0.11
0.11
0.11
0.11
0.03
0.03
0.03
0.03
0.03
0.03
0.03
0.03
0.03
0.03
0.03
0.03
0.02
0.02
0.02
0.02
0.03
0.03
0.03
0.03
0.09
0.09
0.09
0.09
0.41
0.41
0.41
0.41
0.09
0.09
0.09
0.09
0.01
0.01
0.01
0.01
0.02
0.02
0.02
0.02
0.06
0.06
0.06
0.06
0.02
0.02
0.02
0.02
0.3
0.3
0.3
0.3
1.97
1.97
1.97
1.97
1.81
1.81
1.81
1.81
0.33
0.33
0.33
0.33
0.06
0.06
0.06
0.06
0.17
0.17
0.17
0.17
0.2
0.2
0.2
0.2
0.07
0.07
0.07
0.07
0.07
0.07
0.07
0.07
0.1
0.1
0.1
0.1
0.05
0.05
0.05
0.05
0.03
0.03
0.03
0.03
0.03
0.03
0.03
0.03
0.03
0.03
0.03
0.03
0.02
0.02
0.02
0.02
0.03
0.03
0.03
0.03
0.02
0.02
0.02
0.02
1.27
1.27
1.27
1.27
0.22
0.22
0.22
0.22
0.08
0.08
0.08
0.08
0.03
0.03
0.03
0.03
0.04
0.04
0.04
0.04
0.06
0.06
0.06
0.06
0.04
0.04
0.04
0.04
0.03
0.03
0.03
0.03
0.04
0.04
0.04
0.04
0.01
0.01
0.01
0.01
0.02
0.02
0.02
0.02
0.05
0.05
0.05
0.05
0.21
0.21
0.21
0.21
0.34
0.34
0.34
0.34
0.09
0.09
0.09
0.09
0.22
0.22
0.22
0.22
0.06
0.06
0.06
0.06
0.16
0.16
0.16
0.16
1.34
1.34
1.34
1.34
1.71
1.71
1.71
1.71
1.44
1.44
1.44
1.44
1.21
1.21
1.21
1.21
1.1
1.1
1.1
1.1
0.04
0.04
0.04
0.04
0.3
0.3
0.3
0.3
0.16
0.16
0.16
0.16
0.05
0.05
0.05
0.05
0.03
0.03
0.03
0.03
0.02
0.02
0.02
0.02
0.03
0.03
0.03
0.03
0.04
0.04
0.04
0.04
0.03
0.03
0.03
0.03
0.26
0.26
0.26
0.26
0.07
0.07
0.07
0.07
0.05
0.05
0.05
0.05
0.04
0.04
0.04
0.04
0.05
0.05
0.05
0.05
0.04
0.04
0.04
0.04
0.1
0.1
0.1
0.1
0.09
0.09
0.09
0.09
0.06
0.06
0.06
0.06
0.26
0.26
0.26
0.26
0.37
0.37
0.37
0.37
0.33
0.33
0.33
0.33
0.32
0.32
0.32
0.32
0.02
0.02
0.02
0.02
0.03
0.03
0.03
0.03
0.01
0.01
0.01
0.01
0.01
0.01
0.01
0.01
0.03
0.03
0.03
0.03
0.07
0.07
0.07
0.07
0.1
0.1
0.1
0.1
0.04
0.04
0.04
0.04
0.07
0.07
0.07
0.07
0.51
0.51
0.51
0.51
0.56
0.56
0.56
0.56
0.34
0.34
0.34
0.34
0.33
0.33
0.33
0.33
0.27
0.27
0.27
0.27
0.06
0.06
0.06
0.06
0.05
0.05
0.05
0.05
0.07
0.07
0.07
0.07
0.15
0.15
0.15
0.15
0.17
0.17
0.17
0.17
0.08
0.08
0.08
0.08
0.03
0.03
0.03
0.03
0.03
0.03
0.03
0.03
0.02
0.02
0.02
0.02
0.02
0.02
0.02
0.02
0.03
0.03
0.03
0.03
0.01
0.01
0.01
0.01
0.03
0.03
0.03
0.03
0.02
0.02
0.02
0.02
0.02
0.02
0.02
0.02
0.08
0.08
0.08
0.08
0.07
0.07
0.07
0.07
0.12
0.12
0.12
0.12
0.24
0.24
0.24
0.24
0.39
0.39
0.39
0.39
0.23
0.23
0.23
0.23
0.08
0.08
0.08
0.08
0.03
0.03
0.03
0.03
0.02
0.02
0.02
0.02
0.06
0.06
0.06
0.06
0.12
0.12
0.12
0.12
0.09
0.09
0.09
0.09
0.1
0.1
0.1
0.1
0.1
0.1
0.1
0.1
0.28
0.28
0.28
0.28
0.4
0.4
0.4
0.4
0.14
0.14
0.14
0.14
0.33
0.33
0.33
0.33
0.33
0.33
0.33
0.33
0.33
0.33
0.33
0.33
0.33
0.33
0.33
0.33
0.29
0.29
0.29
0.29
0.12
0.12
0.12
0.12
0.28
0.28
0.28
0.28
0.06
0.06
0.06
0.06
0.04
0.04
0.04
0.04
0.03
0.03
0.03
0.03
0.04
0.04
0.04
0.04
0.03
0.03
0.03
0.03
0.04
0.04
0.04
0.04
0.04
0.04
0.04
0.04
0.04
0.04
0.04
0.04
0.28
0.28
0.28
0.28
0.06
0.06
0.06
0.06
0.08
0.08
0.08
0.08
0.34
0.34
0.34
0.34
0.08
0.08
0.08
0.08
0.06
0.06
0.06
0.06
0.04
0.04
0.04
0.04
0.04
0.04
0.04
0.04
0.04
0.04
0.04
0.04
0.04
0.04
0.04
0.04
0.04
0.04
0.04
0.04
0.04
0.04
0.04
0.04
0.03
0.03
0.03
0.03
0.07
0.07
0.07
0.07
0.75
0.75
0.75
0.75
0.54
0.54
0.54
0.54
0.15
0.15
0.15
0.15
0.04
0.04
0.04
0.04
0.06
0.06
0.06
0.06
0.05
0.05
0.05
0.05
0.01
0.01
0.01
0.01
0.02
0.02
0.02
0.02
0.03
0.03
0.03
0.03
0.02
0.02
0.02
0.02
0.02
0.02
0.02
0.02
0.01
0.01
0.01
0.01
0.29
0.29
0.29
0.29
0.07
0.07
0.07
0.07
0.16
0.16
0.16
0.16
0.08
0.08
0.08
0.08
0.08
0.08
0.08
0.08
0.24
0.24
0.24
0.24
0.85
0.85
0.85
0.85
0.51
0.51
0.51
0.51
0.44
0.44
0.44
0.44
0.4
0.4
0.4
0.4
0.37
0.37
0.37
0.37
0.45
0.45
0.45
0.45
0.67
0.67
0.67
0.67
0.31
0.31
0.31
0.31
0.08
0.08
0.08
0.08
0.07
0.07
0.07
0.07
0.13
0.13
0.13
0.13
0.06
0.06
0.06
0.06
0.02
0.02
0.02
0.02
0.02
0.02
0.02
0.02
0.02
0.02
0.02
0.02
0.04
0.04
0.04
0.04
0.23
0.23
0.23
0.23
0.17
0.17
0.17
0.17
0.11
0.11
0.11
0.11
0.13
0.13
0.13
0.13
0.37
0.37
0.37
0.37
0.38
0.38
0.38
0.38
0.39
0.39
0.39
0.39
0.41
0.41
0.41
0.41
0.38
0.38
0.38
0.38
0.37
0.37
0.37
0.37
0.37
0.37
0.37
0.37
0.39
0.39
0.39
0.39
0.4
0.4
0.4
0.4
0.41
0.41
0.41
0.41
0.36
0.36
0.36
0.36
0.2
0.2
0.2
0.2
0.06
0.06
0.06
0.06
0.05
0.05
0.05
0.05
0.1
0.1
0.1
0.1
0.07
0.07
0.07
0.07
0.03
0.03
0.03
0.03
0.04
0.04
0.04
0.04
0.04
0.04
0.04
0.04
0.05
0.05
0.05
0.05
0.1
0.1
0.1
0.1
0.06
0.06
0.06
0.06
0.08
0.08
0.08
0.08
0.08
0.08
0.08
0.08
0.31
0.31
0.31
0.31
0.27
0.27
0.27
0.27
0.38
0.38
0.38
0.38
0.36
0.36
0.36
0.36
0.39
0.39
0.39
0.39
0.38
0.38
0.38
0.38
0.38
0.38
0.38
0.38
0.22
0.22
0.22
0.22
0.05
0.05
0.05
0.05
0.05
0.05
0.05
0.05
0.05
0.05
0.05
0.05
0.11
0.11
0.11
0.11
0.45
0.45
0.45
0.45
0.18
0.18
0.18
0.18
0.08
0.08
0.08
0.08
0.09
0.09
0.09
0.09
0.02
0.02
0.02
0.02
0.02
0.02
0.02
0.02
0.03
0.03
0.03
0.03
0.02
0.02
0.02
0.02
0.05
0.05
0.05
0.05
0.07
0.07
0.07
0.07
0.04
0.04
0.04
0.04
