0.09
0.09
0.09
0.09
0.03
0.03
0.03
0.03
0.03
0.03
0.03
0.03
0.05
0.05
0.05
0.05
0.03
0.03
0.03
0.03
0.13
0.13
0.13
0.13
0.03
0.03
0.03
0.03
0.25
0.25
0.25
0.25
0.03
0.03
0.03
0.03
0.04
0.04
0.04
0.04
0.03
0.03
0.03
0.03
0.06
0.06
0.06
0.06
0.09
0.09
0.09
0.09
0.07
0.07
0.07
0.07
0.04
0.04
0.04
0.04
0.05
0.05
0.05
0.05
0.01
0.01
0.01
0.01
0.02
0.02
0.02
0.02
0.01
0.01
0.01
0.01
0.02
0.02
0.02
0.02
0.02
0.02
0.02
0.02
0.01
0.01
0.01
0.01
0.02
0.02
0.02
0.02
0.2
0.2
0.2
0.2
0.14
0.14
0.14
0.14
0.04
0.04
0.04
0.04
0.03
0.03
0.03
0.03
0.04
0.04
0.04
0.04
0.06
0.06
0.06
0.06
0.08
0.08
0.08
0.08
0.03
0.03
0.03
0.03
0.04
0.04
0.04
0.04
0.03
0.03
0.03
0.03
0.03
0.03
0.03
0.03
0.15
0.15
0.15
0.15
0.14
0.14
0.14
0.14
0.2
0.2
0.2
0.2
0.36
0.36
0.36
0.36
0.43
0.43
0.43
0.43
0.09
0.09
0.09
0.09
0.02
0.02
0.02
0.02
0.04
0.04
0.04
0.04
0.03
0.03
0.03
0.03
0.02
0.02
0.02
0.02
0.02
0.02
0.02
0.02
0.02
0.02
0.02
0.02
0.03
0.03
0.03
0.03
0.02
0.02
0.02
0.02
0.29
0.29
0.29
0.29
0.13
0.13
0.13
0.13
0.04
0.04
0.04
0.04
0.02
0.02
0.02
0.02
0.03
0.03
0.03
0.03
0.32
0.32
0.32
0.32
0.06
0.06
0.06
0.06
0.14
0.14
0.14
0.14
0.13
0.13
0.13
0.13
0.12
0.12
0.12
0.12
0.19
0.19
0.19
0.19
0.12
0.12
0.12
0.12
0.41
0.41
0.41
0.41
0.43
0.43
0.43
0.43
0.03
0.03
0.03
0.03
0.02
0.02
0.02
0.02
0.03
0.03
0.03
0.03
0.03
0.03
0.03
0.03
0.03
0.03
0.03
0.03
0.03
0.03
0.03
0.03
0.29
0.29
0.29
0.29
0.13
0.13
0.13
0.13
0.01
0.01
0.01
0.01
0.02
0.02
0.02
0.02
0.07
0.07
0.07
0.07
0.07
0.07
0.07
0.07
0.32
0.32
0.32
0.32
0.02
0.02
0.02
0.02
0.03
0.03
0.03
0.03
0.02
0.02
0.02
0.02
0.03
0.03
0.03
0.03
0.03
0.03
0.03
0.03
0.27
0.27
0.27
0.27
0.46
0.46
0.46
0.46
0.47
0.47
0.47
0.47
0.08
0.08
0.08
0.08
0.04
0.04
0.04
0.04
0.04
0.04
0.04
0.04
0.03
0.03
0.03
0.03
0.13
0.13
0.13
0.13
0.41
0.41
0.41
0.41
0.04
0.04
0.04
0.04
0.02
0.02
0.02
0.02
0.41
0.41
0.41
0.41
0.4
0.4
0.4
0.4
0.41
0.41
0.41
0.41
0.38
0.38
0.38
0.38
0.4
0.4
0.4
0.4
0.2
0.2
0.2
0.2
0.07
0.07
0.07
0.07
0.03
0.03
0.03
0.03
0.02
0.02
0.02
0.02
0.01
0.01
0.01
0.01
0.06
0.06
0.06
0.06
0.06
0.06
0.06
0.06
0.02
0.02
0.02
0.02
0.01
0.01
0.01
0.01
0.02
0.02
0.02
0.02
0.02
0.02
0.02
0.02
0.32
0.32
0.32
0.32
0.4
0.4
0.4
0.4
0.41
0.41
0.41
0.41
0.21
0.21
0.21
0.21
0.01
0.01
0.01
0.01
0.02
0.02
0.02
0.02
0.01
0.01
0.01
0.01
0.02
0.02
0.02
0.02
0.01
0.01
0.01
0.01
0.02
0.02
0.02
0.02
0.02
0.02
0.02
0.02
0.09
0.09
0.09
0.09
0.33
0.33
0.33
0.33
0.05
0.05
0.05
0.05
0.03
0.03
0.03
0.03
0.08
0.08
0.08
0.08
0.39
0.39
0.39
0.39
0.14
0.14
0.14
0.14
0.02
0.02
0.02
0.02
0.02
0.02
0.02
0.02
0.02
0.02
0.02
0.02
0.02
0.02
0.02
0.02
0.02
0.02
0.02
0.02
0.21
0.21
0.21
0.21
0.06
0.06
0.06
0.06
0.08
0.08
0.08
0.08
0.47
0.47
0.47
0.47
0.1
0.1
0.1
0.1
0.02
0.02
0.02
0.02
0.03
0.03
0.03
0.03
0.01
0.01
0.01
0.01
0.03
0.03
0.03
0.03
0.01
0.01
0.01
0.01
0.03
0.03
0.03
0.03
0.02
0.02
0.02
0.02
0.18
0.18
0.18
0.18
0.04
0.04
0.04
0.04
0.02
0.02
0.02
0.02
0.07
0.07
0.07
0.07
0.04
0.04
0.04
0.04
0.04
0.04
0.04
0.04
0.05
0.05
0.05
0.05
0.03
0.03
0.03
0.03
0.05
0.05
0.05
0.05
0.04
0.04
0.04
0.04
0.05
0.05
0.05
0.05
0.05
0.05
0.05
0.05
0.08
0.08
0.08
0.08
0.15
0.15
0.15
0.15
0.09
0.09
0.09
0.09
0.06
0.06
0.06
0.06
0.07
0.07
0.07
0.07
0.04
0.04
0.04
0.04
0.03
0.03
0.03
0.03
0.02
0.02
0.02
0.02
0.03
0.03
0.03
0.03
0.02
0.02
0.02
0.02
0.03
0.03
0.03
0.03
0.03
0.03
0.03
0.03
0.02
0.02
0.02
0.02
0.27
0.27
0.27
0.27
0.07
0.07
0.07
0.07
0.16
0.16
0.16
0.16
0.03
0.03
0.03
0.03
0.2
0.2
0.2
0.2
0.19
0.19
0.19
0.19
0.03
0.03
0.03
0.03
0.03
0.03
0.03
0.03
0.29
0.29
0.29
0.29
0.11
0.11
0.11
0.11
0.31
0.31
0.31
0.31
0.04
0.04
0.04
0.04
0.14
0.14
0.14
0.14
0.26
0.26
0.26
0.26
0.07
0.07
0.07
0.07
0.06
0.06
0.06
0.06
0.06
0.06
0.06
0.06
0.07
0.07
0.07
0.07
0.05
0.05
0.05
0.05
0.04
0.04
0.04
0.04
0.03
0.03
0.03
0.03
0.04
0.04
0.04
0.04
0.03
0.03
0.03
0.03
0.03
0.03
0.03
0.03
0.16
0.16
0.16
0.16
0.16
0.16
0.16
0.16
0.03
0.03
0.03
0.03
0.06
0.06
0.06
0.06
0.05
0.05
0.05
0.05
0.03
0.03
0.03
0.03
0.01
0.01
0.01
0.01
0.02
0.02
0.02
0.02
0.03
0.03
0.03
0.03
0.07
0.07
0.07
0.07
0.34
0.34
0.34
0.34
0.45
0.45
0.45
0.45
0.25
0.25
0.25
0.25
0.08
0.08
0.08
0.08
0.08
0.08
0.08
0.08
0.06
0.06
0.06
0.06
0.08
0.08
0.08
0.08
0.05
0.05
0.05
0.05
0.05
0.05
0.05
0.05
0.03
0.03
0.03
0.03
0.03
0.03
0.03
0.03
0.03
0.03
0.03
0.03
0.02
0.02
0.02
0.02
0.06
0.06
0.06
0.06
0.24
0.24
0.24
0.24
0.1
0.1
0.1
0.1
0.05
0.05
0.05
0.05
0.02
0.02
0.02
0.02
0.02
0.02
0.02
0.02
0.05
0.05
0.05
0.05
0.03
0.03
0.03
0.03
0.06
0.06
0.06
0.06
0.02
0.02
0.02
0.02
0.03
0.03
0.03
0.03
0.04
0.04
0.04
0.04
0.03
0.03
0.03
0.03
0.06
0.06
0.06
0.06
0.06
0.06
0.06
0.06
0.05
0.05
0.05
0.05
0.06
0.06
0.06
0.06
0.03
0.03
0.03
0.03
0.04
0.04
0.04
0.04
0.03
0.03
0.03
0.03
0.04
0.04
0.04
0.04
0.03
0.03
0.03
0.03
0.03
0.03
0.03
0.03
0.03
0.03
0.03
0.03
0.03
0.03
0.03
0.03
0.16
0.16
0.16
0.16
0.18
0.18
0.18
0.18
0.03
0.03
0.03
0.03
0.23
0.23
0.23
0.23
0.2
0.2
0.2
0.2
0.4
0.4
0.4
0.4
0.03
0.03
0.03
0.03
0.13
0.13
0.13
0.13
0.29
0.29
0.29
0.29
0.17
0.17
0.17
0.17
0.05
0.05
0.05
0.05
0.03
0.03
0.03
0.03
0.07
0.07
0.07
0.07
0.12
0.12
0.12
0.12
0.27
0.27
0.27
0.27
0.41
0.41
0.41
0.41
0.42
0.42
0.42
0.42
0.39
0.39
0.39
0.39
0.4
0.4
0.4
0.4
0.42
0.42
0.42
0.42
0.25
0.25
0.25
0.25
0.02
0.02
0.02
0.02
0.03
0.03
0.03
0.03
0.02
0.02
0.02
0.02
0.02
0.02
0.02
0.02
0.22
0.22
0.22
0.22
0.09
0.09
0.09
0.09
0.18
0.18
0.18
0.18
0.21
0.21
0.21
0.21
0.04
0.04
0.04
0.04
0.03
0.03
0.03
0.03
0.03
0.03
0.03
0.03
0.03
0.03
0.03
0.03
0.14
0.14
0.14
0.14
0.27
0.27
0.27
0.27
0.04
0.04
0.04
0.04
0.03
0.03
0.03
0.03
0.68
0.68
0.68
0.68
0.47
0.47
0.47
0.47
0.17
0.17
0.17
0.17
0.04
0.04
0.04
0.04
0.04
0.04
0.04
0.04
0.04
0.04
0.04
0.04
0.04
0.04
0.04
0.04
0.31
0.31
0.31
0.31
0.42
0.42
0.42
0.42
0.41
0.41
0.41
0.41
0.2
0.2
0.2
0.2
0.06
0.06
0.06
0.06
0.04
0.04
0.04
0.04
0.02
0.02
0.02
0.02
0.02
0.02
0.02
0.02
0.04
0.04
0.04
0.04
0.03
0.03
0.03
0.03
