0.02
0.02
0.02
0.02
0.03
0.03
0.03
0.03
0.02
0.02
0.02
0.02
0.03
0.03
0.03
0.03
0.02
0.02
0.02
0.02
0.03
0.03
0.03
0.03
0.26
0.26
0.26
0.26
0.3
0.3
0.3
0.3
0.14
0.14
0.14
0.14
0.05
0.05
0.05
0.05
0.16
0.16
0.16
0.16
0.11
0.11
0.11
0.11
0.07
0.07
0.07
0.07
0.38
0.38
0.38
0.38
0.28
0.28
0.28
0.28
0.17
0.17
0.17
0.17
0.14
0.14
0.14
0.14
0.1
0.1
0.1
0.1
0.09
0.09
0.09
0.09
0.07
0.07
0.07
0.07
0.06
0.06
0.06
0.06
0.03
0.03
0.03
0.03
0.01
0.01
0.01
0.01
0.03
0.03
0.03
0.03
0.01
0.01
0.01
0.01
0.12
0.12
0.12
0.12
0.05
0.05
0.05
0.05
0.11
0.11
0.11
0.11
0.1
0.1
0.1
0.1
0.34
0.34
0.34
0.34
0.2
0.2
0.2
0.2
0.09
0.09
0.09
0.09
0.13
0.13
0.13
0.13
0.2
0.2
0.2
0.2
0.09
0.09
0.09
0.09
0.17
0.17
0.17
0.17
0.09
0.09
0.09
0.09
0.11
0.11
0.11
0.11
0.22
0.22
0.22
0.22
0.28
0.28
0.28
0.28
0.21
0.21
0.21
0.21
0.13
0.13
0.13
0.13
0.25
0.25
0.25
0.25
0.1
0.1
0.1
0.1
0.09
0.09
0.09
0.09
0.08
0.08
0.08
0.08
0.04
0.04
0.04
0.04
0.02
0.02
0.02
0.02
0.03
0.03
0.03
0.03
0.02
0.02
0.02
0.02
0.03
0.03
0.03
0.03
0.02
0.02
0.02
0.02
0.03
0.03
0.03
0.03
0.37
0.37
0.37
0.37
0.09
0.09
0.09
0.09
0.08
0.08
0.08
0.08
0.06
0.06
0.06
0.06
0.04
0.04
0.04
0.04
0.04
0.04
0.04
0.04
0.05
0.05
0.05
0.05
0.04
0.04
0.04
0.04
0.04
0.04
0.04
0.04
0.05
0.05
0.05
0.05
0.04
0.04
0.04
0.04
0.09
0.09
0.09
0.09
0.25
0.25
0.25
0.25
0.12
0.12
0.12
0.12
0.11
0.11
0.11
0.11
0.11
0.11
0.11
0.11
0.05
0.05
0.05
0.05
0.04
0.04
0.04
0.04
0.05
0.05
0.05
0.05
0.05
0.05
0.05
0.05
0.05
0.05
0.05
0.05
0.04
0.04
0.04
0.04
0.04
0.04
0.04
0.04
0.05
0.05
0.05
0.05
0.22
0.22
0.22
0.22
0.1
0.1
0.1
0.1
0.06
0.06
0.06
0.06
0.02
0.02
0.02
0.02
0.02
0.02
0.02
0.02
0.04
0.04
0.04
0.04
0.01
0.01
0.01
0.01
0.03
0.03
0.03
0.03
0.03
0.03
0.03
0.03
0.01
0.01
0.01
0.01
0.03
0.03
0.03
0.03
0.03
0.03
0.03
0.03
0.02
0.02
0.02
0.02
0.15
0.15
0.15
0.15
0.25
0.25
0.25
0.25
0.12
0.12
0.12
0.12
0.36
0.36
0.36
0.36
0.43
0.43
0.43
0.43
0.13
0.13
0.13
0.13
0.04
0.04
0.04
0.04
0.04
0.04
0.04
0.04
0.03
0.03
0.03
0.03
0.03
0.03
0.03
0.03
0.13
0.13
0.13
0.13
0.11
0.11
0.11
0.11
0.11
0.11
0.11
0.11
0.06
0.06
0.06
0.06
0.04
0.04
0.04
0.04
0.04
0.04
0.04
0.04
0.04
0.04
0.04
0.04
0.03
0.03
0.03
0.03
0.03
0.03
0.03
0.03
0.04
0.04
0.04
0.04
0.04
0.04
0.04
0.04
0.04
0.04
0.04
0.04
0.15
0.15
0.15
0.15
0.17
0.17
0.17
0.17
0.14
0.14
0.14
0.14
0.08
0.08
0.08
0.08
0.1
0.1
0.1
0.1
0.09
0.09
0.09
0.09
0.07
0.07
0.07
0.07
0.02
0.02
0.02
0.02
0.02
0.02
0.02
0.02
0.02
0.02
0.02
0.02
0.02
0.02
0.02
0.02
0.02
0.02
0.02
0.02
0.03
0.03
0.03
0.03
0.12
0.12
0.12
0.12
0.15
0.15
0.15
0.15
0.16
0.16
0.16
0.16
0.08
0.08
0.08
0.08
0.08
0.08
0.08
0.08
0.1
0.1
0.1
0.1
0.11
0.11
0.11
0.11
0.08
0.08
0.08
0.08
0.11
0.11
0.11
0.11
0.32
0.32
0.32
0.32
0.1
0.1
0.1
0.1
0.09
0.09
0.09
0.09
0.17
0.17
0.17
0.17
0.14
0.14
0.14
0.14
0.1
0.1
0.1
0.1
0.02
0.02
0.02
0.02
0.03
0.03
0.03
0.03
0.03
0.03
0.03
0.03
0.03
0.03
0.03
0.03
0.02
0.02
0.02
0.02
0.02
0.02
0.02
0.02
0.02
0.02
0.02
0.02
0.02
0.02
0.02
0.02
0.02
0.02
0.02
0.02
0.03
0.03
0.03
0.03
0.03
0.03
0.03
0.03
0.04
0.04
0.04
0.04
0.19
0.19
0.19
0.19
0.05
0.05
0.05
0.05
0.06
0.06
0.06
0.06
0.4
0.4
0.4
0.4
0.1
0.1
0.1
0.1
0.07
0.07
0.07
0.07
0.07
0.07
0.07
0.07
0.15
0.15
0.15
0.15
0.08
0.08
0.08
0.08
0.2
0.2
0.2
0.2
0.2
0.2
0.2
0.2
0.23
0.23
0.23
0.23
0.09
0.09
0.09
0.09
0.07
0.07
0.07
0.07
0.08
0.08
0.08
0.08
0.06
0.06
0.06
0.06
0.05
0.05
0.05
0.05
0.05
0.05
0.05
0.05
0.06
0.06
0.06
0.06
0.05
0.05
0.05
0.05
0.07
0.07
0.07
0.07
0.05
0.05
0.05
0.05
0.11
0.11
0.11
0.11
0.11
0.11
0.11
0.11
0.09
0.09
0.09
0.09
0.09
0.09
0.09
0.09
0.14
0.14
0.14
0.14
0.21
0.21
0.21
0.21
0.08
0.08
0.08
0.08
0.06
0.06
0.06
0.06
0.07
0.07
0.07
0.07
0.08
0.08
0.08
0.08
0.13
0.13
0.13
0.13
0.07
0.07
0.07
0.07
0.18
0.18
0.18
0.18
0.08
0.08
0.08
0.08
0.06
0.06
0.06
0.06
0.05
0.05
0.05
0.05
0.05
0.05
0.05
0.05
0.05
0.05
0.05
0.05
0.02
0.02
0.02
0.02
0.03
0.03
0.03
0.03
0.03
0.03
0.03
0.03
0.03
0.03
0.03
0.03
0.11
0.11
0.11
0.11
0.18
0.18
0.18
0.18
0.14
0.14
0.14
0.14
0.05
0.05
0.05
0.05
0.02
0.02
0.02
0.02
0.02
0.02
0.02
0.02
0.02
0.02
0.02
0.02
0.02
0.02
0.02
0.02
0.02
0.02
0.02
0.02
0.02
0.02
0.02
0.02
0.02
0.02
0.02
0.02
0.03
0.03
0.03
0.03
0.16
0.16
0.16
0.16
0.46
0.46
0.46
0.46
0.5
0.5
0.5
0.5
0.24
0.24
0.24
0.24
0.06
0.06
0.06
0.06
0.06
0.06
0.06
0.06
0.06
0.06
0.06
0.06
0.05
0.05
0.05
0.05
0.03
0.03
0.03
0.03
0.03
0.03
0.03
0.03
0.02
0.02
0.02
0.02
0.02
0.02
0.02
0.02
0.02
0.02
0.02
0.02
0.04
0.04
0.04
0.04
0.04
0.04
0.04
0.04
0.02
0.02
0.02
0.02
0.02
0.02
0.02
0.02
0.02
0.02
0.02
0.02
0.02
0.02
0.02
0.02
0.02
0.02
0.02
0.02
0.02
0.02
0.02
0.02
0.02
0.02
0.02
0.02
0.02
0.02
0.02
0.02
0.13
0.13
0.13
0.13
0.11
0.11
0.11
0.11
0.09
0.09
0.09
0.09
0.09
0.09
0.09
0.09
0.12
0.12
0.12
0.12
0.12
0.12
0.12
0.12
0.11
0.11
0.11
0.11
0.1
0.1
0.1
0.1
0.09
0.09
0.09
0.09
0.09
0.09
0.09
0.09
0.09
0.09
0.09
0.09
0.09
0.09
0.09
0.09
0.09
0.09
0.09
0.09
0.1
0.1
0.1
0.1
0.19
0.19
0.19
0.19
0.18
0.18
0.18
0.18
0.05
0.05
0.05
0.05
0.02
0.02
0.02
0.02
0.03
0.03
0.03
0.03
0.03
0.03
0.03
0.03
0.02
0.02
0.02
0.02
0.03
0.03
0.03
0.03
0.03
0.03
0.03
0.03
0.02
0.02
0.02
0.02
0.03
0.03
0.03
0.03
0.03
0.03
0.03
0.03
0.15
0.15
0.15
0.15
0.11
0.11
0.11
0.11
0.11
0.11
0.11
0.11
0.11
0.11
0.11
0.11
0.08
0.08
0.08
0.08
0.07
0.07
0.07
0.07
0.03
0.03
0.03
0.03
0.03
0.03
0.03
0.03
0.03
0.03
0.03
0.03
0.02
0.02
0.02
0.02
0.08
0.08
0.08
0.08
0.13
0.13
0.13
0.13
0.12
0.12
0.12
0.12
0.1
0.1
0.1
0.1
0.07
0.07
0.07
0.07
0.07
0.07
0.07
0.07
0.06
0.06
0.06
0.06
0.07
0.07
0.07
0.07
0.07
0.07
0.07
0.07
0.06
0.06
0.06
0.06
0.07
0.07
0.07
0.07
0.07
0.07
0.07
0.07
0.06
0.06
0.06
0.06
0.1
0.1
0.1
0.1
0.21
0.21
0.21
0.21
0.12
0.12
0.12
0.12
0.11
0.11
0.11
0.11
0.11
0.11
0.11
0.11
0.11
0.11
0.11
0.11
0.12
0.12
0.12
0.12
0.05
0.05
0.05
0.05
0.01
0.01
0.01
0.01
0.02
0.02
0.02
0.02
0.02
0.02
0.02
0.02
0.02
0.02
0.02
0.02
0.04
0.04
0.04
0.04
