0.02
0.02
0.02
0.02
0.03
0.03
0.03
0.03
0.02
0.02
0.02
0.02
0.03
0.03
0.03
0.03
0.09
0.09
0.09
0.09
0.12
0.12
0.12
0.12
0.07
0.07
0.07
0.07
0.04
0.04
0.04
0.04
0.03
0.03
0.03
0.03
0.05
0.05
0.05
0.05
0.04
0.04
0.04
0.04
0.22
0.22
0.22
0.22
0.51
0.51
0.51
0.51
0.12
0.12
0.12
0.12
0.18
0.18
0.18
0.18
0.08
0.08
0.08
0.08
0.03
0.03
0.03
0.03
0.16
0.16
0.16
0.16
0.06
0.06
0.06
0.06
0.33
0.33
0.33
0.33
0.16
0.16
0.16
0.16
0.04
0.04
0.04
0.04
0.03
0.03
0.03
0.03
0.04
0.04
0.04
0.04
0.03
0.03
0.03
0.03
0.04
0.04
0.04
0.04
0.03
0.03
0.03
0.03
0.04
0.04
0.04
0.04
0.03
0.03
0.03
0.03
0.09
0.09
0.09
0.09
0.21
0.21
0.21
0.21
0.04
0.04
0.04
0.04
0.44
0.44
0.44
0.44
0.26
0.26
0.26
0.26
0.22
0.22
0.22
0.22
0.02
0.02
0.02
0.02
0.02
0.02
0.02
0.02
0.02
0.02
0.02
0.02
0.08
0.08
0.08
0.08
0.04
0.04
0.04
0.04
0.01
0.01
0.01
0.01
0.05
0.05
0.05
0.05
0.07
0.07
0.07
0.07
0.04
0.04
0.04
0.04
0.01
0.01
0.01
0.01
0.02
0.02
0.02
0.02
0.01
0.01
0.01
0.01
0.02
0.02
0.02
0.02
0.01
0.01
0.01
0.01
0.02
0.02
0.02
0.02
0.01
0.01
0.01
0.01
0.02
0.02
0.02
0.02
0.01
0.01
0.01
0.01
0.08
0.08
0.08
0.08
0.15
0.15
0.15
0.15
0.04
0.04
0.04
0.04
0.11
0.11
0.11
0.11
0.16
0.16
0.16
0.16
0.05
0.05
0.05
0.05
0.02
0.02
0.02
0.02
0.02
0.02
0.02
0.02
0.03
0.03
0.03
0.03
0.01
0.01
0.01
0.01
0.05
0.05
0.05
0.05
0.07
0.07
0.07
0.07
0.2
0.2
0.2
0.2
0.24
0.24
0.24
0.24
0.23
0.23
0.23
0.23
0.06
0.06
0.06
0.06
0.02
0.02
0.02
0.02
0.03
0.03
0.03
0.03
0.02
0.02
0.02
0.02
0.03
0.03
0.03
0.03
0.02
0.02
0.02
0.02
0.03
0.03
0.03
0.03
0.02
0.02
0.02
0.02
0.12
0.12
0.12
0.12
0.16
0.16
0.16
0.16
0.03
0.03
0.03
0.03
0.02
0.02
0.02
0.02
0.03
0.03
0.03
0.03
0.02
0.02
0.02
0.02
0.06
0.06
0.06
0.06
0.03
0.03
0.03
0.03
0.04
0.04
0.04
0.04
0.03
0.03
0.03
0.03
0.05
0.05
0.05
0.05
0.55
0.55
0.55
0.55
0.23
0.23
0.23
0.23
0.5
0.5
0.5
0.5
0.08
0.08
0.08
0.08
0.06
0.06
0.06
0.06
0.05
0.05
0.05
0.05
0.04
0.04
0.04
0.04
0.02
0.02
0.02
0.02
0.03
0.03
0.03
0.03
0.02
0.02
0.02
0.02
0.03
0.03
0.03
0.03
0.02
0.02
0.02
0.02
0.04
0.04
0.04
0.04
0.13
0.13
0.13
0.13
0.01
0.01
0.01
0.01
0.07
0.07
0.07
0.07
0.08
0.08
0.08
0.08
0.09
0.09
0.09
0.09
0.02
0.02
0.02
0.02
0.04
0.04
0.04
0.04
0.03
0.03
0.03
0.03
0.04
0.04
0.04
0.04
0.08
0.08
0.08
0.08
0.04
0.04
0.04
0.04
0.03
0.03
0.03
0.03
0.1
0.1
0.1
0.1
0.04
0.04
0.04
0.04
0.11
0.11
0.11
0.11
0.05
0.05
0.05
0.05
0.06
0.06
0.06
0.06
0.04
0.04
0.04
0.04
0.03
0.03
0.03
0.03
0.02
0.02
0.02
0.02
0.02
0.02
0.02
0.02
0.02
0.02
0.02
0.02
0.02
0.02
0.02
0.02
0.02
0.02
0.02
0.02
0.19
0.19
0.19
0.19
0.1
0.1
0.1
0.1
0.05
0.05
0.05
0.05
0.03
0.03
0.03
0.03
0.04
0.04
0.04
0.04
0.03
0.03
0.03
0.03
0.03
0.03
0.03
0.03
0.11
0.11
0.11
0.11
0.09
0.09
0.09
0.09
0.24
0.24
0.24
0.24
0.39
0.39
0.39
0.39
0.11
0.11
0.11
0.11
0.39
0.39
0.39
0.39
0.14
0.14
0.14
0.14
0.06
0.06
0.06
0.06
0.06
0.06
0.06
0.06
0.05
0.05
0.05
0.05
0.03
0.03
0.03
0.03
0.04
0.04
0.04
0.04
0.03
0.03
0.03
0.03
0.03
0.03
0.03
0.03
0.03
0.03
0.03
0.03
0.03
0.03
0.03
0.03
0.05
0.05
0.05
0.05
0.18
0.18
0.18
0.18
0.11
0.11
0.11
0.11
0.07
0.07
0.07
0.07
0.03
0.03
0.03
0.03
0.03
0.03
0.03
0.03
0.04
0.04
0.04
0.04
0.02
0.02
0.02
0.02
0.04
0.04
0.04
0.04
0.21
0.21
0.21
0.21
0.08
0.08
0.08
0.08
0.16
0.16
0.16
0.16
0.03
0.03
0.03
0.03
0.04
0.04
0.04
0.04
0.14
0.14
0.14
0.14
0.05
0.05
0.05
0.05
0.06
0.06
0.06
0.06
0.05
0.05
0.05
0.05
0.02
0.02
0.02
0.02
0.03
0.03
0.03
0.03
0.02
0.02
0.02
0.02
0.03
0.03
0.03
0.03
0.02
0.02
0.02
0.02
0.03
0.03
0.03
0.03
0.02
0.02
0.02
0.02
0.22
0.22
0.22
0.22
0.12
0.12
0.12
0.12
0.04
0.04
0.04
0.04
0.02
0.02
0.02
0.02
0.04
0.04
0.04
0.04
0.06
0.06
0.06
0.06
0.05
0.05
0.05
0.05
0.04
0.04
0.04
0.04
0.03
0.03
0.03
0.03
0.02
0.02
0.02
0.02
0.04
0.04
0.04
0.04
0.02
0.02
0.02
0.02
0.04
0.04
0.04
0.04
0.07
0.07
0.07
0.07
0.08
0.08
0.08
0.08
0.04
0.04
0.04
0.04
0.04
0.04
0.04
0.04
0.05
0.05
0.05
0.05
0.04
0.04
0.04
0.04
0.03
0.03
0.03
0.03
0.02
0.02
0.02
0.02
0.02
0.02
0.02
0.02
0.03
0.03
0.03
0.03
0.03
0.03
0.03
0.03
0.02
0.02
0.02
0.02
0.17
0.17
0.17
0.17
0.08
0.08
0.08
0.08
0.06
0.06
0.06
0.06
0.03
0.03
0.03
0.03
0.17
0.17
0.17
0.17
0.04
0.04
0.04
0.04
0.04
0.04
0.04
0.04
0.04
0.04
0.04
0.04
0.08
0.08
0.08
0.08
0.05
0.05
0.05
0.05
0.01
0.01
0.01
0.01
0.02
0.02
0.02
0.02
0.05
0.05
0.05
0.05
0.17
0.17
0.17
0.17
0.05
0.05
0.05
0.05
0.02
0.02
0.02
0.02
0.03
0.03
0.03
0.03
0.02
0.02
0.02
0.02
0.03
0.03
0.03
0.03
0.02
0.02
0.02
0.02
0.03
0.03
0.03
0.03
0.02
0.02
0.02
0.02
0.02
0.02
0.02
0.02
0.03
0.03
0.03
0.03
0.22
0.22
0.22
0.22
0.05
0.05
0.05
0.05
0.06
0.06
0.06
0.06
0.27
0.27
0.27
0.27
0.09
0.09
0.09
0.09
0.03
0.03
0.03
0.03
0.04
0.04
0.04
0.04
0.03
0.03
0.03
0.03
0.02
0.02
0.02
0.02
0.02
0.02
0.02
0.02
0.04
0.04
0.04
0.04
0.1
0.1
0.1
0.1
0.18
0.18
0.18
0.18
0.37
0.37
0.37
0.37
0.05
0.05
0.05
0.05
0.04
0.04
0.04
0.04
0.04
0.04
0.04
0.04
0.03
0.03
0.03
0.03
0.03
0.03
0.03
0.03
0.04
0.04
0.04
0.04
0.03
0.03
0.03
0.03
0.04
0.04
0.04
0.04
0.03
0.03
0.03
0.03
0.09
0.09
0.09
0.09
0.23
0.23
0.23
0.23
0.31
0.31
0.31
0.31
0.07
0.07
0.07
0.07
0.16
0.16
0.16
0.16
0.08
0.08
0.08
0.08
0.03
0.03
0.03
0.03
0.02
0.02
0.02
0.02
0.02
0.02
0.02
0.02
0.38
0.38
0.38
0.38
0.23
0.23
0.23
0.23
0.24
0.24
0.24
0.24
0.04
0.04
0.04
0.04
0.04
0.04
0.04
0.04
0.03
0.03
0.03
0.03
0.04
0.04
0.04
0.04
0.17
0.17
0.17
0.17
0.42
0.42
0.42
0.42
0.4
0.4
0.4
0.4
0.27
0.27
0.27
0.27
0.04
0.04
0.04
0.04
0.02
0.02
0.02
0.02
0.02
0.02
0.02
0.02
0.02
0.02
0.02
0.02
0.01
0.01
0.01
0.01
0.01
0.01
0.01
0.01
0.13
0.13
0.13
0.13
0.11
0.11
0.11
0.11
0.16
0.16
0.16
0.16
0.04
0.04
0.04
0.04
0.18
0.18
0.18
0.18
0.07
0.07
0.07
0.07
0.03
0.03
0.03
0.03
0.07
0.07
0.07
0.07
0.05
0.05
0.05
0.05
0.03
0.03
0.03
0.03
0.2
0.2
0.2
0.2
0.26
0.26
0.26
0.26
0.16
0.16
0.16
0.16
0.05
0.05
0.05
0.05
0.06
0.06
0.06
0.06
0.02
0.02
0.02
0.02
0.03
0.03
0.03
0.03
0.02
0.02
0.02
0.02
0.03
0.03
0.03
0.03
0.02
0.02
0.02
0.02
0.05
0.05
0.05
0.05
0.03
0.03
0.03
0.03
0.05
0.05
0.05
0.05
