0.01
0.01
0.01
0.01
0.02
0.02
0.02
0.02
0.1
0.1
0.1
0.1
0.08
0.08
0.08
0.08
0.04
0.04
0.04
0.04
0.03
0.03
0.03
0.03
0.02
0.02
0.02
0.02
0.03
0.03
0.03
0.03
0.02
0.02
0.02
0.02
0.03
0.03
0.03
0.03
0.02
0.02
0.02
0.02
0.02
0.02
0.02
0.02
0.02
0.02
0.02
0.02
0.02
0.02
0.02
0.02
0.32
0.32
0.32
0.32
0.05
0.05
0.05
0.05
0.09
0.09
0.09
0.09
0.02
0.02
0.02
0.02
0.03
0.03
0.03
0.03
0.1
0.1
0.1
0.1
0.03
0.03
0.03
0.03
0.02
0.02
0.02
0.02
0.07
0.07
0.07
0.07
0.04
0.04
0.04
0.04
0.03
0.03
0.03
0.03
0.04
0.04
0.04
0.04
0.05
0.05
0.05
0.05
0.1
0.1
0.1
0.1
0.06
0.06
0.06
0.06
0.05
0.05
0.05
0.05
0.07
0.07
0.07
0.07
0.03
0.03
0.03
0.03
0.04
0.04
0.04
0.04
0.03
0.03
0.03
0.03
0.02
0.02
0.02
0.02
0.03
0.03
0.03
0.03
0.02
0.02
0.02
0.02
0.4
0.4
0.4
0.4
0.34
0.34
0.34
0.34
0.15
0.15
0.15
0.15
0.04
0.04
0.04
0.04
0.02
0.02
0.02
0.02
0.04
0.04
0.04
0.04
0.03
0.03
0.03
0.03
0.03
0.03
0.03
0.03
0.03
0.03
0.03
0.03
0.24
0.24
0.24
0.24
0.11
0.11
0.11
0.11
0.05
0.05
0.05
0.05
0.04
0.04
0.04
0.04
0.55
0.55
0.55
0.55
0.06
0.06
0.06
0.06
0.04
0.04
0.04
0.04
0.04
0.04
0.04
0.04
0.05
0.05
0.05
0.05
0.03
0.03
0.03
0.03
0.03
0.03
0.03
0.03
0.02
0.02
0.02
0.02
0.03
0.03
0.03
0.03
0.02
0.02
0.02
0.02
0.03
0.03
0.03
0.03
0.11
0.11
0.11
0.11
0.08
0.08
0.08
0.08
0.05
0.05
0.05
0.05
0.05
0.05
0.05
0.05
0.03
0.03
0.03
0.03
0.13
0.13
0.13
0.13
0.04
0.04
0.04
0.04
0.03
0.03
0.03
0.03
0.09
0.09
0.09
0.09
0.2
0.2
0.2
0.2
0.02
0.02
0.02
0.02
0.03
0.03
0.03
0.03
0.04
0.04
0.04
0.04
0.04
0.04
0.04
0.04
0.06
0.06
0.06
0.06
0.06
0.06
0.06
0.06
0.06
0.06
0.06
0.06
0.05
0.05
0.05
0.05
0.04
0.04
0.04
0.04
0.03
0.03
0.03
0.03
0.02
0.02
0.02
0.02
0.02
0.02
0.02
0.02
0.01
0.01
0.01
0.01
0.02
0.02
0.02
0.02
0.01
0.01
0.01
0.01
0.04
0.04
0.04
0.04
0.21
0.21
0.21
0.21
0.04
0.04
0.04
0.04
0.04
0.04
0.04
0.04
0.03
0.03
0.03
0.03
0.31
0.31
0.31
0.31
0.09
0.09
0.09
0.09
0.02
0.02
0.02
0.02
0.02
0.02
0.02
0.02
0.02
0.02
0.02
0.02
0.01
0.01
0.01
0.01
0.03
0.03
0.03
0.03
0.04
0.04
0.04
0.04
0.04
0.04
0.04
0.04
0.18
0.18
0.18
0.18
0.06
0.06
0.06
0.06
0.05
0.05
0.05
0.05
0.04
0.04
0.04
0.04
0.04
0.04
0.04
0.04
0.03
0.03
0.03
0.03
0.04
0.04
0.04
0.04
0.03
0.03
0.03
0.03
0.04
0.04
0.04
0.04
0.03
0.03
0.03
0.03
0.03
0.03
0.03
0.03
0.05
0.05
0.05
0.05
0.06
0.06
0.06
0.06
0.12
0.12
0.12
0.12
0.04
0.04
0.04
0.04
0.23
0.23
0.23
0.23
0.11
0.11
0.11
0.11
0.03
0.03
0.03
0.03
0.16
0.16
0.16
0.16
0.25
0.25
0.25
0.25
0.13
0.13
0.13
0.13
0.24
0.24
0.24
0.24
0.05
0.05
0.05
0.05
0.07
0.07
0.07
0.07
0.07
0.07
0.07
0.07
0.08
0.08
0.08
0.08
0.09
0.09
0.09
0.09
0.06
0.06
0.06
0.06
0.03
0.03
0.03
0.03
0.02
0.02
0.02
0.02
0.02
0.02
0.02
0.02
0.03
0.03
0.03
0.03
0.01
0.01
0.01
0.01
0.02
0.02
0.02
0.02
0.02
0.02
0.02
0.02
0.08
0.08
0.08
0.08
0.13
0.13
0.13
0.13
0.04
0.04
0.04
0.04
0.07
0.07
0.07
0.07
0.38
0.38
0.38
0.38
0.02
0.02
0.02
0.02
0.01
0.01
0.01
0.01
0.02
0.02
0.02
0.02
0.01
0.01
0.01
0.01
0.02
0.02
0.02
0.02
0.02
0.02
0.02
0.02
0.03
0.03
0.03
0.03
0.09
0.09
0.09
0.09
0.06
0.06
0.06
0.06
0.04
0.04
0.04
0.04
0.05
0.05
0.05
0.05
0.05
0.05
0.05
0.05
0.03
0.03
0.03
0.03
0.03
0.03
0.03
0.03
0.02
0.02
0.02
0.02
0.02
0.02
0.02
0.02
0.01
0.01
0.01
0.01
0.02
0.02
0.02
0.02
0.14
0.14
0.14
0.14
0.23
0.23
0.23
0.23
0.02
0.02
0.02
0.02
0.01
0.01
0.01
0.01
0.02
0.02
0.02
0.02
0.02
0.02
0.02
0.02
0.02
0.02
0.02
0.02
0.02
0.02
0.02
0.02
0.2
0.2
0.2
0.2
0.15
0.15
0.15
0.15
0.08
0.08
0.08
0.08
0.08
0.08
0.08
0.08
0.04
0.04
0.04
0.04
0.12
0.12
0.12
0.12
0.04
0.04
0.04
0.04
0.05
0.05
0.05
0.05
0.06
0.06
0.06
0.06
0.02
0.02
0.02
0.02
0.02
0.02
0.02
0.02
0.01
0.01
0.01
0.01
0.02
0.02
0.02
0.02
0.01
0.01
0.01
0.01
0.02
0.02
0.02
0.02
0.02
0.02
0.02
0.02
0.14
0.14
0.14
0.14
0.03
0.03
0.03
0.03
0.14
0.14
0.14
0.14
0.02
0.02
0.02
0.02
0.05
0.05
0.05
0.05
0.03
0.03
0.03
0.03
0.04
0.04
0.04
0.04
0.03
0.03
0.03
0.03
0.02
0.02
0.02
0.02
0.08
0.08
0.08
0.08
0.03
0.03
0.03
0.03
0.03
0.03
0.03
0.03
0.21
0.21
0.21
0.21
0.09
0.09
0.09
0.09
0.07
0.07
0.07
0.07
0.06
0.06
0.06
0.06
0.0
0.0
0.0
0.0
0.0
0.0
0.0
0.0
0.0
0.0
0.0
0.0
0.0
0.0
0.0
0.0
0.0
0.0
0.0
0.0
0.0
0.0
0.0
0.0
0.0
0.0
0.0
0.0
0.0
0.0
0.0
0.0
0.0
0.0
0.0
0.0
0.0
0.0
0.0
0.0
0.0
0.0
0.0
0.0
0.0
0.0
0.0
0.0
0.0
0.0
0.0
0.0
0.0
0.0
0.0
0.0
0.0
0.0
0.0
0.0
0.0
0.0
0.0
0.0
0.0
0.0
0.0
0.0
0.0
0.0
0.0
0.0
0.0
0.0
0.0
0.0
0.0
0.0
0.0
0.0
0.0
0.0
0.0
0.0
0.0
0.0
0.0
0.0
0.0
0.0
0.0
0.0
0.0
0.0
0.0
0.0
0.06
0.06
0.06
0.06
0.05
0.05
0.05
0.05
0.06
0.06
0.06
0.06
0.04
0.04
0.04
0.04
0.03
0.03
0.03
0.03
0.04
0.04
0.04
0.04
0.03
0.03
0.03
0.03
0.04
0.04
0.04
0.04
0.03
0.03
0.03
0.03
0.04
0.04
0.04
0.04
0.29
0.29
0.29
0.29
0.05
0.05
0.05
0.05
0.02
0.02
0.02
0.02
0.02
0.02
0.02
0.02
0.02
0.02
0.02
0.02
0.03
0.03
0.03
0.03
0.19
0.19
0.19
0.19
0.01
0.01
0.01
0.01
0.03
0.03
0.03
0.03
0.03
0.03
0.03
0.03
0.13
0.13
0.13
0.13
0.07
0.07
0.07
0.07
0.05
0.05
0.05
0.05
0.07
0.07
0.07
0.07
0.05
0.05
0.05
0.05
0.07
0.07
0.07
0.07
0.06
0.06
0.06
0.06
0.05
0.05
0.05
0.05
0.04
0.04
0.04
0.04
0.03
0.03
0.03
0.03
0.04
0.04
0.04
0.04
0.04
0.04
0.04
0.04
0.18
0.18
0.18
0.18
0.1
0.1
0.1
0.1
0.06
0.06
0.06
0.06
0.13
0.13
0.13
0.13
0.02
0.02
0.02
0.02
0.02
0.02
0.02
0.02
0.03
0.03
0.03
0.03
0.02
0.02
0.02
0.02
0.03
0.03
0.03
0.03
0.07
0.07
0.07
0.07
0.01
0.01
0.01
0.01
0.1
0.1
0.1
0.1
0.1
0.1
0.1
0.1
0.17
0.17
0.17
0.17
0.04
0.04
0.04
0.04
0.03
0.03
0.03
0.03
0.03
0.03
0.03
0.03
0.04
0.04
0.04
0.04
0.03
0.03
0.03
0.03
0.02
0.02
0.02
0.02
0.04
0.04
0.04
0.04
0.03
0.03
0.03
0.03
0.04
0.04
0.04
0.04
0.03
0.03
0.03
0.03
0.03
0.03
0.03
0.03
0.05
0.05
0.05
0.05
0.12
0.12
0.12
0.12
0.17
0.17
0.17
0.17
0.42
0.42
0.42
0.42
0.11
0.11
0.11
0.11
0.04
0.04
0.04
0.04
0.02
0.02
0.02
0.02
0.04
0.04
0.04
0.04
0.03
0.03
0.03
0.03
0.04
0.04
0.04
0.04
0.11
0.11
0.11
0.11
0.12
0.12
0.12
0.12
0.14
0.14
0.14
0.14
0.07
0.07
0.07
0.07
