0.29
0.29
0.29
0.29
0.37
0.37
0.37
0.37
0.3
0.3
0.3
0.3
0.39
0.39
0.39
0.39
1.06
1.06
1.06
1.06
0.02
0.02
0.02
0.02
0.02
0.02
0.02
0.02
0.01
0.01
0.01
0.01
0.16
0.16
0.16
0.16
1.84
1.84
1.84
1.84
0.47
0.47
0.47
0.47
0.24
0.24
0.24
0.24
0.69
0.69
0.69
0.69
1.18
1.18
1.18
1.18
0.37
0.37
0.37
0.37
0.37
0.37
0.37
0.37
0.37
0.37
0.37
0.37
0.37
0.37
0.37
0.37
0.37
0.37
0.37
0.37
0.37
0.37
0.37
0.37
0.37
0.37
0.37
0.37
0.37
0.37
0.37
0.37
0.32
0.32
0.32
0.32
0.4
0.4
0.4
0.4
0.32
0.32
0.32
0.32
0.79
0.79
0.79
0.79
0.47
0.47
0.47
0.47
0.03
0.03
0.03
0.03
0.04
0.04
0.04
0.04
0.04
0.04
0.04
0.04
1.38
1.38
1.38
1.38
1.42
1.42
1.42
1.42
0.07
0.07
0.07
0.07
0.13
0.13
0.13
0.13
0.07
0.07
0.07
0.07
0.11
0.11
0.11
0.11
0.09
0.09
0.09
0.09
0.08
0.08
0.08
0.08
0.14
0.14
0.14
0.14
0.34
0.34
0.34
0.34
0.34
0.34
0.34
0.34
0.33
0.33
0.33
0.33
0.34
0.34
0.34
0.34
0.33
0.33
0.33
0.33
0.24
0.24
0.24
0.24
0.48
0.48
0.48
0.48
0.15
0.15
0.15
0.15
0.08
0.08
0.08
0.08
0.02
0.02
0.02
0.02
0.02
0.02
0.02
0.02
0.02
0.02
0.02
0.02
0.01
0.01
0.01
0.01
0.02
0.02
0.02
0.02
0.01
0.01
0.01
0.01
0.02
0.02
0.02
0.02
0.07
0.07
0.07
0.07
0.13
0.13
0.13
0.13
1.32
1.32
1.32
1.32
0.53
0.53
0.53
0.53
0.17
0.17
0.17
0.17
0.11
0.11
0.11
0.11
0.08
0.08
0.08
0.08
1.42
1.42
1.42
1.42
1.61
1.61
1.61
1.61
0.08
0.08
0.08
0.08
0.09
0.09
0.09
0.09
0.09
0.09
0.09
0.09
0.09
0.09
0.09
0.09
0.09
0.09
0.09
0.09
0.24
0.24
0.24
0.24
0.11
0.11
0.11
0.11
0.09
0.09
0.09
0.09
0.02
0.02
0.02
0.02
0.03
0.03
0.03
0.03
0.03
0.03
0.03
0.03
0.02
0.02
0.02
0.02
0.03
0.03
0.03
0.03
0.03
0.03
0.03
0.03
0.05
0.05
0.05
0.05
0.08
0.08
0.08
0.08
0.13
0.13
0.13
0.13
0.13
0.13
0.13
0.13
0.16
0.16
0.16
0.16
0.11
0.11
0.11
0.11
0.09
0.09
0.09
0.09
0.22
0.22
0.22
0.22
0.34
0.34
0.34
0.34
0.35
0.35
0.35
0.35
0.35
0.35
0.35
0.35
0.35
0.35
0.35
0.35
0.34
0.34
0.34
0.34
0.35
0.35
0.35
0.35
1.71
1.71
1.71
1.71
0.27
0.27
0.27
0.27
0.07
0.07
0.07
0.07
0.03
0.03
0.03
0.03
0.02
0.02
0.02
0.02
0.03
0.03
0.03
0.03
0.03
0.03
0.03
0.03
0.02
0.02
0.02
0.02
0.03
0.03
0.03
0.03
0.03
0.03
0.03
0.03
0.03
0.03
0.03
0.03
0.08
0.08
0.08
0.08
0.05
0.05
0.05
0.05
0.81
0.81
0.81
0.81
1.1
1.1
1.1
1.1
0.62
0.62
0.62
0.62
0.38
0.38
0.38
0.38
0.06
0.06
0.06
0.06
0.06
0.06
0.06
0.06
0.05
0.05
0.05
0.05
0.04
0.04
0.04
0.04
0.03
0.03
0.03
0.03
0.04
0.04
0.04
0.04
0.03
0.03
0.03
0.03
0.04
0.04
0.04
0.04
0.45
0.45
0.45
0.45
0.17
0.17
0.17
0.17
0.02
0.02
0.02
0.02
0.01
0.01
0.01
0.01
0.02
0.02
0.02
0.02
0.02
0.02
0.02
0.02
0.01
0.01
0.01
0.01
0.02
0.02
0.02
0.02
0.01
0.01
0.01
0.01
0.04
0.04
0.04
0.04
0.06
0.06
0.06
0.06
0.06
0.06
0.06
0.06
1.43
1.43
1.43
1.43
0.94
0.94
0.94
0.94
0.7
0.7
0.7
0.7
0.24
0.24
0.24
0.24
0.09
0.09
0.09
0.09
0.09
0.09
0.09
0.09
0.08
0.08
0.08
0.08
0.05
0.05
0.05
0.05
0.03
0.03
0.03
0.03
0.04
0.04
0.04
0.04
0.04
0.04
0.04
0.04
0.03
0.03
0.03
0.03
0.04
0.04
0.04
0.04
0.04
0.04
0.04
0.04
0.07
0.07
0.07
0.07
0.27
0.27
0.27
0.27
0.05
0.05
0.05
0.05
0.09
0.09
0.09
0.09
0.29
0.29
0.29
0.29
1.72
1.72
1.72
1.72
0.8
0.8
0.8
0.8
0.03
0.03
0.03
0.03
0.03
0.03
0.03
0.03
0.04
0.04
0.04
0.04
0.08
0.08
0.08
0.08
0.04
0.04
0.04
0.04
0.14
0.14
0.14
0.14
0.11
0.11
0.11
0.11
1.06
1.06
1.06
1.06
0.52
0.52
0.52
0.52
0.48
0.48
0.48
0.48
0.41
0.41
0.41
0.41
0.45
0.45
0.45
0.45
0.36
0.36
0.36
0.36
0.43
0.43
0.43
0.43
0.37
0.37
0.37
0.37
0.33
0.33
0.33
0.33
0.38
0.38
0.38
0.38
0.18
0.18
0.18
0.18
0.14
0.14
0.14
0.14
0.3
0.3
0.3
0.3
0.12
0.12
0.12
0.12
0.02
0.02
0.02
0.02
0.31
0.31
0.31
0.31
0.08
0.08
0.08
0.08
0.05
0.05
0.05
0.05
0.03
0.03
0.03
0.03
0.12
0.12
0.12
0.12
0.77
0.77
0.77
0.77
0.49
0.49
0.49
0.49
0.38
0.38
0.38
0.38
0.18
0.18
0.18
0.18
0.08
0.08
0.08
0.08
0.07
0.07
0.07
0.07
0.04
0.04
0.04
0.04
0.04
0.04
0.04
0.04
0.05
0.05
0.05
0.05
0.04
0.04
0.04
0.04
0.03
0.03
0.03
0.03
0.03
0.03
0.03
0.03
1.77
1.77
1.77
1.77
0.32
0.32
0.32
0.32
0.03
0.03
0.03
0.03
0.02
0.02
0.02
0.02
0.03
0.03
0.03
0.03
0.03
0.03
0.03
0.03
0.03
0.03
0.03
0.03
0.02
0.02
0.02
0.02
0.03
0.03
0.03
0.03
0.03
0.03
0.03
0.03
0.06
0.06
0.06
0.06
0.17
0.17
0.17
0.17
1.38
1.38
1.38
1.38
1.3
1.3
1.3
1.3
0.08
0.08
0.08
0.08
0.07
0.07
0.07
0.07
0.1
0.1
0.1
0.1
0.07
0.07
0.07
0.07
0.03
0.03
0.03
0.03
0.04
0.04
0.04
0.04
0.04
0.04
0.04
0.04
0.04
0.04
0.04
0.04
0.04
0.04
0.04
0.04
0.03
0.03
0.03
0.03
0.56
0.56
0.56
0.56
0.17
0.17
0.17
0.17
0.02
0.02
0.02
0.02
0.02
0.02
0.02
0.02
0.02
0.02
0.02
0.02
0.03
0.03
0.03
0.03
0.02
0.02
0.02
0.02
0.02
0.02
0.02
0.02
0.03
0.03
0.03
0.03
0.02
0.02
0.02
0.02
0.04
0.04
0.04
0.04
1.04
1.04
1.04
1.04
1.37
1.37
1.37
1.37
0.18
0.18
0.18
0.18
0.73
0.73
0.73
0.73
1.19
1.19
1.19
1.19
0.05
0.05
0.05
0.05
0.05
0.05
0.05
0.05
0.03
0.03
0.03
0.03
0.04
0.04
0.04
0.04
0.03
0.03
0.03
0.03
0.06
0.06
0.06
0.06
0.03
0.03
0.03
0.03
0.22
0.22
0.22
0.22
1.05
1.05
1.05
1.05
0.27
0.27
0.27
0.27
0.02
0.02
0.02
0.02
0.02
0.02
0.02
0.02
0.03
0.03
0.03
0.03
0.02
0.02
0.02
0.02
0.03
0.03
0.03
0.03
0.02
0.02
0.02
0.02
0.03
0.03
0.03
0.03
0.02
0.02
0.02
0.02
0.04
0.04
0.04
0.04
0.6
0.6
0.6
0.6
1.88
1.88
1.88
1.88
1.0
1.0
1.0
1.0
0.17
0.17
0.17
0.17
0.07
0.07
0.07
0.07
0.03
0.03
0.03
0.03
0.05
0.05
0.05
0.05
0.03
0.03
0.03
0.03
0.04
0.04
0.04
0.04
0.04
0.04
0.04
0.04
0.03
0.03
0.03
0.03
0.04
0.04
0.04
0.04
0.03
0.03
0.03
0.03
1.25
1.25
1.25
1.25
1.44
1.44
1.44
1.44
0.04
0.04
0.04
0.04
0.04
0.04
0.04
0.04
0.04
0.04
0.04
0.04
0.03
0.03
0.03
0.03
0.04
0.04
0.04
0.04
0.03
0.03
0.03
0.03
0.04
0.04
0.04
0.04
0.04
0.04
0.04
0.04
0.06
0.06
0.06
0.06
0.08
0.08
0.08
0.08
1.02
1.02
1.02
1.02
1.65
1.65
1.65
1.65
0.05
0.05
0.05
0.05
0.04
0.04
0.04
0.04
0.04
0.04
0.04
0.04
0.03
0.03
0.03
0.03
0.03
0.03
0.03
0.03
0.03
0.03
0.03
0.03
0.02
0.02
0.02
0.02
0.03
0.03
0.03
0.03
0.02
0.02
0.02
0.02
0.2
0.2
0.2
0.2
2.19
2.19
2.19
2.19
0.69
0.69
0.69
0.69
0.04
0.04
0.04
0.04
0.03
0.03
0.03
0.03
0.03
0.03
0.03
0.03
0.03
0.03
0.03
0.03
0.03
0.03
0.03
0.03
0.03
0.03
0.03
0.03
