0.12
0.12
0.12
0.12
1.5
1.5
1.5
1.5
0.36
0.36
0.36
0.36
0.03
0.03
0.03
0.03
0.04
0.04
0.04
0.04
0.04
0.04
0.04
0.04
0.03
0.03
0.03
0.03
0.04
0.04
0.04
0.04
0.04
0.04
0.04
0.04
0.05
0.05
0.05
0.05
0.54
0.54
0.54
0.54
0.08
0.08
0.08
0.08
0.08
0.08
0.08
0.08
0.03
0.03
0.03
0.03
0.05
0.05
0.05
0.05
0.03
0.03
0.03
0.03
0.02
0.02
0.02
0.02
0.01
0.01
0.01
0.01
0.02
0.02
0.02
0.02
0.02
0.02
0.02
0.02
0.04
0.04
0.04
0.04
0.05
0.05
0.05
0.05
0.06
0.06
0.06
0.06
0.02
0.02
0.02
0.02
0.03
0.03
0.03
0.03
0.02
0.02
0.02
0.02
0.02
0.02
0.02
0.02
0.01
0.01
0.01
0.01
0.03
0.03
0.03
0.03
0.02
0.02
0.02
0.02
0.02
0.02
0.02
0.02
0.02
0.02
0.02
0.02
0.01
0.01
0.01
0.01
0.02
0.02
0.02
0.02
0.16
0.16
0.16
0.16
0.51
0.51
0.51
0.51
0.03
0.03
0.03
0.03
0.02
0.02
0.02
0.02
0.02
0.02
0.02
0.02
0.03
0.03
0.03
0.03
0.07
0.07
0.07
0.07
0.04
0.04
0.04
0.04
0.03
0.03
0.03
0.03
0.03
0.03
0.03
0.03
0.02
0.02
0.02
0.02
0.11
0.11
0.11
0.11
0.12
0.12
0.12
0.12
0.2
0.2
0.2
0.2
0.06
0.06
0.06
0.06
0.06
0.06
0.06
0.06
0.05
0.05
0.05
0.05
0.02
0.02
0.02
0.02
0.03
0.03
0.03
0.03
0.02
0.02
0.02
0.02
0.03
0.03
0.03
0.03
0.02
0.02
0.02
0.02
0.03
0.03
0.03
0.03
0.4
0.4
0.4
0.4
0.17
0.17
0.17
0.17
0.05
0.05
0.05
0.05
0.05
0.05
0.05
0.05
0.02
0.02
0.02
0.02
0.02
0.02
0.02
0.02
0.02
0.02
0.02
0.02
0.02
0.02
0.02
0.02
0.02
0.02
0.02
0.02
0.01
0.01
0.01
0.01
0.02
0.02
0.02
0.02
0.03
0.03
0.03
0.03
0.06
0.06
0.06
0.06
0.13
0.13
0.13
0.13
0.16
0.16
0.16
0.16
0.06
0.06
0.06
0.06
0.05
0.05
0.05
0.05
0.02
0.02
0.02
0.02
0.02
0.02
0.02
0.02
0.02
0.02
0.02
0.02
0.02
0.02
0.02
0.02
0.02
0.02
0.02
0.02
0.02
0.02
0.02
0.02
0.02
0.02
0.02
0.02
0.02
0.02
0.02
0.02
0.09
0.09
0.09
0.09
0.18
0.18
0.18
0.18
0.04
0.04
0.04
0.04
0.02
0.02
0.02
0.02
0.02
0.02
0.02
0.02
0.25
0.25
0.25
0.25
0.03
0.03
0.03
0.03
0.02
0.02
0.02
0.02
0.01
0.01
0.01
0.01
0.03
0.03
0.03
0.03
0.06
0.06
0.06
0.06
0.03
0.03
0.03
0.03
0.28
0.28
0.28
0.28
0.29
0.29
0.29
0.29
0.16
0.16
0.16
0.16
0.03
0.03
0.03
0.03
0.03
0.03
0.03
0.03
0.02
0.02
0.02
0.02
0.02
0.02
0.02
0.02
0.03
0.03
0.03
0.03
0.02
0.02
0.02
0.02
0.03
0.03
0.03
0.03
0.02
0.02
0.02
0.02
0.03
0.03
0.03
0.03
0.02
0.02
0.02
0.02
0.09
0.09
0.09
0.09
0.17
0.17
0.17
0.17
0.03
0.03
0.03
0.03
0.03
0.03
0.03
0.03
0.02
0.02
0.02
0.02
0.03
0.03
0.03
0.03
0.02
0.02
0.02
0.02
0.03
0.03
0.03
0.03
0.03
0.03
0.03
0.03
0.09
0.09
0.09
0.09
0.25
0.25
0.25
0.25
0.07
0.07
0.07
0.07
0.1
0.1
0.1
0.1
0.07
0.07
0.07
0.07
0.05
0.05
0.05
0.05
0.06
0.06
0.06
0.06
0.02
0.02
0.02
0.02
0.03
0.03
0.03
0.03
0.02
0.02
0.02
0.02
0.03
0.03
0.03
0.03
0.02
0.02
0.02
0.02
0.03
0.03
0.03
0.03
0.02
0.02
0.02
0.02
0.03
0.03
0.03
0.03
0.12
0.12
0.12
0.12
0.3
0.3
0.3
0.3
0.11
0.11
0.11
0.11
0.1
0.1
0.1
0.1
0.29
0.29
0.29
0.29
0.13
0.13
0.13
0.13
0.1
0.1
0.1
0.1
0.02
0.02
0.02
0.02
0.04
0.04
0.04
0.04
0.06
0.06
0.06
0.06
0.09
0.09
0.09
0.09
0.11
0.11
0.11
0.11
0.34
0.34
0.34
0.34
0.06
0.06
0.06
0.06
0.05
0.05
0.05
0.05
0.06
0.06
0.06
0.06
0.03
0.03
0.03
0.03
0.03
0.03
0.03
0.03
0.03
0.03
0.03
0.03
0.01
0.01
0.01
0.01
0.02
0.02
0.02
0.02
0.03
0.03
0.03
0.03
0.04
0.04
0.04
0.04
0.12
0.12
0.12
0.12
0.09
0.09
0.09
0.09
0.04
0.04
0.04
0.04
0.02
0.02
0.02
0.02
0.02
0.02
0.02
0.02
0.03
0.03
0.03
0.03
0.03
0.03
0.03
0.03
0.04
0.04
0.04
0.04
0.01
0.01
0.01
0.01
0.05
0.05
0.05
0.05
0.04
0.04
0.04
0.04
0.06
0.06
0.06
0.06
0.11
0.11
0.11
0.11
0.22
0.22
0.22
0.22
0.03
0.03
0.03
0.03
0.01
0.01
0.01
0.01
0.02
0.02
0.02
0.02
0.01
0.01
0.01
0.01
0.02
0.02
0.02
0.02
0.01
0.01
0.01
0.01
0.02
0.02
0.02
0.02
0.01
0.01
0.01
0.01
0.1
0.1
0.1
0.1
0.17
0.17
0.17
0.17
0.09
0.09
0.09
0.09
0.12
0.12
0.12
0.12
0.03
0.03
0.03
0.03
0.04
0.04
0.04
0.04
0.03
0.03
0.03
0.03
0.07
0.07
0.07
0.07
0.04
0.04
0.04
0.04
0.03
0.03
0.03
0.03
0.12
0.12
0.12
0.12
0.07
0.07
0.07
0.07
0.22
0.22
0.22
0.22
0.33
0.33
0.33
0.33
0.1
0.1
0.1
0.1
0.06
0.06
0.06
0.06
0.06
0.06
0.06
0.06
0.04
0.04
0.04
0.04
0.05
0.05
0.05
0.05
0.04
0.04
0.04
0.04
0.04
0.04
0.04
0.04
0.03
0.03
0.03
0.03
0.04
0.04
0.04
0.04
0.03
0.03
0.03
0.03
0.04
0.04
0.04
0.04
0.13
0.13
0.13
0.13
0.19
0.19
0.19
0.19
0.04
0.04
0.04
0.04
0.01
0.01
0.01
0.01
0.02
0.02
0.02
0.02
0.08
0.08
0.08
0.08
0.04
0.04
0.04
0.04
0.03
0.03
0.03
0.03
0.03
0.03
0.03
0.03
0.01
0.01
0.01
0.01
0.03
0.03
0.03
0.03
0.02
0.02
0.02
0.02
0.02
0.02
0.02
0.02
0.27
0.27
0.27
0.27
0.17
0.17
0.17
0.17
0.12
0.12
0.12
0.12
0.07
0.07
0.07
0.07
0.04
0.04
0.04
0.04
0.01
0.01
0.01
0.01
0.02
0.02
0.02
0.02
0.01
0.01
0.01
0.01
0.02
0.02
0.02
0.02
0.01
0.01
0.01
0.01
0.02
0.02
0.02
0.02
0.07
0.07
0.07
0.07
0.12
0.12
0.12
0.12
0.03
0.03
0.03
0.03
0.01
0.01
0.01
0.01
0.02
0.02
0.02
0.02
0.01
0.01
0.01
0.01
0.02
0.02
0.02
0.02
0.01
0.01
0.01
0.01
0.02
0.02
0.02
0.02
0.01
0.01
0.01
0.01
0.02
0.02
0.02
0.02
0.02
0.02
0.02
0.02
0.01
0.01
0.01
0.01
0.19
0.19
0.19
0.19
0.08
0.08
0.08
0.08
0.07
0.07
0.07
0.07
0.04
0.04
0.04
0.04
0.05
0.05
0.05
0.05
0.03
0.03
0.03
0.03
0.04
0.04
0.04
0.04
0.04
0.04
0.04
0.04
0.04
0.04
0.04
0.04
0.04
0.04
0.04
0.04
0.04
0.04
0.04
0.04
0.05
0.05
0.05
0.05
0.1
0.1
0.1
0.1
0.09
0.09
0.09
0.09
0.08
0.08
0.08
0.08
0.16
0.16
0.16
0.16
0.32
0.32
0.32
0.32
0.19
0.19
0.19
0.19
0.04
0.04
0.04
0.04
0.04
0.04
0.04
0.04
0.06
0.06
0.06
0.06
0.04
0.04
0.04
0.04
0.02
0.02
0.02
0.02
0.02
0.02
0.02
0.02
0.2
0.2
0.2
0.2
0.28
0.28
0.28
0.28
0.04
0.04
0.04
0.04
0.05
0.05
0.05
0.05
0.05
0.05
0.05
0.05
0.05
0.05
0.05
0.05
0.04
0.04
0.04
0.04
0.02
0.02
0.02
0.02
0.02
0.02
0.02
0.02
0.01
0.01
0.01
0.01
0.02
0.02
0.02
0.02
0.01
0.01
0.01
0.01
0.14
0.14
0.14
0.14
0.49
0.49
0.49
0.49
0.24
0.24
0.24
0.24
0.19
0.19
0.19
0.19
0.33
0.33
0.33
0.33
0.06
0.06
0.06
0.06
0.05
0.05
0.05
0.05
0.05
0.05
0.05
0.05
0.1
0.1
0.1
0.1
0.42
0.42
0.42
0.42
0.02
0.02
0.02
0.02
0.02
0.02
0.02
0.02
0.03
0.03
0.03
0.03
0.06
0.06
0.06
0.06
0.06
0.06
0.06
0.06
0.08
0.08
0.08
0.08
0.04
0.04
0.04
0.04
0.02
0.02
0.02
0.02
0.02
0.02
0.02
0.02
