0.06
0.06
0.06
0.06
0.12
0.12
0.12
0.12
0.11
0.11
0.11
0.11
0.06
0.06
0.06
0.06
0.04
0.04
0.04
0.04
0.1
0.1
0.1
0.1
0.3
0.3
0.3
0.3
0.14
0.14
0.14
0.14
0.14
0.14
0.14
0.14
0.11
0.11
0.11
0.11
0.13
0.13
0.13
0.13
0.09
0.09
0.09
0.09
0.07
0.07
0.07
0.07
0.08
0.08
0.08
0.08
0.11
0.11
0.11
0.11
0.06
0.06
0.06
0.06
0.02
0.02
0.02
0.02
0.02
0.02
0.02
0.02
0.02
0.02
0.02
0.02
0.05
0.05
0.05
0.05
0.04
0.04
0.04
0.04
0.02
0.02
0.02
0.02
0.25
0.25
0.25
0.25
0.12
0.12
0.12
0.12
0.11
0.11
0.11
0.11
0.1
0.1
0.1
0.1
0.09
0.09
0.09
0.09
0.06
0.06
0.06
0.06
0.07
0.07
0.07
0.07
0.09
0.09
0.09
0.09
0.12
0.12
0.12
0.12
0.16
0.16
0.16
0.16
0.08
0.08
0.08
0.08
0.11
0.11
0.11
0.11
0.1
0.1
0.1
0.1
0.09
0.09
0.09
0.09
0.07
0.07
0.07
0.07
0.04
0.04
0.04
0.04
0.03
0.03
0.03
0.03
0.02
0.02
0.02
0.02
0.03
0.03
0.03
0.03
0.02
0.02
0.02
0.02
0.03
0.03
0.03
0.03
0.02
0.02
0.02
0.02
0.02
0.02
0.02
0.02
0.03
0.03
0.03
0.03
0.02
0.02
0.02
0.02
0.17
0.17
0.17
0.17
0.07
0.07
0.07
0.07
0.25
0.25
0.25
0.25
0.29
0.29
0.29
0.29
0.32
0.32
0.32
0.32
0.17
0.17
0.17
0.17
0.33
0.33
0.33
0.33
0.42
0.42
0.42
0.42
0.42
0.42
0.42
0.42
0.36
0.36
0.36
0.36
0.16
0.16
0.16
0.16
0.08
0.08
0.08
0.08
0.18
0.18
0.18
0.18
0.08
0.08
0.08
0.08
0.08
0.08
0.08
0.08
0.07
0.07
0.07
0.07
0.06
0.06
0.06
0.06
0.15
0.15
0.15
0.15
0.34
0.34
0.34
0.34
0.35
0.35
0.35
0.35
0.33
0.33
0.33
0.33
0.34
0.34
0.34
0.34
0.33
0.33
0.33
0.33
0.18
0.18
0.18
0.18
0.23
0.23
0.23
0.23
0.1
0.1
0.1
0.1
0.09
0.09
0.09
0.09
0.11
0.11
0.11
0.11
0.14
0.14
0.14
0.14
0.15
0.15
0.15
0.15
0.39
0.39
0.39
0.39
0.36
0.36
0.36
0.36
0.3
0.3
0.3
0.3
0.08
0.08
0.08
0.08
0.09
0.09
0.09
0.09
0.1
0.1
0.1
0.1
0.09
0.09
0.09
0.09
0.07
0.07
0.07
0.07
0.1
0.1
0.1
0.1
0.02
0.02
0.02
0.02
0.04
0.04
0.04
0.04
0.02
0.02
0.02
0.02
0.02
0.02
0.02
0.02
0.04
0.04
0.04
0.04
0.07
0.07
0.07
0.07
0.03
0.03
0.03
0.03
0.81
0.81
0.81
0.81
0.06
0.06
0.06
0.06
0.08
0.08
0.08
0.08
0.07
0.07
0.07
0.07
0.07
0.07
0.07
0.07
0.08
0.08
0.08
0.08
0.07
0.07
0.07
0.07
1.18
1.18
1.18
1.18
0.16
0.16
0.16
0.16
0.07
0.07
0.07
0.07
0.11
0.11
0.11
0.11
0.07
0.07
0.07
0.07
0.1
0.1
0.1
0.1
0.07
0.07
0.07
0.07
0.08
0.08
0.08
0.08
0.04
0.04
0.04
0.04
0.04
0.04
0.04
0.04
0.03
0.03
0.03
0.03
0.02
0.02
0.02
0.02
0.03
0.03
0.03
0.03
0.02
0.02
0.02
0.02
0.03
0.03
0.03
0.03
0.03
0.03
0.03
0.03
0.02
0.02
0.02
0.02
0.18
0.18
0.18
0.18
0.36
0.36
0.36
0.36
0.05
0.05
0.05
0.05
0.06
0.06
0.06
0.06
0.05
0.05
0.05
0.05
0.29
0.29
0.29
0.29
0.64
0.64
0.64
0.64
0.02
0.02
0.02
0.02
0.07
0.07
0.07
0.07
0.22
0.22
0.22
0.22
0.08
0.08
0.08
0.08
0.08
0.08
0.08
0.08
0.25
0.25
0.25
0.25
0.49
0.49
0.49
0.49
0.37
0.37
0.37
0.37
0.11
0.11
0.11
0.11
0.05
0.05
0.05
0.05
0.06
0.06
0.06
0.06
0.06
0.06
0.06
0.06
0.11
0.11
0.11
0.11
0.37
0.37
0.37
0.37
0.37
0.37
0.37
0.37
0.37
0.37
0.37
0.37
0.35
0.35
0.35
0.35
0.38
0.38
0.38
0.38
0.17
0.17
0.17
0.17
0.14
0.14
0.14
0.14
0.1
0.1
0.1
0.1
0.08
0.08
0.08
0.08
0.09
0.09
0.09
0.09
0.05
0.05
0.05
0.05
0.1
0.1
0.1
0.1
0.06
0.06
0.06
0.06
0.13
0.13
0.13
0.13
0.17
0.17
0.17
0.17
0.18
0.18
0.18
0.18
0.08
0.08
0.08
0.08
0.16
0.16
0.16
0.16
0.34
0.34
0.34
0.34
0.16
0.16
0.16
0.16
0.04
0.04
0.04
0.04
0.03
0.03
0.03
0.03
0.03
0.03
0.03
0.03
0.02
0.02
0.02
0.02
0.01
0.01
0.01
0.01
0.03
0.03
0.03
0.03
1.71
1.71
1.71
1.71
1.47
1.47
1.47
1.47
0.09
0.09
0.09
0.09
0.05
0.05
0.05
0.05
0.06
0.06
0.06
0.06
0.09
0.09
0.09
0.09
0.03
0.03
0.03
0.03
0.03
0.03
0.03
0.03
0.03
0.03
0.03
0.03
0.08
0.08
0.08
0.08
0.05
0.05
0.05
0.05
0.06
0.06
0.06
0.06
0.11
0.11
0.11
0.11
0.32
0.32
0.32
0.32
0.13
0.13
0.13
0.13
0.11
0.11
0.11
0.11
0.08
0.08
0.08
0.08
0.07
0.07
0.07
0.07
0.07
0.07
0.07
0.07
0.06
0.06
0.06
0.06
0.02
0.02
0.02
0.02
0.02
0.02
0.02
0.02
0.03
0.03
0.03
0.03
0.02
0.02
0.02
0.02
0.03
0.03
0.03
0.03
0.16
0.16
0.16
0.16
0.06
0.06
0.06
0.06
0.08
0.08
0.08
0.08
0.07
0.07
0.07
0.07
0.06
0.06
0.06
0.06
0.06
0.06
0.06
0.06
0.05
0.05
0.05
0.05
0.05
0.05
0.05
0.05
0.03
0.03
0.03
0.03
0.03
0.03
0.03
0.03
0.01
0.01
0.01
0.01
0.21
0.21
0.21
0.21
0.1
0.1
0.1
0.1
0.09
0.09
0.09
0.09
0.11
0.11
0.11
0.11
0.14
0.14
0.14
0.14
0.07
0.07
0.07
0.07
0.07
0.07
0.07
0.07
0.06
0.06
0.06
0.06
0.06
0.06
0.06
0.06
0.06
0.06
0.06
0.06
0.06
0.06
0.06
0.06
0.03
0.03
0.03
0.03
0.23
0.23
0.23
0.23
0.96
0.96
0.96
0.96
2.22
2.22
2.22
2.22
1.77
1.77
1.77
1.77
0.13
0.13
0.13
0.13
0.06
0.06
0.06
0.06
0.28
0.28
0.28
0.28
0.07
0.07
0.07
0.07
0.09
0.09
0.09
0.09
0.14
0.14
0.14
0.14
0.12
0.12
0.12
0.12
0.34
0.34
0.34
0.34
0.55
0.55
0.55
0.55
0.53
0.53
0.53
0.53
0.46
0.46
0.46
0.46
0.26
0.26
0.26
0.26
0.11
0.11
0.11
0.11
0.26
0.26
0.26
0.26
0.16
0.16
0.16
0.16
0.04
0.04
0.04
0.04
0.03
0.03
0.03
0.03
0.03
0.03
0.03
0.03
0.03
0.03
0.03
0.03
0.02
0.02
0.02
0.02
0.03
0.03
0.03
0.03
0.03
0.03
0.03
0.03
0.03
0.03
0.03
0.03
0.33
0.33
0.33
0.33
0.15
0.15
0.15
0.15
0.05
0.05
0.05
0.05
0.04
0.04
0.04
0.04
0.05
0.05
0.05
0.05
0.03
0.03
0.03
0.03
0.03
0.03
0.03
0.03
0.04
0.04
0.04
0.04
0.16
0.16
0.16
0.16
0.43
0.43
0.43
0.43
0.25
0.25
0.25
0.25
0.09
0.09
0.09
0.09
0.08
0.08
0.08
0.08
0.09
0.09
0.09
0.09
0.1
0.1
0.1
0.1
0.07
0.07
0.07
0.07
0.04
0.04
0.04
0.04
0.02
0.02
0.02
0.02
0.02
0.02
0.02
0.02
0.04
0.04
0.04
0.04
0.02
0.02
0.02
0.02
0.02
0.02
0.02
0.02
0.09
0.09
0.09
0.09
0.06
0.06
0.06
0.06
0.06
0.06
0.06
0.06
0.11
0.11
0.11
0.11
0.1
0.1
0.1
0.1
0.05
0.05
0.05
0.05
0.02
0.02
0.02
0.02
0.02
0.02
0.02
0.02
0.02
0.02
0.02
0.02
0.04
0.04
0.04
0.04
0.04
0.04
0.04
0.04
0.21
0.21
0.21
0.21
0.22
0.22
0.22
0.22
0.11
0.11
0.11
0.11
0.09
0.09
0.09
0.09
0.08
0.08
0.08
0.08
0.37
0.37
0.37
0.37
0.08
0.08
0.08
0.08
0.04
0.04
0.04
0.04
0.05
0.05
0.05
0.05
0.03
0.03
0.03
0.03
0.04
0.04
0.04
0.04
0.04
0.04
0.04
0.04
0.05
0.05
0.05
0.05
0.04
0.04
0.04
0.04
0.15
0.15
0.15
0.15
0.05
0.05
0.05
0.05
0.01
0.01
0.01
0.01
0.03
0.03
0.03
0.03
0.01
0.01
0.01
0.01
0.03
0.03
0.03
0.03
0.02
0.02
0.02
0.02
0.02
0.02
0.02
0.02
