0.02
0.02
0.02
0.02
0.01
0.01
0.01
0.01
0.02
0.02
0.02
0.02
0.01
0.01
0.01
0.01
0.02
0.02
0.02
0.02
0.02
0.02
0.02
0.02
0.03
0.03
0.03
0.03
0.05
0.05
0.05
0.05
0.07
0.07
0.07
0.07
0.06
0.06
0.06
0.06
0.06
0.06
0.06
0.06
0.08
0.08
0.08
0.08
0.07
0.07
0.07
0.07
0.06
0.06
0.06
0.06
0.04
0.04
0.04
0.04
0.07
0.07
0.07
0.07
0.05
0.05
0.05
0.05
0.05
0.05
0.05
0.05
0.04
0.04
0.04
0.04
0.05
0.05
0.05
0.05
0.08
0.08
0.08
0.08
0.37
0.37
0.37
0.37
0.08
0.08
0.08
0.08
0.04
0.04
0.04
0.04
0.03
0.03
0.03
0.03
0.03
0.03
0.03
0.03
0.03
0.03
0.03
0.03
0.03
0.03
0.03
0.03
0.02
0.02
0.02
0.02
0.03
0.03
0.03
0.03
0.09
0.09
0.09
0.09
0.07
0.07
0.07
0.07
0.18
0.18
0.18
0.18
0.14
0.14
0.14
0.14
0.07
0.07
0.07
0.07
0.09
0.09
0.09
0.09
0.02
0.02
0.02
0.02
0.03
0.03
0.03
0.03
0.01
0.01
0.01
0.01
0.02
0.02
0.02
0.02
0.01
0.01
0.01
0.01
0.02
0.02
0.02
0.02
0.02
0.02
0.02
0.02
0.02
0.02
0.02
0.02
0.02
0.02
0.02
0.02
0.08
0.08
0.08
0.08
0.28
0.28
0.28
0.28
0.45
0.45
0.45
0.45
0.37
0.37
0.37
0.37
0.16
0.16
0.16
0.16
0.08
0.08
0.08
0.08
0.06
0.06
0.06
0.06
0.04
0.04
0.04
0.04
0.01
0.01
0.01
0.01
0.15
0.15
0.15
0.15
0.06
0.06
0.06
0.06
0.05
0.05
0.05
0.05
0.11
0.11
0.11
0.11
0.07
0.07
0.07
0.07
0.07
0.07
0.07
0.07
0.02
0.02
0.02
0.02
0.02
0.02
0.02
0.02
0.01
0.01
0.01
0.01
0.02
0.02
0.02
0.02
0.01
0.01
0.01
0.01
0.01
0.01
0.01
0.01
0.02
0.02
0.02
0.02
0.22
0.22
0.22
0.22
0.25
0.25
0.25
0.25
0.07
0.07
0.07
0.07
0.04
0.04
0.04
0.04
0.03
0.03
0.03
0.03
0.04
0.04
0.04
0.04
0.15
0.15
0.15
0.15
0.01
0.01
0.01
0.01
0.01
0.01
0.01
0.01
0.03
0.03
0.03
0.03
0.02
0.02
0.02
0.02
0.04
0.04
0.04
0.04
0.06
0.06
0.06
0.06
0.06
0.06
0.06
0.06
0.05
0.05
0.05
0.05
0.08
0.08
0.08
0.08
0.07
0.07
0.07
0.07
0.06
0.06
0.06
0.06
0.04
0.04
0.04
0.04
0.03
0.03
0.03
0.03
0.04
0.04
0.04
0.04
0.03
0.03
0.03
0.03
0.04
0.04
0.04
0.04
0.22
0.22
0.22
0.22
0.16
0.16
0.16
0.16
0.07
0.07
0.07
0.07
0.05
0.05
0.05
0.05
0.02
0.02
0.02
0.02
0.01
0.01
0.01
0.01
0.02
0.02
0.02
0.02
0.01
0.01
0.01
0.01
0.02
0.02
0.02
0.02
0.01
0.01
0.01
0.01
0.02
0.02
0.02
0.02
0.01
0.01
0.01
0.01
0.04
0.04
0.04
0.04
0.04
0.04
0.04
0.04
0.09
0.09
0.09
0.09
0.08
0.08
0.08
0.08
0.09
0.09
0.09
0.09
0.1
0.1
0.1
0.1
0.1
0.1
0.1
0.1
0.1
0.1
0.1
0.1
0.04
0.04
0.04
0.04
0.01
0.01
0.01
0.01
0.02
0.02
0.02
0.02
0.02
0.02
0.02
0.02
0.01
0.01
0.01
0.01
0.04
0.04
0.04
0.04
0.18
0.18
0.18
0.18
0.05
0.05
0.05
0.05
0.03
0.03
0.03
0.03
0.02
0.02
0.02
0.02
0.03
0.03
0.03
0.03
0.01
0.01
0.01
0.01
0.03
0.03
0.03
0.03
0.01
0.01
0.01
0.01
0.03
0.03
0.03
0.03
0.01
0.01
0.01
0.01
0.03
0.03
0.03
0.03
0.03
0.03
0.03
0.03
0.36
0.36
0.36
0.36
0.16
0.16
0.16
0.16
0.09
0.09
0.09
0.09
0.03
0.03
0.03
0.03
0.05
0.05
0.05
0.05
0.05
0.05
0.05
0.05
0.03
0.03
0.03
0.03
0.01
0.01
0.01
0.01
0.03
0.03
0.03
0.03
0.01
0.01
0.01
0.01
0.03
0.03
0.03
0.03
0.23
0.23
0.23
0.23
0.24
0.24
0.24
0.24
0.04
0.04
0.04
0.04
0.03
0.03
0.03
0.03
0.02
0.02
0.02
0.02
0.03
0.03
0.03
0.03
0.02
0.02
0.02
0.02
0.03
0.03
0.03
0.03
0.02
0.02
0.02
0.02
0.03
0.03
0.03
0.03
0.02
0.02
0.02
0.02
0.03
0.03
0.03
0.03
0.02
0.02
0.02
0.02
0.05
0.05
0.05
0.05
0.1
0.1
0.1
0.1
0.05
0.05
0.05
0.05
0.03
0.03
0.03
0.03
0.04
0.04
0.04
0.04
0.03
0.03
0.03
0.03
0.03
0.03
0.03
0.03
0.04
0.04
0.04
0.04
0.03
0.03
0.03
0.03
0.04
0.04
0.04
0.04
0.11
0.11
0.11
0.11
0.95
0.95
0.95
0.95
0.04
0.04
0.04
0.04
0.01
0.01
0.01
0.01
0.01
0.01
0.01
0.01
0.03
0.03
0.03
0.03
0.01
0.01
0.01
0.01
0.01
0.01
0.01
0.01
0.03
0.03
0.03
0.03
0.01
0.01
0.01
0.01
0.01
0.01
0.01
0.01
0.04
0.04
0.04
0.04
0.05
0.05
0.05
0.05
0.25
0.25
0.25
0.25
0.74
0.74
0.74
0.74
0.07
0.07
0.07
0.07
0.06
0.06
0.06
0.06
0.08
0.08
0.08
0.08
0.04
0.04
0.04
0.04
0.03
0.03
0.03
0.03
0.03
0.03
0.03
0.03
0.03
0.03
0.03
0.03
0.03
0.03
0.03
0.03
0.03
0.03
0.03
0.03
0.03
0.03
0.03
0.03
0.04
0.04
0.04
0.04
0.11
0.11
0.11
0.11
0.04
0.04
0.04
0.04
0.29
0.29
0.29
0.29
0.28
0.28
0.28
0.28
0.51
0.51
0.51
0.51
1.77
1.77
1.77
1.77
0.18
0.18
0.18
0.18
0.02
0.02
0.02
0.02
0.02
0.02
0.02
0.02
0.1
0.1
0.1
0.1
0.03
0.03
0.03
0.03
0.03
0.03
0.03
0.03
0.05
0.05
0.05
0.05
0.07
0.07
0.07
0.07
0.06
0.06
0.06
0.06
0.08
0.08
0.08
0.08
0.06
0.06
0.06
0.06
0.07
0.07
0.07
0.07
0.02
0.02
0.02
0.02
0.01
0.01
0.01
0.01
0.03
0.03
0.03
0.03
0.01
0.01
0.01
0.01
0.01
0.01
0.01
0.01
0.03
0.03
0.03
0.03
0.01
0.01
0.01
0.01
0.08
0.08
0.08
0.08
0.16
0.16
0.16
0.16
0.05
0.05
0.05
0.05
0.48
0.48
0.48
0.48
1.08
1.08
1.08
1.08
0.32
0.32
0.32
0.32
0.06
0.06
0.06
0.06
0.09
0.09
0.09
0.09
0.04
0.04
0.04
0.04
1.28
1.28
1.28
1.28
1.79
1.79
1.79
1.79
0.11
0.11
0.11
0.11
0.07
0.07
0.07
0.07
0.06
0.06
0.06
0.06
0.02
0.02
0.02
0.02
0.03
0.03
0.03
0.03
0.02
0.02
0.02
0.02
0.01
0.01
0.01
0.01
0.03
0.03
0.03
0.03
0.01
0.01
0.01
0.01
0.02
0.02
0.02
0.02
0.03
0.03
0.03
0.03
0.75
0.75
0.75
0.75
1.16
1.16
1.16
1.16
0.1
0.1
0.1
0.1
0.08
0.08
0.08
0.08
0.01
0.01
0.01
0.01
0.01
0.01
0.01
0.01
0.03
0.03
0.03
0.03
0.01
0.01
0.01
0.01
0.02
0.02
0.02
0.02
0.02
0.02
0.02
0.02
0.02
0.02
0.02
0.02
0.04
0.04
0.04
0.04
0.02
0.02
0.02
0.02
0.06
0.06
0.06
0.06
0.14
0.14
0.14
0.14
0.04
0.04
0.04
0.04
0.04
0.04
0.04
0.04
0.06
0.06
0.06
0.06
0.03
0.03
0.03
0.03
0.04
0.04
0.04
0.04
0.02
0.02
0.02
0.02
0.02
0.02
0.02
0.02
0.03
0.03
0.03
0.03
0.02
0.02
0.02
0.02
0.24
0.24
0.24
0.24
0.25
0.25
0.25
0.25
0.05
0.05
0.05
0.05
0.03
0.03
0.03
0.03
0.03
0.03
0.03
0.03
0.02
0.02
0.02
0.02
0.03
0.03
0.03
0.03
0.02
0.02
0.02
0.02
0.02
0.02
0.02
0.02
0.03
0.03
0.03
0.03
0.02
0.02
0.02
0.02
0.03
0.03
0.03
0.03
0.04
0.04
0.04
0.04
0.06
0.06
0.06
0.06
0.06
0.06
0.06
0.06
0.44
0.44
0.44
0.44
0.02
0.02
0.02
0.02
0.02
0.02
0.02
0.02
0.01
0.01
0.01
0.01
0.02
0.02
0.02
0.02
0.03
0.03
0.03
0.03
0.02
0.02
0.02
0.02
0.07
0.07
0.07
0.07
0.83
0.83
0.83
0.83
0.43
0.43
0.43
0.43
0.15
0.15
0.15
0.15
0.04
0.04
0.04
0.04
0.02
0.02
0.02
0.02
0.02
0.02
0.02
0.02
0.02
0.02
0.02
0.02
0.02
0.02
0.02
0.02
0.02
0.02
0.02
0.02
0.02
0.02
0.02
0.02
0.02
0.02
0.02
0.02
