0.38
0.38
0.38
0.38
0.36
0.36
0.36
0.36
0.07
0.07
0.07
0.07
0.03
0.03
0.03
0.03
0.02
0.02
0.02
0.02
0.03
0.03
0.03
0.03
0.02
0.02
0.02
0.02
0.15
0.15
0.15
0.15
0.32
0.32
0.32
0.32
0.17
0.17
0.17
0.17
0.27
0.27
0.27
0.27
0.06
0.06
0.06
0.06
0.07
0.07
0.07
0.07
0.19
0.19
0.19
0.19
0.02
0.02
0.02
0.02
0.02
0.02
0.02
0.02
1.32
1.32
1.32
1.32
0.42
0.42
0.42
0.42
0.19
0.19
0.19
0.19
0.18
0.18
0.18
0.18
0.07
0.07
0.07
0.07
0.09
0.09
0.09
0.09
0.08
0.08
0.08
0.08
0.07
0.07
0.07
0.07
0.17
0.17
0.17
0.17
0.35
0.35
0.35
0.35
0.35
0.35
0.35
0.35
0.35
0.35
0.35
0.35
0.35
0.35
0.35
0.35
0.35
0.35
0.35
0.35
0.35
0.35
0.35
0.35
0.58
0.58
0.58
0.58
0.14
0.14
0.14
0.14
0.04
0.04
0.04
0.04
0.03
0.03
0.03
0.03
0.04
0.04
0.04
0.04
0.04
0.04
0.04
0.04
0.04
0.04
0.04
0.04
0.05
0.05
0.05
0.05
0.11
0.11
0.11
0.11
0.08
0.08
0.08
0.08
0.1
0.1
0.1
0.1
0.09
0.09
0.09
0.09
0.27
0.27
0.27
0.27
0.1
0.1
0.1
0.1
0.06
0.06
0.06
0.06
0.11
0.11
0.11
0.11
0.35
0.35
0.35
0.35
0.34
0.34
0.34
0.34
0.34
0.34
0.34
0.34
0.32
0.32
0.32
0.32
0.33
0.33
0.33
0.33
0.32
0.32
0.32
0.32
0.33
0.33
0.33
0.33
0.32
0.32
0.32
0.32
0.33
0.33
0.33
0.33
0.23
0.23
0.23
0.23
0.33
0.33
0.33
0.33
0.05
0.05
0.05
0.05
0.05
0.05
0.05
0.05
0.21
0.21
0.21
0.21
0.91
0.91
0.91
0.91
0.17
0.17
0.17
0.17
0.04
0.04
0.04
0.04
0.11
0.11
0.11
0.11
0.7
0.7
0.7
0.7
0.19
0.19
0.19
0.19
0.06
0.06
0.06
0.06
0.07
0.07
0.07
0.07
0.11
0.11
0.11
0.11
0.08
0.08
0.08
0.08
0.24
0.24
0.24
0.24
0.32
0.32
0.32
0.32
0.31
0.31
0.31
0.31
0.32
0.32
0.32
0.32
0.32
0.32
0.32
0.32
0.32
0.32
0.32
0.32
0.32
0.32
0.32
0.32
0.85
0.85
0.85
0.85
0.16
0.16
0.16
0.16
0.03
0.03
0.03
0.03
0.02
0.02
0.02
0.02
0.03
0.03
0.03
0.03
0.03
0.03
0.03
0.03
0.02
0.02
0.02
0.02
0.02
0.02
0.02
0.02
0.03
0.03
0.03
0.03
0.02
0.02
0.02
0.02
0.03
0.03
0.03
0.03
1.63
1.63
1.63
1.63
1.14
1.14
1.14
1.14
0.13
0.13
0.13
0.13
0.07
0.07
0.07
0.07
0.07
0.07
0.07
0.07
0.16
0.16
0.16
0.16
1.64
1.64
1.64
1.64
0.31
0.31
0.31
0.31
0.33
0.33
0.33
0.33
0.33
0.33
0.33
0.33
0.33
0.33
0.33
0.33
0.32
0.32
0.32
0.32
0.31
0.31
0.31
0.31
0.32
0.32
0.32
0.32
0.32
0.32
0.32
0.32
0.35
0.35
0.35
0.35
0.25
0.25
0.25
0.25
0.06
0.06
0.06
0.06
0.1
0.1
0.1
0.1
0.27
0.27
0.27
0.27
0.28
0.28
0.28
0.28
0.02
0.02
0.02
0.02
0.03
0.03
0.03
0.03
1.02
1.02
1.02
1.02
0.89
0.89
0.89
0.89
0.95
0.95
0.95
0.95
0.77
0.77
0.77
0.77
0.46
0.46
0.46
0.46
0.29
0.29
0.29
0.29
0.08
0.08
0.08
0.08
0.07
0.07
0.07
0.07
0.04
0.04
0.04
0.04
0.27
0.27
0.27
0.27
0.33
0.33
0.33
0.33
0.33
0.33
0.33
0.33
0.33
0.33
0.33
0.33
0.32
0.32
0.32
0.32
0.34
0.34
0.34
0.34
0.31
0.31
0.31
0.31
0.22
0.22
0.22
0.22
0.07
0.07
0.07
0.07
0.05
0.05
0.05
0.05
0.04
0.04
0.04
0.04
0.02
0.02
0.02
0.02
0.03
0.03
0.03
0.03
0.02
0.02
0.02
0.02
0.03
0.03
0.03
0.03
1.19
1.19
1.19
1.19
0.44
0.44
0.44
0.44
0.11
0.11
0.11
0.11
0.09
0.09
0.09
0.09
0.07
0.07
0.07
0.07
0.12
0.12
0.12
0.12
0.1
0.1
0.1
0.1
0.33
0.33
0.33
0.33
0.32
0.32
0.32
0.32
0.33
0.33
0.33
0.33
0.33
0.33
0.33
0.33
0.33
0.33
0.33
0.33
0.33
0.33
0.33
0.33
0.32
0.32
0.32
0.32
0.33
0.33
0.33
0.33
1.25
1.25
1.25
1.25
0.17
0.17
0.17
0.17
0.18
0.18
0.18
0.18
0.09
0.09
0.09
0.09
0.09
0.09
0.09
0.09
0.02
0.02
0.02
0.02
0.02
0.02
0.02
0.02
0.03
0.03
0.03
0.03
0.02
0.02
0.02
0.02
0.68
0.68
0.68
0.68
1.84
1.84
1.84
1.84
0.45
0.45
0.45
0.45
0.19
0.19
0.19
0.19
0.75
0.75
0.75
0.75
0.1
0.1
0.1
0.1
0.07
0.07
0.07
0.07
0.34
0.34
0.34
0.34
0.33
0.33
0.33
0.33
0.33
0.33
0.33
0.33
0.33
0.33
0.33
0.33
0.33
0.33
0.33
0.33
0.33
0.33
0.33
0.33
0.33
0.33
0.33
0.33
0.35
0.35
0.35
0.35
1.82
1.82
1.82
1.82
0.11
0.11
0.11
0.11
0.03
0.03
0.03
0.03
0.03
0.03
0.03
0.03
0.02
0.02
0.02
0.02
0.31
0.31
0.31
0.31
0.16
0.16
0.16
0.16
0.07
0.07
0.07
0.07
0.04
0.04
0.04
0.04
0.04
0.04
0.04
0.04
0.92
0.92
0.92
0.92
0.07
0.07
0.07
0.07
0.06
0.06
0.06
0.06
0.07
0.07
0.07
0.07
0.07
0.07
0.07
0.07
0.98
0.98
0.98
0.98
1.7
1.7
1.7
1.7
0.03
0.03
0.03
0.03
0.02
0.02
0.02
0.02
0.02
0.02
0.02
0.02
0.03
0.03
0.03
0.03
0.03
0.03
0.03
0.03
0.02
0.02
0.02
0.02
0.06
0.06
0.06
0.06
1.4
1.4
1.4
1.4
0.17
0.17
0.17
0.17
0.03
0.03
0.03
0.03
0.39
0.39
0.39
0.39
0.1
0.1
0.1
0.1
0.18
0.18
0.18
0.18
0.03
0.03
0.03
0.03
0.03
0.03
0.03
0.03
0.02
0.02
0.02
0.02
0.04
0.04
0.04
0.04
0.62
0.62
0.62
0.62
0.04
0.04
0.04
0.04
0.03
0.03
0.03
0.03
0.03
0.03
0.03
0.03
0.11
0.11
0.11
0.11
0.28
0.28
0.28
0.28
0.35
0.35
0.35
0.35
0.34
0.34
0.34
0.34
0.34
0.34
0.34
0.34
0.35
0.35
0.35
0.35
0.35
0.35
0.35
0.35
0.34
0.34
0.34
0.34
0.33
0.33
0.33
0.33
0.34
0.34
0.34
0.34
0.34
0.34
0.34
0.34
0.16
0.16
0.16
0.16
0.08
0.08
0.08
0.08
0.04
0.04
0.04
0.04
0.03
0.03
0.03
0.03
0.02
0.02
0.02
0.02
0.01
0.01
0.01
0.01
0.02
0.02
0.02
0.02
0.01
0.01
0.01
0.01
0.08
0.08
0.08
0.08
0.13
0.13
0.13
0.13
0.04
0.04
0.04
0.04
0.03
0.03
0.03
0.03
0.27
0.27
0.27
0.27
0.05
0.05
0.05
0.05
0.36
0.36
0.36
0.36
0.38
0.38
0.38
0.38
0.37
0.37
0.37
0.37
0.35
0.35
0.35
0.35
0.35
0.35
0.35
0.35
0.35
0.35
0.35
0.35
0.33
0.33
0.33
0.33
0.34
0.34
0.34
0.34
0.34
0.34
0.34
0.34
0.33
0.33
0.33
0.33
0.32
0.32
0.32
0.32
0.09
0.09
0.09
0.09
0.56
0.56
0.56
0.56
1.58
1.58
1.58
1.58
0.27
0.27
0.27
0.27
0.13
0.13
0.13
0.13
0.03
0.03
0.03
0.03
0.59
0.59
0.59
0.59
1.07
1.07
1.07
1.07
0.08
0.08
0.08
0.08
0.07
0.07
0.07
0.07
1.09
1.09
1.09
1.09
0.78
0.78
0.78
0.78
0.06
0.06
0.06
0.06
0.1
0.1
0.1
0.1
0.35
0.35
0.35
0.35
0.35
0.35
0.35
0.35
0.33
0.33
0.33
0.33
0.34
0.34
0.34
0.34
0.33
0.33
0.33
0.33
0.33
0.33
0.33
0.33
0.33
0.33
0.33
0.33
0.32
0.32
0.32
0.32
0.35
0.35
0.35
0.35
0.1
0.1
0.1
0.1
0.06
0.06
0.06
0.06
0.15
0.15
0.15
0.15
1.78
1.78
1.78
1.78
1.96
1.96
1.96
1.96
0.04
0.04
0.04
0.04
0.07
0.07
0.07
0.07
0.09
0.09
0.09
0.09
0.08
0.08
0.08
0.08
0.06
0.06
0.06
0.06
0.13
0.13
0.13
0.13
0.09
0.09
0.09
0.09
0.07
0.07
0.07
0.07
0.09
0.09
0.09
0.09
0.24
0.24
0.24
0.24
0.38
0.38
0.38
0.38
0.34
0.34
0.34
0.34
0.34
0.34
0.34
0.34
0.34
0.34
0.34
0.34
0.33
0.33
0.33
0.33
0.34
0.34
0.34
0.34
