0.03
0.03
0.03
0.03
0.02
0.02
0.02
0.02
0.02
0.02
0.02
0.02
0.02
0.02
0.02
0.02
0.02
0.02
0.02
0.02
0.02
0.02
0.02
0.02
0.38
0.38
0.38
0.38
0.21
0.21
0.21
0.21
0.2
0.2
0.2
0.2
0.12
0.12
0.12
0.12
0.12
0.12
0.12
0.12
0.1
0.1
0.1
0.1
0.09
0.09
0.09
0.09
0.7
0.7
0.7
0.7
0.76
0.76
0.76
0.76
0.03
0.03
0.03
0.03
0.03
0.03
0.03
0.03
0.03
0.03
0.03
0.03
0.08
0.08
0.08
0.08
0.35
0.35
0.35
0.35
0.48
0.48
0.48
0.48
0.35
0.35
0.35
0.35
0.02
0.02
0.02
0.02
0.03
0.03
0.03
0.03
0.03
0.03
0.03
0.03
0.02
0.02
0.02
0.02
0.03
0.03
0.03
0.03
0.03
0.03
0.03
0.03
0.02
0.02
0.02
0.02
0.03
0.03
0.03
0.03
0.3
0.3
0.3
0.3
0.38
0.38
0.38
0.38
0.14
0.14
0.14
0.14
0.1
0.1
0.1
0.1
0.09
0.09
0.09
0.09
0.09
0.09
0.09
0.09
0.09
0.09
0.09
0.09
0.06
0.06
0.06
0.06
0.04
0.04
0.04
0.04
0.03
0.03
0.03
0.03
0.02
0.02
0.02
0.02
0.03
0.03
0.03
0.03
0.03
0.03
0.03
0.03
0.12
0.12
0.12
0.12
0.06
0.06
0.06
0.06
0.08
0.08
0.08
0.08
0.2
0.2
0.2
0.2
0.07
0.07
0.07
0.07
0.06
0.06
0.06
0.06
0.02
0.02
0.02
0.02
0.02
0.02
0.02
0.02
0.03
0.03
0.03
0.03
0.03
0.03
0.03
0.03
0.02
0.02
0.02
0.02
0.28
0.28
0.28
0.28
0.09
0.09
0.09
0.09
0.11
0.11
0.11
0.11
0.11
0.11
0.11
0.11
0.09
0.09
0.09
0.09
0.09
0.09
0.09
0.09
0.06
0.06
0.06
0.06
0.05
0.05
0.05
0.05
0.05
0.05
0.05
0.05
0.05
0.05
0.05
0.05
0.05
0.05
0.05
0.05
0.05
0.05
0.05
0.05
0.11
0.11
0.11
0.11
0.1
0.1
0.1
0.1
0.21
0.21
0.21
0.21
0.15
0.15
0.15
0.15
0.05
0.05
0.05
0.05
0.07
0.07
0.07
0.07
0.14
0.14
0.14
0.14
0.25
0.25
0.25
0.25
0.07
0.07
0.07
0.07
0.35
0.35
0.35
0.35
1.55
1.55
1.55
1.55
0.05
0.05
0.05
0.05
0.05
0.05
0.05
0.05
0.2
0.2
0.2
0.2
0.15
0.15
0.15
0.15
0.12
0.12
0.12
0.12
0.09
0.09
0.09
0.09
0.05
0.05
0.05
0.05
0.04
0.04
0.04
0.04
0.04
0.04
0.04
0.04
0.04
0.04
0.04
0.04
0.04
0.04
0.04
0.04
0.03
0.03
0.03
0.03
0.02
0.02
0.02
0.02
0.03
0.03
0.03
0.03
0.04
0.04
0.04
0.04
0.1
0.1
0.1
0.1
0.06
0.06
0.06
0.06
0.09
0.09
0.09
0.09
0.08
0.08
0.08
0.08
0.37
0.37
0.37
0.37
0.23
0.23
0.23
0.23
0.07
0.07
0.07
0.07
0.07
0.07
0.07
0.07
0.07
0.07
0.07
0.07
0.07
0.07
0.07
0.07
0.08
0.08
0.08
0.08
0.14
0.14
0.14
0.14
0.12
0.12
0.12
0.12
0.07
0.07
0.07
0.07
0.09
0.09
0.09
0.09
0.08
0.08
0.08
0.08
0.08
0.08
0.08
0.08
0.08
0.08
0.08
0.08
0.05
0.05
0.05
0.05
0.05
0.05
0.05
0.05
0.04
0.04
0.04
0.04
0.04
0.04
0.04
0.04
0.03
0.03
0.03
0.03
0.03
0.03
0.03
0.03
0.04
0.04
0.04
0.04
0.05
0.05
0.05
0.05
0.15
0.15
0.15
0.15
0.19
0.19
0.19
0.19
0.14
0.14
0.14
0.14
0.05
0.05
0.05
0.05
0.14
0.14
0.14
0.14
0.06
0.06
0.06
0.06
0.17
0.17
0.17
0.17
0.08
0.08
0.08
0.08
0.08
0.08
0.08
0.08
0.34
0.34
0.34
0.34
0.16
0.16
0.16
0.16
0.1
0.1
0.1
0.1
0.09
0.09
0.09
0.09
0.09
0.09
0.09
0.09
0.07
0.07
0.07
0.07
0.03
0.03
0.03
0.03
0.03
0.03
0.03
0.03
0.03
0.03
0.03
0.03
0.03
0.03
0.03
0.03
0.03
0.03
0.03
0.03
0.1
0.1
0.1
0.1
0.07
0.07
0.07
0.07
0.16
0.16
0.16
0.16
0.04
0.04
0.04
0.04
0.02
0.02
0.02
0.02
0.03
0.03
0.03
0.03
0.02
0.02
0.02
0.02
0.02
0.02
0.02
0.02
0.03
0.03
0.03
0.03
0.03
0.03
0.03
0.03
0.13
0.13
0.13
0.13
0.13
0.13
0.13
0.13
0.37
0.37
0.37
0.37
0.14
0.14
0.14
0.14
0.13
0.13
0.13
0.13
0.13
0.13
0.13
0.13
0.07
0.07
0.07
0.07
0.07
0.07
0.07
0.07
0.07
0.07
0.07
0.07
0.04
0.04
0.04
0.04
0.03
0.03
0.03
0.03
0.03
0.03
0.03
0.03
0.04
0.04
0.04
0.04
0.03
0.03
0.03
0.03
0.03
0.03
0.03
0.03
0.03
0.03
0.03
0.03
0.12
0.12
0.12
0.12
0.04
0.04
0.04
0.04
0.02
0.02
0.02
0.02
0.02
0.02
0.02
0.02
0.02
0.02
0.02
0.02
0.02
0.02
0.02
0.02
0.02
0.02
0.02
0.02
0.01
0.01
0.01
0.01
0.04
0.04
0.04
0.04
0.1
0.1
0.1
0.1
0.07
0.07
0.07
0.07
0.1
0.1
0.1
0.1
0.1
0.1
0.1
0.1
0.09
0.09
0.09
0.09
0.09
0.09
0.09
0.09
0.09
0.09
0.09
0.09
0.09
0.09
0.09
0.09
0.08
0.08
0.08
0.08
0.09
0.09
0.09
0.09
0.09
0.09
0.09
0.09
0.08
0.08
0.08
0.08
0.09
0.09
0.09
0.09
0.25
0.25
0.25
0.25
0.16
0.16
0.16
0.16
0.06
0.06
0.06
0.06
0.02
0.02
0.02
0.02
0.03
0.03
0.03
0.03
0.02
0.02
0.02
0.02
0.03
0.03
0.03
0.03
0.03
0.03
0.03
0.03
0.02
0.02
0.02
0.02
0.03
0.03
0.03
0.03
0.04
0.04
0.04
0.04
0.14
0.14
0.14
0.14
0.19
0.19
0.19
0.19
0.24
0.24
0.24
0.24
0.07
0.07
0.07
0.07
0.07
0.07
0.07
0.07
0.07
0.07
0.07
0.07
0.06
0.06
0.06
0.06
0.33
0.33
0.33
0.33
0.35
0.35
0.35
0.35
0.36
0.36
0.36
0.36
0.35
0.35
0.35
0.35
0.34
0.34
0.34
0.34
0.43
0.43
0.43
0.43
0.4
0.4
0.4
0.4
0.08
0.08
0.08
0.08
0.02
0.02
0.02
0.02
0.02
0.02
0.02
0.02
0.02
0.02
0.02
0.02
0.01
0.01
0.01
0.01
0.02
0.02
0.02
0.02
0.02
0.02
0.02
0.02
0.02
0.02
0.02
0.02
0.02
0.02
0.02
0.02
0.04
0.04
0.04
0.04
0.25
0.25
0.25
0.25
0.29
0.29
0.29
0.29
0.17
0.17
0.17
0.17
0.12
0.12
0.12
0.12
0.11
0.11
0.11
0.11
0.05
0.05
0.05
0.05
0.06
0.06
0.06
0.06
0.03
0.03
0.03
0.03
0.03
0.03
0.03
0.03
0.02
0.02
0.02
0.02
0.03
0.03
0.03
0.03
0.02
0.02
0.02
0.02
1.82
1.82
1.82
1.82
0.16
0.16
0.16
0.16
0.08
0.08
0.08
0.08
0.06
0.06
0.06
0.06
0.05
0.05
0.05
0.05
0.04
0.04
0.04
0.04
0.04
0.04
0.04
0.04
0.05
0.05
0.05
0.05
0.19
0.19
0.19
0.19
0.46
0.46
0.46
0.46
0.36
0.36
0.36
0.36
0.16
0.16
0.16
0.16
0.58
0.58
0.58
0.58
1.17
1.17
1.17
1.17
0.1
0.1
0.1
0.1
0.1
0.1
0.1
0.1
0.13
0.13
0.13
0.13
0.07
0.07
0.07
0.07
0.05
0.05
0.05
0.05
0.04
0.04
0.04
0.04
0.04
0.04
0.04
0.04
0.04
0.04
0.04
0.04
0.04
0.04
0.04
0.04
0.04
0.04
0.04
0.04
0.03
0.03
0.03
0.03
0.04
0.04
0.04
0.04
0.04
0.04
0.04
0.04
0.09
0.09
0.09
0.09
0.07
0.07
0.07
0.07
0.13
0.13
0.13
0.13
0.34
0.34
0.34
0.34
0.22
0.22
0.22
0.22
1.18
1.18
1.18
1.18
0.07
0.07
0.07
0.07
0.28
0.28
0.28
0.28
0.04
0.04
0.04
0.04
0.05
0.05
0.05
0.05
0.08
0.08
0.08
0.08
0.09
0.09
0.09
0.09
0.19
0.19
0.19
0.19
0.07
0.07
0.07
0.07
0.72
0.72
0.72
0.72
1.1
1.1
1.1
1.1
0.06
0.06
0.06
0.06
0.05
0.05
0.05
0.05
0.04
0.04
0.04
0.04
0.03
0.03
0.03
0.03
0.03
0.03
0.03
0.03
0.03
0.03
0.03
0.03
0.03
0.03
0.03
0.03
0.05
0.05
0.05
0.05
0.26
0.26
0.26
0.26
0.2
0.2
0.2
0.2
0.45
0.45
0.45
0.45
0.56
0.56
0.56
0.56
0.17
0.17
0.17
0.17
0.08
0.08
0.08
0.08
0.08
0.08
0.08
0.08
0.05
0.05
0.05
0.05
0.06
0.06
0.06
0.06
