0.04
0.04
0.04
0.04
0.02
0.02
0.02
0.02
0.02
0.02
0.02
0.02
0.03
0.03
0.03
0.03
0.02
0.02
0.02
0.02
0.04
0.04
0.04
0.04
0.04
0.04
0.04
0.04
0.05
0.05
0.05
0.05
0.06
0.06
0.06
0.06
0.06
0.06
0.06
0.06
0.05
0.05
0.05
0.05
0.04
0.04
0.04
0.04
0.04
0.04
0.04
0.04
0.03
0.03
0.03
0.03
0.02
0.02
0.02
0.02
0.02
0.02
0.02
0.02
0.03
0.03
0.03
0.03
0.02
0.02
0.02
0.02
0.19
0.19
0.19
0.19
0.14
0.14
0.14
0.14
0.1
0.1
0.1
0.1
0.08
0.08
0.08
0.08
0.03
0.03
0.03
0.03
0.04
0.04
0.04
0.04
0.03
0.03
0.03
0.03
0.11
0.11
0.11
0.11
0.08
0.08
0.08
0.08
0.08
0.08
0.08
0.08
0.01
0.01
0.01
0.01
0.02
0.02
0.02
0.02
0.1
0.1
0.1
0.1
0.16
0.16
0.16
0.16
0.2
0.2
0.2
0.2
0.04
0.04
0.04
0.04
0.06
0.06
0.06
0.06
0.07
0.07
0.07
0.07
0.05
0.05
0.05
0.05
0.02
0.02
0.02
0.02
0.03
0.03
0.03
0.03
0.02
0.02
0.02
0.02
0.02
0.02
0.02
0.02
0.03
0.03
0.03
0.03
0.16
0.16
0.16
0.16
0.05
0.05
0.05
0.05
0.18
0.18
0.18
0.18
0.12
0.12
0.12
0.12
0.02
0.02
0.02
0.02
0.01
0.01
0.01
0.01
0.01
0.01
0.01
0.01
0.02
0.02
0.02
0.02
0.01
0.01
0.01
0.01
0.01
0.01
0.01
0.01
0.02
0.02
0.02
0.02
0.01
0.01
0.01
0.01
0.01
0.01
0.01
0.01
0.05
0.05
0.05
0.05
0.04
0.04
0.04
0.04
0.1
0.1
0.1
0.1
0.08
0.08
0.08
0.08
0.04
0.04
0.04
0.04
0.02
0.02
0.02
0.02
0.02
0.02
0.02
0.02
0.02
0.02
0.02
0.02
0.03
0.03
0.03
0.03
0.02
0.02
0.02
0.02
0.03
0.03
0.03
0.03
0.02
0.02
0.02
0.02
0.16
0.16
0.16
0.16
0.08
0.08
0.08
0.08
0.09
0.09
0.09
0.09
0.14
0.14
0.14
0.14
0.04
0.04
0.04
0.04
0.03
0.03
0.03
0.03
0.26
0.26
0.26
0.26
0.1
0.1
0.1
0.1
0.05
0.05
0.05
0.05
0.02
0.02
0.02
0.02
0.01
0.01
0.01
0.01
0.02
0.02
0.02
0.02
0.02
0.02
0.02
0.02
0.36
0.36
0.36
0.36
0.48
0.48
0.48
0.48
0.13
0.13
0.13
0.13
0.05
0.05
0.05
0.05
0.05
0.05
0.05
0.05
0.03
0.03
0.03
0.03
0.04
0.04
0.04
0.04
0.03
0.03
0.03
0.03
0.04
0.04
0.04
0.04
0.04
0.04
0.04
0.04
0.04
0.04
0.04
0.04
0.15
0.15
0.15
0.15
0.12
0.12
0.12
0.12
0.05
0.05
0.05
0.05
0.06
0.06
0.06
0.06
0.04
0.04
0.04
0.04
0.05
0.05
0.05
0.05
0.03
0.03
0.03
0.03
0.09
0.09
0.09
0.09
0.08
0.08
0.08
0.08
0.04
0.04
0.04
0.04
0.04
0.04
0.04
0.04
0.04
0.04
0.04
0.04
0.19
0.19
0.19
0.19
0.08
0.08
0.08
0.08
0.29
0.29
0.29
0.29
0.42
0.42
0.42
0.42
0.07
0.07
0.07
0.07
0.25
0.25
0.25
0.25
0.41
0.41
0.41
0.41
0.42
0.42
0.42
0.42
0.39
0.39
0.39
0.39
0.4
0.4
0.4
0.4
0.34
0.34
0.34
0.34
0.39
0.39
0.39
0.39
0.32
0.32
0.32
0.32
0.06
0.06
0.06
0.06
0.03
0.03
0.03
0.03
0.01
0.01
0.01
0.01
0.01
0.01
0.01
0.01
0.03
0.03
0.03
0.03
0.01
0.01
0.01
0.01
0.04
0.04
0.04
0.04
0.02
0.02
0.02
0.02
0.03
0.03
0.03
0.03
0.02
0.02
0.02
0.02
0.02
0.02
0.02
0.02
0.02
0.02
0.02
0.02
0.08
0.08
0.08
0.08
0.11
0.11
0.11
0.11
0.03
0.03
0.03
0.03
0.03
0.03
0.03
0.03
0.02
0.02
0.02
0.02
0.01
0.01
0.01
0.01
0.02
0.02
0.02
0.02
0.01
0.01
0.01
0.01
0.02
0.02
0.02
0.02
0.01
0.01
0.01
0.01
0.16
0.16
0.16
0.16
0.08
0.08
0.08
0.08
0.02
0.02
0.02
0.02
0.13
0.13
0.13
0.13
0.1
0.1
0.1
0.1
0.01
0.01
0.01
0.01
0.02
0.02
0.02
0.02
0.12
0.12
0.12
0.12
0.2
0.2
0.2
0.2
0.04
0.04
0.04
0.04
0.04
0.04
0.04
0.04
0.04
0.04
0.04
0.04
0.04
0.04
0.04
0.04
0.04
0.04
0.04
0.04
0.05
0.05
0.05
0.05
0.05
0.05
0.05
0.05
0.04
0.04
0.04
0.04
0.03
0.03
0.03
0.03
0.03
0.03
0.03
0.03
0.03
0.03
0.03
0.03
0.03
0.03
0.03
0.03
0.02
0.02
0.02
0.02
0.03
0.03
0.03
0.03
0.02
0.02
0.02
0.02
0.03
0.03
0.03
0.03
0.07
0.07
0.07
0.07
0.07
0.07
0.07
0.07
0.04
0.04
0.04
0.04
0.03
0.03
0.03
0.03
0.18
0.18
0.18
0.18
0.03
0.03
0.03
0.03
0.05
0.05
0.05
0.05
0.04
0.04
0.04
0.04
0.06
0.06
0.06
0.06
0.05
0.05
0.05
0.05
0.03
0.03
0.03
0.03
0.04
0.04
0.04
0.04
0.04
0.04
0.04
0.04
0.07
0.07
0.07
0.07
0.03
0.03
0.03
0.03
0.04
0.04
0.04
0.04
0.02
0.02
0.02
0.02
0.02
0.02
0.02
0.02
0.02
0.02
0.02
0.02
0.03
0.03
0.03
0.03
0.02
0.02
0.02
0.02
0.02
0.02
0.02
0.02
0.03
0.03
0.03
0.03
0.05
0.05
0.05
0.05
0.04
0.04
0.04
0.04
0.14
0.14
0.14
0.14
0.05
0.05
0.05
0.05
0.06
0.06
0.06
0.06
0.04
0.04
0.04
0.04
0.02
0.02
0.02
0.02
0.01
0.01
0.01
0.01
0.02
0.02
0.02
0.02
0.03
0.03
0.03
0.03
0.02
0.02
0.02
0.02
0.03
0.03
0.03
0.03
0.02
0.02
0.02
0.02
0.29
0.29
0.29
0.29
0.09
0.09
0.09
0.09
0.06
0.06
0.06
0.06
0.03
0.03
0.03
0.03
0.03
0.03
0.03
0.03
0.02
0.02
0.02
0.02
0.03
0.03
0.03
0.03
0.02
0.02
0.02
0.02
0.03
0.03
0.03
0.03
0.02
0.02
0.02
0.02
0.02
0.02
0.02
0.02
0.03
0.03
0.03
0.03
0.07
0.07
0.07
0.07
0.23
0.23
0.23
0.23
0.04
0.04
0.04
0.04
0.02
0.02
0.02
0.02
0.02
0.02
0.02
0.02
0.11
0.11
0.11
0.11
0.03
0.03
0.03
0.03
0.09
0.09
0.09
0.09
0.1
0.1
0.1
0.1
0.09
0.09
0.09
0.09
0.16
0.16
0.16
0.16
0.02
0.02
0.02
0.02
0.11
0.11
0.11
0.11
0.07
0.07
0.07
0.07
0.05
0.05
0.05
0.05
0.03
0.03
0.03
0.03
0.02
0.02
0.02
0.02
0.03
0.03
0.03
0.03
0.02
0.02
0.02
0.02
0.02
0.02
0.02
0.02
0.02
0.02
0.02
0.02
0.01
0.01
0.01
0.01
0.02
0.02
0.02
0.02
0.03
0.03
0.03
0.03
0.07
0.07
0.07
0.07
0.16
0.16
0.16
0.16
0.11
0.11
0.11
0.11
0.01
0.01
0.01
0.01
0.02
0.02
0.02
0.02
0.08
0.08
0.08
0.08
0.19
0.19
0.19
0.19
0.01
0.01
0.01
0.01
0.02
0.02
0.02
0.02
0.01
0.01
0.01
0.01
0.02
0.02
0.02
0.02
0.05
0.05
0.05
0.05
0.16
0.16
0.16
0.16
0.06
0.06
0.06
0.06
0.18
0.18
0.18
0.18
0.04
0.04
0.04
0.04
0.04
0.04
0.04
0.04
0.03
0.03
0.03
0.03
0.02
0.02
0.02
0.02
0.03
0.03
0.03
0.03
0.02
0.02
0.02
0.02
0.02
0.02
0.02
0.02
0.03
0.03
0.03
0.03
0.02
0.02
0.02
0.02
0.03
0.03
0.03
0.03
0.03
0.03
0.03
0.03
0.05
0.05
0.05
0.05
0.18
0.18
0.18
0.18
0.03
0.03
0.03
0.03
0.02
0.02
0.02
0.02
0.13
0.13
0.13
0.13
0.03
0.03
0.03
0.03
0.02
0.02
0.02
0.02
0.01
0.01
0.01
0.01
0.02
0.02
0.02
0.02
0.01
0.01
0.01
0.01
0.02
0.02
0.02
0.02
0.03
0.03
0.03
0.03
0.08
0.08
0.08
0.08
0.04
0.04
0.04
0.04
0.04
0.04
0.04
0.04
0.02
0.02
0.02
0.02
0.03
0.03
0.03
0.03
0.01
0.01
0.01
0.01
0.02
0.02
0.02
0.02
0.01
0.01
0.01
0.01
0.03
0.03
0.03
0.03
0.01
0.01
0.01
0.01
0.02
0.02
0.02
0.02
0.03
0.03
0.03
0.03
0.14
0.14
0.14
0.14
0.22
0.22
0.22
0.22
0.01
0.01
0.01
0.01
0.02
0.02
0.02
0.02
0.01
0.01
0.01
0.01
0.21
0.21
0.21
0.21
0.01
0.01
0.01
0.01
0.02
0.02
0.02
0.02
