0.03
0.03
0.03
0.03
0.02
0.02
0.02
0.02
0.3
0.3
0.3
0.3
0.1
0.1
0.1
0.1
0.1
0.1
0.1
0.1
0.47
0.47
0.47
0.47
0.23
0.23
0.23
0.23
0.06
0.06
0.06
0.06
0.06
0.06
0.06
0.06
0.03
0.03
0.03
0.03
0.03
0.03
0.03
0.03
0.04
0.04
0.04
0.04
0.04
0.04
0.04
0.04
0.08
0.08
0.08
0.08
0.26
0.26
0.26
0.26
0.38
0.38
0.38
0.38
0.29
0.29
0.29
0.29
0.04
0.04
0.04
0.04
0.01
0.01
0.01
0.01
0.02
0.02
0.02
0.02
0.02
0.02
0.02
0.02
0.02
0.02
0.02
0.02
0.02
0.02
0.02
0.02
0.01
0.01
0.01
0.01
0.02
0.02
0.02
0.02
0.01
0.01
0.01
0.01
0.03
0.03
0.03
0.03
0.09
0.09
0.09
0.09
0.23
0.23
0.23
0.23
0.27
0.27
0.27
0.27
0.07
0.07
0.07
0.07
0.16
0.16
0.16
0.16
0.05
0.05
0.05
0.05
0.06
0.06
0.06
0.06
0.05
0.05
0.05
0.05
0.03
0.03
0.03
0.03
0.04
0.04
0.04
0.04
0.03
0.03
0.03
0.03
0.04
0.04
0.04
0.04
0.03
0.03
0.03
0.03
0.18
0.18
0.18
0.18
0.15
0.15
0.15
0.15
0.06
0.06
0.06
0.06
0.02
0.02
0.02
0.02
0.02
0.02
0.02
0.02
0.05
0.05
0.05
0.05
0.03
0.03
0.03
0.03
0.03
0.03
0.03
0.03
0.04
0.04
0.04
0.04
0.19
0.19
0.19
0.19
0.12
0.12
0.12
0.12
0.19
0.19
0.19
0.19
0.3
0.3
0.3
0.3
0.08
0.08
0.08
0.08
0.1
0.1
0.1
0.1
0.07
0.07
0.07
0.07
0.09
0.09
0.09
0.09
0.1
0.1
0.1
0.1
0.04
0.04
0.04
0.04
0.04
0.04
0.04
0.04
0.06
0.06
0.06
0.06
0.04
0.04
0.04
0.04
0.04
0.04
0.04
0.04
0.05
0.05
0.05
0.05
0.11
0.11
0.11
0.11
0.09
0.09
0.09
0.09
0.04
0.04
0.04
0.04
0.03
0.03
0.03
0.03
0.05
0.05
0.05
0.05
0.03
0.03
0.03
0.03
0.02
0.02
0.02
0.02
0.02
0.02
0.02
0.02
0.04
0.04
0.04
0.04
0.03
0.03
0.03
0.03
0.3
0.3
0.3
0.3
1.83
1.83
1.83
1.83
1.48
1.48
1.48
1.48
0.13
0.13
0.13
0.13
0.09
0.09
0.09
0.09
0.07
0.07
0.07
0.07
0.02
0.02
0.02
0.02
0.01
0.01
0.01
0.01
0.01
0.01
0.01
0.01
0.02
0.02
0.02
0.02
0.03
0.03
0.03
0.03
0.01
0.01
0.01
0.01
0.01
0.01
0.01
0.01
0.01
0.01
0.01
0.01
0.02
0.02
0.02
0.02
0.14
0.14
0.14
0.14
0.05
0.05
0.05
0.05
0.22
0.22
0.22
0.22
0.56
0.56
0.56
0.56
1.8
1.8
1.8
1.8
0.38
0.38
0.38
0.38
0.05
0.05
0.05
0.05
0.06
0.06
0.06
0.06
0.92
0.92
0.92
0.92
0.69
0.69
0.69
0.69
0.07
0.07
0.07
0.07
0.11
0.11
0.11
0.11
0.11
0.11
0.11
0.11
1.35
1.35
1.35
1.35
1.53
1.53
1.53
1.53
0.06
0.06
0.06
0.06
0.05
0.05
0.05
0.05
0.05
0.05
0.05
0.05
0.03
0.03
0.03
0.03
0.03
0.03
0.03
0.03
0.04
0.04
0.04
0.04
0.03
0.03
0.03
0.03
0.04
0.04
0.04
0.04
0.03
0.03
0.03
0.03
0.05
0.05
0.05
0.05
0.26
0.26
0.26
0.26
0.18
0.18
0.18
0.18
0.25
0.25
0.25
0.25
0.33
0.33
0.33
0.33
0.04
0.04
0.04
0.04
0.03
0.03
0.03
0.03
0.14
0.14
0.14
0.14
0.36
0.36
0.36
0.36
1.43
1.43
1.43
1.43
0.79
0.79
0.79
0.79
0.3
0.3
0.3
0.3
0.26
0.26
0.26
0.26
0.14
0.14
0.14
0.14
0.09
0.09
0.09
0.09
0.03
0.03
0.03
0.03
0.03
0.03
0.03
0.03
0.02
0.02
0.02
0.02
0.03
0.03
0.03
0.03
0.02
0.02
0.02
0.02
0.02
0.02
0.02
0.02
0.03
0.03
0.03
0.03
0.05
0.05
0.05
0.05
0.19
0.19
0.19
0.19
0.08
0.08
0.08
0.08
0.02
0.02
0.02
0.02
0.01
0.01
0.01
0.01
0.02
0.02
0.02
0.02
0.02
0.02
0.02
0.02
0.01
0.01
0.01
0.01
0.03
0.03
0.03
0.03
0.01
0.01
0.01
0.01
0.7
0.7
0.7
0.7
1.18
1.18
1.18
1.18
0.1
0.1
0.1
0.1
0.08
0.08
0.08
0.08
0.05
0.05
0.05
0.05
0.03
0.03
0.03
0.03
0.1
0.1
0.1
0.1
0.1
0.1
0.1
0.1
0.07
0.07
0.07
0.07
0.03
0.03
0.03
0.03
0.04
0.04
0.04
0.04
0.03
0.03
0.03
0.03
0.02
0.02
0.02
0.02
0.03
0.03
0.03
0.03
0.02
0.02
0.02
0.02
0.03
0.03
0.03
0.03
0.13
0.13
0.13
0.13
0.09
0.09
0.09
0.09
0.02
0.02
0.02
0.02
0.01
0.01
0.01
0.01
0.02
0.02
0.02
0.02
0.04
0.04
0.04
0.04
0.03
0.03
0.03
0.03
0.02
0.02
0.02
0.02
0.03
0.03
0.03
0.03
0.15
0.15
0.15
0.15
0.99
0.99
0.99
0.99
2.03
2.03
2.03
2.03
0.38
0.38
0.38
0.38
0.09
0.09
0.09
0.09
0.05
0.05
0.05
0.05
0.06
0.06
0.06
0.06
0.05
0.05
0.05
0.05
0.03
0.03
0.03
0.03
0.05
0.05
0.05
0.05
0.03
0.03
0.03
0.03
0.03
0.03
0.03
0.03
0.05
0.05
0.05
0.05
0.19
0.19
0.19
0.19
0.12
0.12
0.12
0.12
0.08
0.08
0.08
0.08
0.09
0.09
0.09
0.09
0.04
0.04
0.04
0.04
0.03
0.03
0.03
0.03
0.03
0.03
0.03
0.03
0.06
0.06
0.06
0.06
0.03
0.03
0.03
0.03
0.03
0.03
0.03
0.03
0.06
0.06
0.06
0.06
0.06
0.06
0.06
0.06
1.36
1.36
1.36
1.36
1.03
1.03
1.03
1.03
0.11
0.11
0.11
0.11
0.1
0.1
0.1
0.1
0.06
0.06
0.06
0.06
0.07
0.07
0.07
0.07
0.06
0.06
0.06
0.06
0.06
0.06
0.06
0.06
0.04
0.04
0.04
0.04
0.02
0.02
0.02
0.02
0.04
0.04
0.04
0.04
0.02
0.02
0.02
0.02
0.02
0.02
0.02
0.02
0.05
0.05
0.05
0.05
0.18
0.18
0.18
0.18
0.24
0.24
0.24
0.24
0.05
0.05
0.05
0.05
0.02
0.02
0.02
0.02
0.02
0.02
0.02
0.02
0.02
0.02
0.02
0.02
0.03
0.03
0.03
0.03
0.03
0.03
0.03
0.03
0.34
0.34
0.34
0.34
2.09
2.09
2.09
2.09
0.9
0.9
0.9
0.9
0.4
0.4
0.4
0.4
0.31
0.31
0.31
0.31
0.05
0.05
0.05
0.05
0.08
0.08
0.08
0.08
0.06
0.06
0.06
0.06
0.03
0.03
0.03
0.03
0.04
0.04
0.04
0.04
0.04
0.04
0.04
0.04
0.03
0.03
0.03
0.03
0.04
0.04
0.04
0.04
0.29
0.29
0.29
0.29
0.44
0.44
0.44
0.44
0.21
0.21
0.21
0.21
0.07
0.07
0.07
0.07
0.06
0.06
0.06
0.06
0.03
0.03
0.03
0.03
0.02
0.02
0.02
0.02
0.03
0.03
0.03
0.03
0.03
0.03
0.03
0.03
0.01
0.01
0.01
0.01
0.02
0.02
0.02
0.02
0.04
0.04
0.04
0.04
0.01
0.01
0.01
0.01
0.1
0.1
0.1
0.1
0.29
0.29
0.29
0.29
0.11
0.11
0.11
0.11
0.13
0.13
0.13
0.13
0.56
0.56
0.56
0.56
1.85
1.85
1.85
1.85
1.26
1.26
1.26
1.26
0.04
0.04
0.04
0.04
0.05
0.05
0.05
0.05
0.05
0.05
0.05
0.05
0.02
0.02
0.02
0.02
0.02
0.02
0.02
0.02
0.03
0.03
0.03
0.03
0.04
0.04
0.04
0.04
0.04
0.04
0.04
0.04
0.06
0.06
0.06
0.06
0.3
0.3
0.3
0.3
0.61
0.61
0.61
0.61
0.13
0.13
0.13
0.13
0.05
0.05
0.05
0.05
0.06
0.06
0.06
0.06
0.05
0.05
0.05
0.05
0.1
0.1
0.1
0.1
1.85
1.85
1.85
1.85
0.34
0.34
0.34
0.34
0.16
0.16
0.16
0.16
0.1
0.1
0.1
0.1
0.09
0.09
0.09
0.09
0.1
0.1
0.1
0.1
0.1
0.1
0.1
0.1
0.06
0.06
0.06
0.06
0.06
0.06
0.06
0.06
0.02
0.02
0.02
0.02
0.03
0.03
0.03
0.03
0.02
0.02
0.02
0.02
0.02
0.02
0.02
0.02
0.03
0.03
0.03
0.03
0.02
0.02
0.02
0.02
0.02
0.02
0.02
0.02
0.21
0.21
0.21
0.21
0.14
0.14
0.14
0.14
0.05
0.05
0.05
0.05
0.14
0.14
0.14
0.14
0.09
0.09
0.09
0.09
0.07
0.07
0.07
0.07
0.06
0.06
0.06
0.06
0.1
0.1
0.1
0.1
0.12
0.12
0.12
0.12
0.13
0.13
0.13
0.13
0.07
0.07
0.07
0.07
