282.0815
283.5565
293.3315
282.587333333
284.187333333
294.004
281.748666667
283.298666667
292.432
280.178
281.753
292.203
279.583333333
281.083333333
290.183333333
278.256666667
279.756666667
289.506666667
278.1485
279.5485
289.1235
276.415666667
277.849
288.349
275.901333333
277.268
287.868
275.667
277.317
288.117
275.059333333
276.526
287.392666667
274.731666667
276.365
287.398333333
276.0215
277.6965
290.5965
275.154666667
277.038
289.538
275.905333333
277.872
291.672
279.036
280.611
292.461
278.993333333
280.81
295.043333333
281.330666667
282.914
296.280666667
281.0545
283.1045
295.8045
284.263
285.846333333
297.613
284.858
286.674666667
297.708
284.704
286.829
296.479
285.548666667
287.882
297.015333333
285.644333333
288.261
296.227666667
284.524
287.224
296.074
285.025
288.075
295.075
284.31
287.51
294.71
282.583
285.683
293.658
282.205333333
285.538666667
293.522
280.815666667
284.132333333
292.699
280.9045
283.1295
292.9045
279.022
281.588666667
291.738666667
278.618
280.451333333
291.601333333
278.385
280.135
292.01
277.924
278.724
291.690666667
277.634
278.134
291.917333333
278.8855
279.8355
292.5355
278.081666667
278.481666667
292.631666667
278.819333333
279.419333333
293.119333333
281.6125
282.3625
293.7125
281.665
282.631666667
294.165
283.773
284.906333333
294.723
283.683
285.283
294.808
286.523666667
288.190333333
295.523666667
287.166333333
289.199666667
295.766333333
286.776
289.051
293.301
287.763
290.446333333
294.446333333
287.717
290.683666667
292.883666667
286.7565
288.9565
295.1065
287.015333333
289.848666667
292.282
286.359666667
288.776333333
293.243
284.785
287.36
292.435
284.435666667
286.402333333
293.985666667
283.167333333
285.100666667
293.767333333
282.3035
284.1285
293.4285
280.900333333
282.717
293.250333333
279.901666667
281.635
292.951666667
279.649
281.474
291.899
278.401666667
280.085
291.851666667
277.900333333
279.617
291.050333333
279.4505
281.1005
293.6005
278.265333333
279.982
291.682
279.131666667
280.815
293.115
281.882
283.757
293.032
282.120333333
283.887
294.970333333
284.242666667
286.126
295.392666667
284.131
286.231
295.381
286.998
289.181333333
295.948
287.631
289.997666667
296.081
287.2745
289.8245
295.6745
288.237333333
290.970666667
295.987333333
288.210666667
291.127333333
295.760666667
286.532
289.032
292.757
287.056
289.939333333
293.456
285.928
288.594666667
291.378
284.2345
287.2345
292.5845
283.295
285.895
289.411666667
281.79
284.54
289.523333333
281.9705
283.7705
288.8705
279.903666667
282.220333333
289.237
279.522333333
281.255666667
288.839
279.5965
280.8965
288.9965
279.063333333
279.73
288.413333333
278.985666667
279.169
288.385666667
280.1625
281.0625
291.1375
279.666666667
279.683333333
290.183333333
280.425333333
280.758666667
292.008666667
283.117
283.842
293.167
283.231333333
284.248
295.214666667
285.278666667
286.662
296.595333333
285.276
286.951
296.351
288.006666667
290.073333333
298.273333333
288.687333333
291.070666667
298.570666667
288.556
290.831
296.731
289.507333333
292.240666667
297.740666667
289.646666667
292.413333333
296.613333333
287.7405
290.3655
294.9405
288.561666667
291.278333333
293.995
287.337333333
289.970666667
292.504
285.7825
288.4325
291.5575
284.668333333
287.201666667
289.885
283.223666667
285.740333333
288.757
283.2505
284.7755
288.0755
281.315333333
283.148666667
286.798666667
280.851666667
282.018333333
285.968333333
280.732
281.782
285.632
280.153666667
280.353666667
284.637
279.919333333
279.819333333
284.136
281.411
281.836
286.511
280.601333333
280.451333333
285.051333333
281.517666667
281.617666667
286.467666667
284.0465
284.7465
287.6715
284.425333333
285.258666667
289.158666667
286.416666667
287.733333333
290.433333333
286.2305
288.1555
290.4805
288.947666667
291.314333333
292.164333333
289.487333333
292.420666667
292.620666667
289.2295
292.2545
292.1045
290.035
293.785
292.885
290.043
294.043
292.693
288.3295
291.6795
290.0045
288.911333333
292.811333333
290.644666667
287.771666667
291.321666667
288.788333333
286.069
289.394
288.644
285.117
288.050333333
286.217
283.602
286.268666667
285.502
283.8055
285.5805
285.4555
281.717666667
283.434333333
284.517666667
281.348333333
282.381666667
284.248333333
281.1265
282.1515
284.0515
280.708
280.824666667
283.758
280.437
280.320333333
283.537
284.12
282.0795
286.9295
284.145905919
280.820666667
285.504
284.38
281.825333333
287.692
284.399799517
284.307
287.282
283.903177766
284.819333333
290.336
285.048
286.808666667
290.792
285.048
287.4205
291.5705
285.048
289.869
291.919
286.352602046
290.94
292.59
285.461
289.9235
292.5485
285.181691489
291.690333333
293.457
284.749
291.369666667
293.653
284.749
287.8275
291.8275
284.749
288.580666667
292.697333333
284.272
286.112333333
291.545666667
284.223148735
286.304
291.729
281.802875413
282.949
290.132333333
281.558
282.254
289.870666667
281.558
281.8855
289.5855
281.558
281.081666667
289.331666667
280.719
280.604333333
289.054333333
280.714001864
281.0705
288.8205
280.074413085
280.278666667
288.528666667
280.535
280.430333333
288.280333333
280.535
280.6685
291.3935
280.535
280.791333333
290.024666667
281.91
281.000666667
292.017333333
281.919881449
282.4455
292.9705
281.184525677
282.243
295.309666667
282.709
283.276
296.609333333
282.709
283.668
296.743
282.709
284.914666667
298.431333333
282.864370975
285.520333333
298.953666667
283.626
285.2795
295.6545
283.636051917
286.167333333
297.450666667
283.65
286.208666667
295.425333333
283.65
285.3875
296.6875
283.65
285.716333333
293.566333333
283.252
285.182666667
293.732666667
283.251261384
284.145
292.22
283.031
283.779333333
292.946
282.999827066
282.909666667
291.993
283.031
282.5155
292.4405
283.031
281.487333333
291.020666667
282.343
280.934666667
291.001333333
282.318742731
280.583
290.858
280.158807187
279.963333333
290.88
281.549
279.544666667
290.778
281.549
280.3875
291.5375
281.549
279.548333333
291.148333333
281.043
279.970666667
291.620666667
281.038915699
281.2265
292.0515
279.690897403
281.371
292.537666667
279.927
282.349
292.982333333
279.927
281.4915
293.8915
279.927
283.081333333
294.181333333
279.64385915
282.835666667
294.935666667
280.19
282.4705
294.1955
280.460791188
282.264666667
295.448
280.864
281.939333333
295.206
280.864
281.984
294.4215
280.864
281.535333333
294.360333333
281.402
281.456666667
293.756666667
281.400008713
280.7225
293.7725
280.124955261
280.862333333
292.962333333
281.26
280.346666667
292.771666667
281.26
280.549
293.0865
281.26
279.794
292.727333333
280.403
279.757
292.873666667
280.365745119
279.9015
292.0265
278.25284381
279.804
292.504
278.952
279.888
291.988
278.952
280.359
292.609
278.952
280.314
291.714
277.748403924
280.656
291.956
279.048
281.7495
292.6495
279.730861873
281.841
292.741
280.577
282.684
293.284
280.577
282.387
293.812
280.577
283.61
294.36
280.094922514
283.693
294.893
281.376
283.9895
293.9145
281.182580774
284.001333333
294.951333333
280.902
284.226666667
294.476666667
280.902
282.923
293.6105
280.902
283.658
293.266333333
280.984
282.864
292.530666667
280.984793094
282.701
292.426
281.162
281.696666667
291.48
281.111150685
281.323333333
291.165
281.162
281.1945
291.607
281.162
280.739666667
291.039666667
280.853
280.529333333
291.229333333
280.828287025
279.726
289.826
278.777637669
279.713333333
290.546666667
279.972
279.107666667
289.674333333
279.972
280.121
292.046
279.972
278.975666667
290.092333333
280.173
279.449333333
291.382666667
280.174557228
280.979
293.454
279.802512098
281.100666667
294.484
281.156
282.278333333
296.295
281.156
282.005
296.505
281.156
283.666333333
298.849666667
281.423136473
283.876666667
299.593333333
282.537
284.147
298.397
282.944316776
284.337333333
299.787333333
283.488
284.587666667
299.237666667
283.488
283.338
296.4755
283.488
284.088333333
296.663333333
283.434
283.338666667
294.638666667
283.432636895
281.544
294.769
283.008
281.142666667
292.026
282.952558459
279.696333333
291.438
283.008
279.7945
291.382
283.008
277.833333333
290.616666667
282.447
277.416666667
290.383333333
282.43264728
277.4375
289.2375
278.857369288
276.875
289.308333333
281.835
276.75
288.466666667
281.835
278.4765
293.0015
281.835
277.734333333
290.367666667
281.903
278.843666667
293.110333333
281.907927673
281.062
294.437
280.540455105
281.801666667
297.651666667
282.449
283.650333333
299.450333333
282.449
283.1255
298.8755
282.449
285.765333333
301.465333333
283.241253536
286.031666667
301.681666667
283.398
285.447
300.622
283.418224425
285.997
301.263666667
283.445
285.696
300.629333333
283.445
286.2885
298.6635
283.445
285.689666667
298.473
282.919
285.984333333
296.951
282.917452755
284.7205
295.4205
283.374856354
285.534666667
293.901333333
282.764
284.790333333
292.373666667
282.764
284.775
292.975
282.764
283.787666667
290.737666667
282.796
283.529333333
290.629333333
282.793026415
283.325
290.275
282.130134615
283.048666667
290.248666667
282.68
282.826333333
289.976333333
282.68
283.3935
288.9685
282.68
282.908
288.941333333
281.983519124
283.212
288.178666667
282.816
285.357
289.982
282.949303875
285.047333333
288.364
283.11
286.578666667
289.312
283.386601476
287.6465
288.8465
283.977
289.332333333
290.265666667
284.024068771
290.554666667
290.271333333
283.977
291.061
289.236
283.977
292.522
289.588666667
285.767032954
293.267
288.900333333
285.162
292.3715
288.9215
285.212682481
293.663333333
287.996666667
285.281
293.314666667
287.781333333
285.281
291.165
287.165
285.281
291.416666667
287.083333333
284.942
289.867333333
286.600666667
284.953398885
289.844
286.344
284.469333333
287.786
285.786
284.770666667
287.254
285.454
284.906855055
286.8275
284.9775
285.179
286.260333333
284.693666667
285.13
285.798666667
284.265333333
285.151600722
286.1945
284.7945
285.464272727
285.447
284.047
285.795
285.557
284.257
285.78168589
286.3255
284.6505
285.767
286.216
284.799333333
283.464
286.765
285.131666667
283.464
285.159
284.359
283.464
286.905222222
285.305222222
284.074
286.496444444
285.146444444
284.083315499
286.087666667
284.987666667
284.224816748
285.678888889
284.828888889
284.373
285.270111111
284.670111111
284.373
284.861333333
284.511333333
284.373
284.452555556
284.352555556
284.049
284.043777778
284.193777778
284.004143403
284.22475
283.01225
282.405
283.488333333
283.421666667
281.975
283.341666667
282.808333333
283.267116199
282.347
283.422
283.43
282.483
282.399666667
282.852
281.771
282.604333333
282.834159926
281.675
282.375
281.363379014
280.757666667
282.724333333
282.246
280.456333333
282.639666667
282.246
281.642
285.892
282.246
280.845
284.695
281.643458729
281.535
286.835
282.625
282.9325
288.4825
283.093077951
283.386666667
290.786666667
283.96
284.548333333
292.598333333
283.991706986
284.5645
292.4395
283.183431299
286.108
294.908
284.254
286.506
295.406
284.035403519
286.5235
294.5485
282.615
287.048333333
295.498333333
282.526
287.192666667
295.092666667
283.437
286.6145
292.2645
283.502836908
286.999666667
292.666333333
283.588
286.662333333
290.645666667
283.588
285.616
290.541
283.588
285.515
287.881666667
283.549
284.705
287.138333333
283.549
284.014
287.064
283.549
283.164333333
286.097666667
282.671
282.433666667
285.800333333
282.663626231
281.8015
285.0515
280.768049585
281.038
284.904666667
282.447
280.373
284.306333333
282.447
282.0195
289.6945
282.447
280.584
287.100666667
281.904833284
281.46
290.493333333
282.486
283.261
290.611
282.828048379
283.828666667
295.095333333
283.264
285.321333333
296.304666667
283.264
285.768
296.043
283.264
287.609333333
297.742666667
283.461888908
288.404666667
297.971333333
283.7
288.618
297.393
283.815920573
289.607333333
297.890666667
283.972
290.014666667
297.581333333
283.972
288.2145
294.2145
283.972
289.357666667
294.924333333
283.629
288.293333333
292.576666667
283.62135441
287.1345
292.3095
283.537220025
286.101666667
289.268333333
283.29
284.974333333
288.307666667
283.29
284.671
288.021
283.29
283.269
286.835666667
283.506
282.691
286.324333333
283.50604779
282.793
286.143
282.276577499
281.988333333
285.521666667
283.509
281.863666667
285.230333333
283.509
282.828
290.453
283.509
282.340333333
288.323666667
282.943
282.941666667
291.708333333
282.944046588
285.0875
291.8125
282.717382186
285.174
296.290666667
283.736
286.805
297.488333333
283.736
287.1365
297.3865
283.736
289.200666667
299.017333333
284.489592641
289.965333333
299.348666667
284.73
289.729
298.654
284.939757327
290.827333333
299.327333333
285.222
290.924666667
298.974666667
285.222
289.176
295.926
285.222
289.888666667
296.472
284.941
288.755333333
294.322
284.928269832
287.884
294.034
283.715
286.663333333
291.263333333
283.698354874
285.704666667
290.354666667
283.715
285.9235
289.5235
283.715
284.572333333
288.589
283.143
284.398666667
287.732
283.125719995
283.815
287.84
281.630947137
283.778
286.661333333
282.448
283.331
286.447666667
282.448
284.0215
291.3465
282.448
283.195333333
289.428666667
282.518
283.506666667
292.623333333
282.521596364
285.2885
293.0135
282.196103927
285.109666667
297.143
283.493
286.401333333
298.468
283.493
286.7545
298.2045
283.493
288.359
300.059
284.694651209
289.025
300.325
284.691
288.8755
299.6755
284.968464214
289.813333333
300.246666667
285.408
289.935666667
299.902333333
285.408
288.399
297.424
285.408
289.074333333
297.791
285.178585605
288.090666667
296.024
285.059
286.474
295.824
284.621482805
285.701333333
293.534666667
284.117
284.295666667
292.812333333
284.117
283.5635
292.4885
284.117
281.933333333
291.633333333
283.567
280.976666667
291.176666667
283.553119718
280.4085
290.8835
280.588542147
279.322333333
290.372333333
282.91
278.624666667
290.024666667
282.91
281.5155
293.1655
282.91
279.621666667
291.655
283.661
281.316333333
293.633
283.675487503
283.3385
294.3635
283.276421558
284.924
296.757333333
284.7
286.837
297.903666667
284.7
287.294
297.794
284.7
289.692333333
299.359
286.395689729
290.634666667
299.668
285.577
290.5565
298.8565
285.728537037
291.839
299.539
285.913
292.101
299.101
285.913
290.218
297.593
285.913
291.195
297.511666667
285.246
290.027
296.360333333
285.225653841
287.733
296.133
285.388408188
286.940333333
294.673666667
284.522
285.021666667
294.138333333
284.522
284.524
293.874
284.522
282.131666667
293.248333333
284.189
281.160333333
292.893666667
284.184974009
281.304
292.579
281.351102172
279.961
292.211
284.051
279.733
291.883
284.051
281.5745
294.5245
284.051
280.656666667
293.206666667
283.340514759
281.808333333
294.858333333
284.46
283.6075
295.4575
284.616984623
284.543333333
297.46
284.81
286.126666667
298.41
284.81
286.438
298.313
284.81
288.445333333
299.612
285.690587912
289.180666667
299.864
285.916
288.5745
299.299
285.811364568
289.757
299.823333333
285.639
289.598
299.530666667
285.131347092
287.713
297.963
285.612666667
288.129333333
298.095333333
284.286333333
286.819666667
296.952666667
284.523
286.5545
296.629
284.010071812
284.896666667
295.213333333
283.428
284.283333333
294.616666667
283.428
284.0625
294.2375
283.428
283.318333333
293.568333333
283.037
282.966666667
293.116666667
282.993773585
282.8495
292.6995
279.9610199
282.419666667
292.236333333
281.674
282.224333333
291.807666667
281.674
281.9635
294.4885
281.674
281.79
293.023333333
282.062
281.551
294.667666667
282.063089595
283.084
295.334
281.358937618
282.254333333
297.304333333
282.439
283.196666667
298.296666667
282.439
283.5825
297.2325
282.439
284.710333333
298.910333333
282.425657343
285.281666667
298.531666667
283.203
284.406
298.806
283.410068404
285.459666667
298.209666667
283.723
285.066333333
298.266333333
283.723
284.471
297.246
283.723
284.145
297.661666667
283.350335559
283.617
297.000333333
283.691
283.026
296.776
283.493321704
282.519
295.969
283.267
281.949
295.599
283.267
281.2475
294.4975
283.267
280.721333333
294.371333333
281.258149913
280.063666667
293.513666667
283.095
279.397
294.222
282.985488557
278.742333333
292.842333333
282.838
278.078666667
293.028666667
282.838
280.3915
293.5165
282.838
278.735666667
293.602333333
281.927960279
280.056333333
293.989666667
282.977
281.066
293.991
283.447238407
282.490333333
294.507
284.217
283.603666667
294.637
284.217
284.357
296.982
284.217
285.590333333
296.373666667
285.085858833
286.463666667
297.980333333
285.587
286.6535
296.5535
285.916530806
287.754666667
299.171333333
286.49
288.172333333
298.755666667
286.49
286.7345
298.0095
286.49
287.770666667
297.704
285.930457742
286.951333333
297.068
286.27
284.865
297.015
285.798602573
284.468
296.184666667
285.227
282.804
295.937333333
285.227
282.3905
296.0905
285.227
280.309666667
295.709666667
284.691
279.479333333
295.729333333
284.670860263
279.2315
295.2565
281.121607172
278.207
295.440333333
283.85
277.765
295.131666667
283.85
280.8945
296.5445
283.85
279.262
295.662
283.94
281.201
296.501
283.940373887
282.744
297.019
283.63973881
284.815
297.965
285.515
286.49
298.59
285.515
286.946
297.571
285.515
289.027333333
298.744
287.030625954
289.889666667
298.273
286.902
289.8005
298.4505
287.206636102
290.98
297.763333333
287.736
291.208
297.724666667
287.736
289.6635
297.2635
287.736
290.482333333
297.365666667
287.55472358
289.528666667
297.045333333
287.28
287.067
296.092
286.757796666
286.616
295.982666667
286.211
284.657
295.240333333
286.211
284.351
295.651
286.211
281.841
294.524333333
285.619
280.984
294.550666667
285.612408144
280.778
294.853
282.473150184
279.704
294.787333333
285.074
279.281
294.997666667
285.074
282.311
296.161
285.074
280.737
296.053666667
285.795
282.616
296.899333333
285.796683861
284.7365
297.8365
285.543011397
286.535
298.651666667
287.215
288.575
299.558333333
287.215
289.3075
299.0325
287.215
291.783333333
300.416666667
289.150702377
292.951666667
300.368333333
288.37
292.674
300.149
288.575046985
294.324333333
300.157666667
288.933
294.528666667
299.995333333
288.933
292.5865
299.3115
288.933
293.506333333
299.323
289.482640719
292.279666667
298.813
288.446
289.3965
297.2715
287.971359517
288.722
297.105333333
287.454
286.391
295.907666667
287.454
286.1335
297.0585
287.454
283.111333333
295.078
286.707
282.162666667
295.446
286.698533076
282.2495
295.2745
284.076180268
280.955666667
295.822333333
286.194
280.697333333
295.830666667
286.194
284.1665
296.6165
286.194
282.665666667
296.365666667
286.769
284.892333333
296.892333333
286.773504328
286.8685
296.1435
286.629766113
289.178666667
297.095333333
287.148
291.238333333
296.771666667
287.148
291.318
297.793
287.148
294.037666667
297.021
289.061462383
294.777333333
297.594
287.317
294.5915
297.4165
287.361328392
295.639666667
298.239666667
287.435
295.762333333
298.312333333
287.435
294.5955
297.9705
287.435
295.148
298.181333333
289.105790865
294.411
297.977666667
286.844
291.773
297.398
286.750124632
291.669666667
297.319666667
286.636
289.665333333
296.865333333
286.636
289.4795
297.0545
286.636
286.869
296.385666667
286.6
286.077
296.360333333
286.590848329
285.7685
295.4185
285.270832676
284.815333333
295.698666667
286.2
284.345666667
295.062333333
286.2
285.756
294.706
286.2
284.659666667
293.976333333
286.759494413
285.443333333
293.526666667
287.176
287.1225
293.6975
288.431168943
287.607666667
293.041
289.700084472
288.988333333
293.005
287.550349606
289.727
293.627
287.719
291.321666667
293.371666667
289.342322581
292.274333333
293.774333333
288.127
291.734
292.359
288.115355346
293.184333333
293.367666667
288.099
293.141666667
292.558333333
288.099
291.216
293.766
288.099
291.801
292.284333333
287.785
290.503
292.819666667
287.783439503
290.098
291.898
287.727260701
288.502333333
292.919
287.247
287.799666667
292.483
287.247
287.1175
292.5675
287.247
286.408
291.958
287.113
285.719
291.869
287.109578854
285.332
290.782
285.197328964
284.542333333
291.025666667
286.146
284.054666667
290.271333333
286.146
285.0975
291.3225
286.146
284.099666667
289.966333333
285.499032187
284.632333333
290.415666667
285.765
285.5055
291.5805
286.026523876
285.924666667
291.791333333
286.344
286.684333333
292.717666667
286.344
287.838
293.113
286.344
288.466333333
294.216333333
287.509659996
289.488666667
294.788666667
287.411
289.264
294.014
287.715350416
290.702
295.035333333
288.234
290.893
294.709666667
288.234
288.336
292.861
288.234
289.443
293.043
287.642449468
287.802
291.702
288.32
287.888
291.638
288.00968034
285.671333333
289.871333333
287.65
285.181666667
289.381666667
287.460862402
284.772
289.347
284.022514809
284.255666667
288.705666667
286.845
283.819333333
288.519333333
286.838473926
283.778
288.478
283.677168378
283.21
288.243333333
286.347
283.037
288.153666667
286.347
283.691
289.666
286.347
283.242333333
289.042333333
285.425914629
283.620666667
290.020666667
285.299
285.0635
290.6635
285.641909828
285.087
291.753666667
286.063
286.175
292.508333333
286.497309521
286.9295
292.5545
287.41
288.128666667
293.545333333
287.965140187
288.994333333
293.827666667
287.41
288.0185
293.3685
287.41
289.498
293.898
288.601046537
289.136
293.686
288.324
288.2825
292.7825
288.275005102
288.084333333
292.801
288.207
287.394666667
292.128
288.207
286.7145
292.3645
288.207
286.021666667
291.388333333
287.799
285.338333333
291.321666667
287.780580448
285.088
290.988
286.653939929
284.260333333
291.010333333
287.663
283.865666667
290.765666667
287.663
283.707
290.507
287.663
283.233666667
290.267
286.458
282.996333333
290.013
286.450542031
283.216
290.491
286.074
282.826333333
289.993
285.925190158
282.893666667
290.227
285.961
283.328
290.878
286.147
283.273
290.973
285.996428571
283.585
291.485
286.147
284.248
292.823
286.201863684
284.443
293.059666667
286.685
284.989
294.122333333
286.685
285.0815
292.1065
286.416
285.778666667
294.195333333
286.291342466
286.022333333
293.205666667
286.416
284.7195
293.8945
285.682
285.478666667
292.345333333
285.682
284.691333333
292.474666667
285.682
284.4875
292.1125
285.312
283.505666667
292.405666667
285.312
283.107333333
292.207333333
285.312
283.1365
292.1865
285.102
282.595666667
291.929
285.102
282.482333333
291.849
285.102
282.344
292.369
284.872
282.239
292.089
284.614199063
282.109
292.409
284.872
282.9035
293.7035
285.065
282.465333333
293.698666667
284.688
282.951666667
294.668333333
284.688
284.373
295.948
285.267
284.547666667
296.814333333
285.307609952
285.657333333
297.990666667
285.267
286.343
297.918
285.394091917
287.594
299.510666667
286.698
288.421
299.854333333
286.698
288.5425
299.1675
286.852948866
289.604666667
299.854666667
288.018
289.961333333
299.511333333
288.018
288.655
298.18
288.203
289.566
298.166
288.203
288.814
297.164
288.203
286.6995
296.7745
288.203
286.401666667
295.568333333
287.498
284.741333333
294.974666667
287.498
284.6
294.925
287.315
282.433333333
294.15
287.315
281.785666667
293.919
287.315
281.4995
294.0745
287.034
280.731333333
293.714666667
287.034
280.324666667
293.741333333
287.034
283.237
295.412
286.882
281.724
294.890666667
286.436
283.53
296.013333333
286.436
284.6665
295.7915
287.415
286.695666667
297.362333333
287.517566735
288.055333333
297.588666667
287.415
288.544
298.069
287.493990824
290.194
298.210666667
288.452
290.973
298.606333333
288.487975478
290.96
298.385
288.755
292.003
298.986333333
288.755
292.254
298.970666667
288.755
290.272
297.222
288.823
291.267333333
297.784
288.838673387
290.029666667
296.613
288.823
289.5595
297.0845
288.357
288.066
295.366
288.357
287.34
295.29
288.357
286.5685
294.7685
287.829
285.857666667
294.841
287.829
285.101333333
294.468
287.829
285.0105
294.7105
286.974
284.032333333
294.132333333
286.974
283.719666667
294.169666667
286.974
284.545
295.22
286.029
283.853
294.919666667
285.545
284.299
295.632333333
285.545
285.2955
296.4455
286.034
285.558
297.124666667
286.034
286.371
297.904333333
286.034
287.018
298.793
287.241
287.886333333
299.536333333
287.241
288.588666667
300.388666667
