280.91
281.99
294.17
281.39
281.73
293.54
281.67
281.22
292.76
280.64
280.78
291.48
278.93
279.22
290.9
277.72
278.26
290.12
276.81
277.2
289.83
276.37
276.51
289.21
275.97
275.78
288.55
275.57
275.05
287.89
274.53
274.57
287.19
273.9
274.27
286.57
273.95
273.58
286.29
274.2
273.67
286.29
273.935
273.45
286.47
273.67
273.23
286.65
273.61
273.01
287.46
273.835
274.22
289.57
274.06
275.43
291.68
277.1
277.14
294.82
278.4
278.675
297.785
279.7
280.21
300.75
280.12
281.97
302.17
280.805
282.76
302.635
281.49
283.55
303.1
282.2
283.91
301.41
281.405
283.37
299.095
280.61
282.83
296.78
279.19
281.43
295.77
278.45
280.69
294.345
278.24
279.95
292.92
277.76
279.5
291.84
277.675
278.82
287.975
277.59
278.14
284.11
277.27
278.22
283.18
277.165
277.995
282.88
277.06
277.77
282.58
277.03
277.89
281.85
277.195
278.0
281.035
277.36
278.11
280.22
276.4815
277.5315
278.8615
277.6684
277.8684
281.4144
276.445666667
277.137333333
279.404
277.288333333
277.321666667
281.305
278.5232
280.2392
282.7572
279.3005
279.968
284.733
280.47
282.43
286.26
280.56
282.55
286.51
280.89
282.66
286.8
281.01
282.18
286.24
280.87
281.85
285.7
280.41
281.09
284.52
279.1
280.36
282.75
278.72
279.83
281.485
278.34
279.3
280.22
277.92
279.03
279.28
277.91
278.86
278.465
277.9
278.69
277.65
277.78
278.34
277.05
277.725
278.04
276.445
277.67
277.84
275.84
277.74
277.7
275.69
277.645
277.65
275.255
277.55
277.6
274.82
277.52
277.72
276.54
277.58
277.88
278.46
276.493
278.093
285.659666667
276.796
278.346
288.129333333
278.95
278.6425
285.5825
279.87
278.91
286.38
280.72
279.0
287.81
280.75
279.08
288.56
280.028666667
279.874333333
291.974333333
279.307333333
280.167666667
291.142666667
280.71
278.68
287.52
279.068
279.3155
287.7955
279.55
278.17
285.28
279.09
277.96
284.12
278.91
277.8
282.79
278.84
277.75
281.79
278.57
277.64
280.82
276.744
277.65
280.11
278.29
277.66
279.4
278.02
277.76
278.88
277.86
277.92
278.38
277.84
277.88
278.07
277.72
277.82
278.0
277.54
275.863
279.19
277.36
277.9
280.38
277.36
277.89
283.44
277.68
278.34
288.86
277.95
278.84
290.73
278.53
279.44
292.04
279.1
280.53
293.63
279.75
281.17
294.24
280.04
281.76
294.38
280.405
282.355
294.265
280.77
282.95
294.15
281.01
283.04
293.05
280.61
282.21
290.77
280.17
281.04
289.86
279.43
280.23
289.22
278.17
278.84
288.63
277.49
278.22
288.4
277.16
277.52
287.8
276.97
276.81
286.5
276.7
276.49
286.16
276.47
276.11
285.93
273.463333333
274.15
286.356666667
274.496666667
274.62
285.908333333
275.53
275.09
285.46
275.455
274.865
285.66
275.38
274.64
285.86
275.56
274.81
286.26
277.015
274.2585
288.4785
278.47
276.37
287.71
279.475
278.03
288.235
280.48
279.69
288.76
281.6
282.01
288.78
282.0
282.735
288.69
282.4
283.46
288.6
282.6
283.6
288.9
282.95
283.39
289.22
282.03
282.256
289.375
281.11
281.21
289.53
279.66
279.67
289.51
277.5285
278.59
290.4835
277.67
277.51
289.83
277.28
276.9
289.86
276.63
275.976
289.41
275.98
275.56
288.96
275.78
275.21
288.86
275.14
274.64
288.91
275.06
274.42
288.9
274.97
274.123333333
289.013333333
274.7285
274.311
286.366
274.79
273.53
289.24
275.02
273.62
289.59
276.8855
276.5855
290.535
278.53
276.53
291.48
280.22
277.69
291.98
279.9685
280.5085
291.97
282.5
281.58
291.96
282.85
282.733333333
292.09
280.8325
282.4025
289.0075
283.55
285.04
292.35
283.87
285.14
292.58
283.0
281.1495
287.744
282.13
282.8
292.34
280.67
281.12
290.83
279.35
279.46
289.0
279.25
278.85
288.7
278.76
277.8
288.52
278.41
276.05
286.76
278.64
275.68
286.13
278.75
275.74
285.48
278.75
275.98
284.96
277.4435
276.26
284.0
278.42
276.54
283.04
278.48
276.68
283.33
277.9005
276.833
283.645
279.27
278.31
283.96
279.645
278.95
283.555
280.02
279.59
283.15
280.8
280.47
283.73
280.82
280.87
283.63
280.815
281.5835
283.21
280.81
280.73
282.79
280.89
280.48
281.92
280.4165
281.329
282.349
280.18
279.88
280.42
279.65
279.48
279.46
279.01
279.36
278.44
278.0655
279.8655
277.0305
278.49
279.053333333
277.253333333
278.23
278.9
276.66
278.37
278.97
275.61
278.39
278.87
275.03
278.28
278.8
274.64
278.17
278.73
274.25
278.156666667
278.56
274.71
277.172
279.467
274.472
278.13
278.22
275.63
278.23
277.89
277.1
278.635
280.656
281.416
279.04
279.4
280.57
279.76
280.41
281.99
280.156
283.096
283.655
281.76
282.49
285.32
282.44
282.94
286.81
282.55
283.165
287.465
282.66
283.39
288.12
282.223333333
282.85
286.516666667
281.475
283.1225
285.53
281.35
281.77
283.31
280.9
281.19
281.89
280.46
282.018
281.2
280.02
280.97
280.51
279.28
280.93
279.91
280.352666667
281.323333333
279.426666667
279.071333333
281.716666667
278.943333333
277.79
282.11
278.46
277.696666667
282.35
277.933333333
277.603333333
282.59
277.406666667
277.51
282.83
276.88
277.745
282.955
278.165
277.98
283.08
279.45
278.52
283.22
282.9
279.27
283.41
285.2105
280.02
283.6
288.65
280.27
284.07
290.0
281.075
284.435
290.865
281.88
284.8
291.73
282.21
284.84
292.05
282.31
284.755
291.255
282.75
284.67
291.44
282.46
284.32
290.14
282.0805
284.115
288.2905
282.27
283.91
287.04
282.76
283.48
286.01
282.136
283.036
283.881
282.5
283.1
284.29
282.71
282.98
282.99
282.725
283.01
281.212
282.74
283.04
281.7
282.41
282.97
281.85
282.42
282.2955
281.05
282.43
283.01
280.25
282.47
282.87
279.36
282.48
282.3065
279.3265
282.49
282.7
279.69
282.57
282.58
284.27
282.715
282.4825
287.7075
282.86
283.22
288.77
283.06
283.3
290.35
283.12
283.657
293.422
283.18
283.5
292.98
283.156666667
283.676666667
293.203333333
282.7015
284.7865
295.2215
283.11
284.03
293.65
283.11
283.92
292.74
282.86
283.77
292.2035
282.61
283.62
288.99
282.7
283.59
287.63
281.636
282.961
286.63
282.74
283.29
285.63
282.61
283.02
284.83
282.51
282.895
285.016
282.41
282.77
283.38
282.36
282.75
283.09
282.193333333
282.656666667
285.331666667
282.026666667
282.563333333
285.019333333
281.86
282.47
282.23
281.555
282.42
284.3385
281.25
282.37
283.97
281.51
282.39
286.97
281.0755
282.73
290.46
282.66
283.07
293.95
282.696666667
283.166666667
295.076666667
282.537
283.782
297.042
282.77
283.36
297.33
283.14
283.67
298.0
283.121
284.826
298.005
282.87
283.93
298.01
282.44
283.77
296.99
282.115
284.2745
295.4995
281.79
282.82
293.57
281.65
282.19
292.48
281.25
281.95
291.865
281.51
281.71
290.99
281.22
281.66
290.28
280.263
281.765
289.635
281.1
281.87
288.99
281.11
282.06
288.18
280.945
282.195
288.5435
280.78
282.33
286.84
280.69
282.35
286.53
280.56
282.295
286.93
280.43
282.24
287.33
280.58
282.24
289.63
280.5595
282.0045
292.025
281.73
283.22
294.42
282.62
284.09
296.67
282.3215
284.86
298.215
284.12
285.63
299.76
283.97
286.16
300.4
283.9
284.0455
300.0555
283.83
287.08
299.8
283.63
286.69
298.8
283.22
282.413
297.2105
282.81
284.88
295.55
282.49
284.18
294.76
281.985
280.6245
294.3445
281.48
283.0
293.39
281.36
282.53
292.64
281.225
280.0095
291.75
281.09
281.96
290.86
280.96
281.82
289.97
278.0975
281.695
290.2575
279.77
281.57
288.54
279.72
281.42
288.08
279.746666667
281.31
289.81
279.773333333
281.2
291.54
279.8
281.09
290.57
280.155
281.27
294.325
280.51
281.45
295.38
280.61
281.87
297.23
279.258666667
281.337666667
297.432
280.814333333
280.805333333
298.761
282.37
282.07
300.09
282.21
280.8765
299.805
282.05
281.48
299.52
281.59
280.63
298.95
279.247
279.357
297.95
279.19
278.86
296.95
278.3
277.62
296.02
277.99
277.6575
295.18
277.68
276.93
294.34
277.776666667
276.823333333
293.84
277.605
277.125
289.415
277.97
276.61
292.84
277.73
276.46
292.75
277.75
276.28
292.445
277.77
276.1
292.14
277.696666667
276.123333333
291.833333333
276.784
276.744
287.969
277.55
276.17
291.22
276.83
276.15
291.22
277.414
278.568333333
289.768333333
278.432
279.590666667
291.340666667
279.45
278.69
293.71
280.155
280.8215
292.9715
280.86
281.03
293.03
281.56
281.45
293.72
280.205
281.69
294.265
281.44
280.81
294.81
280.94
280.0
294.44
279.8465
279.195
292.77
280.04
278.39
291.1
279.33
277.72
289.63
277.4575
278.1775
288.67
278.31
276.95
287.71
278.07
276.79
287.03
276.241
276.331
287.35
278.44
276.72
287.67
277.98
276.86
287.49
275.3595
275.6145
287.955
277.27
277.08
288.42
277.44
277.26
289.68
277.385
277.365
283.4535
277.33
277.47
287.26
277.1
277.48
287.02
278.015
276.543
288.68
278.93
278.27
290.34
279.37
279.29
291.08
280.29
280.209
291.885
281.21
281.84
292.69
281.72
282.72
293.6
281.96
282.985
293.45
282.2
283.25
293.3
282.12
282.8
292.33
281.47
281.97
291.4315
280.82
281.14
289.72
279.15
280.03
288.76
278.04
278.45
287.07
277.83
277.71
286.15
277.49
276.89
285.23
276.47
276.08
284.4
276.21
275.55
283.72
275.9
275.36
283.16
275.55
275.19
282.645
275.2
275.02
282.13
275.1
275.02
281.68
275.02
274.91
281.64
275.09
274.71
282.94
275.44
274.91
285.53
275.94
275.86
287.49
277.11
277.64
289.51
278.6
279.84
291.21
279.44
282.07
292.35
280.5
284.19
292.71
281.39
284.9
292.69
281.6
284.72
292.44
281.93
283.78
291.83
281.85
282.72
291.1
281.0
281.41
290.44
279.21
279.83
289.66
278.39
278.98
288.9
278.17
278.65
288.17
278.25
278.58
287.28
278.32
278.76
286.13
278.39
278.9
285.34
278.27
279.16
284.35
278.41
279.52
283.66
278.56
279.91
283.2
278.67
280.24
283.02
278.88
280.54
282.12
279.1
280.74
281.66
279.23
280.95
283.02
279.56
281.34
285.27
280.42
282.09
287.46
280.82
282.32
289.71
282.78
282.39
290.98
284.13
282.58
291.92
284.7
282.01
292.3
284.55
281.95
292.36
283.09
282.11
292.32
281.76
282.02
291.8
281.08
282.18
290.9
279.04
281.5
289.36
278.34
280.36
287.4
278.32
278.99
286.15
278.21
278.08
285.62
277.74
277.12
285.47
277.0
276.44
284.99
277.08
276.08
284.81
277.39
276.11
284.75
277.4
275.97
284.7
277.06
275.95
284.6
276.51
275.86
284.66
276.34
275.86
284.67
275.88
275.78
284.46
275.61
275.83
284.66
275.36
275.75
285.11
276.52
276.32
287.32
277.9
277.21
289.31
279.07
278.23
291.39
279.93
279.24
293.19
280.91
280.2
292.79
281.26
280.15
292.36
281.76
279.88
292.65
281.74
279.09
292.9
281.03
278.61
293.01
280.41
277.58
292.64
279.59
276.72
291.98
278.45
275.95
291.85
277.68
275.43
291.79
277.11
275.15
291.68
276.7
274.97
291.59
276.18
274.84
291.53
275.85
274.79
291.55
275.51
274.61
291.6
275.39
274.55
291.52
275.67
274.55
290.88
275.56
274.48
288.58
275.28
274.23
283.63
275.03
274.05
281.67
275.33
273.99
281.23
275.79
274.33
281.34
276.35
275.11
281.65
277.27
276.08
281.87
278.41
276.82
282.06
278.77
278.06
281.96
278.87
278.96
282.01
279.39
279.85
282.0
280.29
280.2
281.83
280.24
280.34
281.62
279.81
280.1
281.36
278.91
278.92
281.25
277.49
277.08
281.31
276.51
275.64
281.23
275.76
274.86
281.18
274.94
274.21
281.22
274.59
273.79
281.31
274.41
273.47
281.31
274.14
273.46
281.1
274.31
273.45
280.96
274.67
273.42
281.08
274.74
273.5
281.13
274.7
273.49
281.27
274.64
273.36
281.28
274.76
273.28
281.73
275.36
274.22
282.64
276.68
275.91
283.03
277.82
276.71
283.47
279.09
278.22
284.7
280.22
280.83
284.64
280.9
281.51
284.3
281.15
281.94
284.1
281.25
282.14
283.99
282.04
282.78
284.22
281.85
282.48
283.87
280.94
281.55
283.75
279.04
279.48
283.79
277.53
277.26
283.35
277.48
276.32
282.78
277.21
275.66
281.8
276.36
275.05
280.85
276.1
274.39
279.83
276.07
273.86
278.83
276.11
273.51
278.27
276.03
273.13
277.61
276.02
272.95
277.15
275.81
273.02
276.92
275.83
272.9
276.95
276.08
273.35
277.39
276.95
274.77
278.83
277.7
276.5
280.13
278.86
278.46
281.48
279.78
279.98
282.51
281.07
281.93
283.38
281.8
282.31
283.7
282.65
283.52
284.32
283.47
285.15
284.59
283.96
285.17
283.69
283.46
284.68
282.52
282.72
283.57
281.09
281.14
281.61
280.1
280.15
280.42
278.99
279.43
279.55
278.13
279.12
279.29
277.0
279.03
279.27
276.3
278.93
278.76
275.55
278.78
277.94
275.1
278.63
277.03
274.31
278.36
276.46
273.47
278.36
276.0
273.04
278.3
275.57
273.43
277.84
275.21
275.35
277.72
275.49
277.73
278.59
277.84
279.56
280.53
280.55
281.14
282.28
282.99
282.32
283.4
284.99
283.37
284.39
286.15
284.45
285.01
287.22
284.86
285.96
288.11
284.99
286.01
288.58
284.52
285.86
288.54
283.73
285.25
287.83
282.47
284.66
286.79
281.09
282.66
284.95
279.91
281.49
283.68
278.93
280.77
282.74
277.91
279.72
282.06
276.73
279.3
281.47
275.67
278.87
281.03
274.98
278.53
280.83
274.45
278.06
280.64
274.24
277.82
280.51
273.6
277.57
279.99
273.04
277.38
279.91
273.2
276.7495
279.9145
277.9095
277.63
279.86
278.08
279.19
280.72
280.02
280.78
282.1
281.32
282.68
283.36
282.59
283.71
284.36
284.05
285.01
285.86
285.25
285.65
286.7
286.2
285.19
286.9
286.63
285.47
288.36
286.94
286.08
288.13
286.58
285.7
287.52
285.03
284.99
286.43
283.54
283.47
284.75
282.15
282.28
283.45
281.36
281.63
282.63
280.54
280.68
282.09
280.02
280.35
281.56
279.67
279.77
281.36
279.08
279.41
281.09
278.78
278.79
280.76
278.61
278.34
280.66
278.25
278.02
280.35
277.95
277.88
280.06
278.16
277.74
279.87
280.31
277.99
280.05
283.57
279.44
280.75
286.46
281.71
282.04
288.94
283.34
283.06
291.15
284.45
283.88
292.45
285.0
284.27
293.18
285.55
285.76
294.65
286.11
285.95
294.53
286.18
285.44
294.26
286.13
285.06
293.44
286.66
285.09
292.31
285.99
284.95
291.12
284.68
283.12
289.74
283.78
282.13
288.87
282.96
281.38
288.13
282.18
280.88
287.29
281.81
280.35
286.64
281.69
279.83
286.39
281.77
279.61
285.82
281.53
279.4
284.87
281.27
279.62
284.36
280.78
279.87
283.99
280.48
280.02
284.04
280.11
280.23
285.26
280.06
280.24
287.86
281.8
280.88
290.45
283.3
281.79
292.28
284.8
283.32
293.13
285.55
285.31
293.67
286.61
286.53
293.8
287.16
287.5
293.62
287.9
288.28
293.76
287.9
288.79
293.99
288.03
288.78
293.79
287.9
288.07
293.17
286.65
287.21
292.71
285.39
285.5
292.33
283.42
284.1
292.24
282.66
282.96
291.94
282.0
282.39
291.61
281.29
281.63
291.37
281.24
281.06
290.9
280.44
280.3
290.32
279.94
279.62
289.92
279.66
279.48
289.63
279.72
279.63
289.31
279.93
279.69
289.1
279.69
279.93
289.13
280.19
280.22
289.98
281.77
281.03
291.4
283.11
282.86
293.24
284.47
284.76
295.12
285.87
286.35
296.86
286.32
287.83
297.77
286.86
288.93
297.63
287.71
289.69
296.82
288.35
290.13
295.96
287.72
290.27
295.53
287.82
289.75
295.04
287.05
288.57
294.42
285.47
286.51
293.93
283.88
284.71
293.51
282.73
283.55
293.11
282.04
282.49
292.76
281.49
281.72
290.78
281.0
281.01
288.53
280.77
280.33
287.61
280.13
279.69
287.21
279.7
279.13
286.84
279.66
278.68
286.37
278.97
278.17
286.45
278.28
277.92
287.79
279.0
278.23
289.7
280.69
279.88
291.66
282.93
282.26
293.81
285.06
285.24
296.25
286.36
286.67
297.18
287.46
288.53
297.66
287.98
289.62
298.01
288.86
290.64
297.88
289.75
291.46
297.55
289.65
291.2
297.12
289.22
290.44
295.93
288.23
289.18
294.57
286.66
287.0
293.74
285.42
285.52
293.0
283.38
284.47
292.55
282.93
283.66
292.42
282.59
283.0
291.99
282.21
282.32
291.41
281.47
281.68
291.04
281.15
281.04
290.56
280.1
280.57
290.56
279.84
279.98
290.94
279.57
279.59
290.93
279.14
279.16
289.09
281.313333333
281.123333333
290.056666667
282.471
283.341
291.861
285.66
285.05
291.99
286.77
286.71
293.4
287.020666667
287.580666667
296.3195
287.271333333
288.451333333
296.42
287.37
290.93
296.71
287.71
291.93
296.48
289.03
292.7
295.71
288.63
293.0
294.4
288.17
291.8
292.76
285.511
289.16
292.13
284.68
288.36
291.5
283.251
286.681
289.97
283.65
286.76
288.44
283.7
284.92
287.52
284.74
284.42
287.13
282.96
283.3
286.23
282.31
282.0
285.48
282.71
281.87
284.9
281.91
281.03
284.28
281.67
281.48
283.79
279.76
281.6
284.06
279.49
281.54
286.96
281.41
281.8
291.16
283.21
282.17
293.92
284.71
282.58
296.02
286.46
283.26
297.49
288.19
284.11
298.31
288.53
285.01
298.72
287.8
285.57
299.05
288.49
287.96
299.58
288.44
288.79
299.15
287.64
289.45
297.98
287.96
289.45
296.15
286.91
288.19
294.13
285.39
286.66
293.11
284.0
284.96
292.62
283.67
284.02
292.21
283.73
283.24
291.91
283.74
282.81
292.28
283.54
282.85
292.19
283.65
282.78
292.0
283.32
282.67
291.92
283.16
282.55
291.85
283.11
282.36
291.76
282.96
282.21
291.67
282.85
281.92
291.78
282.79
282.04
292.0
283.33
282.49
292.14
283.64
283.1
292.64
283.93
283.75
292.93
283.97
284.1
292.64
284.37
284.47
291.54
284.54
284.92
291.37
284.83
284.98
291.84
285.19
286.21
293.04
285.67
286.35
291.77
285.36
286.26
290.11
284.35
285.0
287.86
284.07
284.54
286.58
283.6
283.84
284.5
283.37
283.57
284.15
282.8
283.15
284.64
282.54
282.7
284.73
281.74
281.96
283.76
281.25
281.63
283.08
281.33
281.44
282.78
281.81
281.44
282.25
282.59
280.72
281.86
280.98
280.4
280.96
280.77
280.29
280.72
280.94
280.72
280.8
281.95
281.83
281.01
283.28
283.36
281.22
284.72
284.57
281.44
286.1
286.32
281.89
286.76
287.46
282.54
