270.23
270.54
271.91
271.4
271.4
272.79
272.27
272.4
272.71
272.92
273.49
272.64
273.63
274.31
272.55
273.97
274.73
272.59
273.58
274.28
272.59
272.62
273.51
272.53
271.19
272.77
272.58
270.49
272.37
272.62
270.46
272.08
272.65
270.4
271.81
272.64
269.96
271.79
272.65
269.29
271.76
272.63
269.06
271.67
272.77
268.68
271.49
272.96
268.63
271.24
272.99
268.71
271.29
273.09
268.51
271.47
273.42
268.25
271.27
273.63
267.78
270.89
273.78
267.98
270.62
274.14
268.07
270.47
274.83
270.04
271.51
275.8
271.71
273.2
277.03
273.16
274.78
279.33
274.11
275.77
281.33
274.48
276.38
283.13
275.55
276.52
284.1
275.71
276.22
283.98
275.31
275.81
282.56
274.33
275.14
280.76
273.76
274.42
279.64
273.82
273.55
278.64
273.1
272.66
278.11
272.52
272.2
277.67
272.02
272.07
277.29
271.93
271.82
276.84
271.72
272.0
277.0
271.47
272.14
277.45
270.92
272.1
277.57
270.71
272.17
277.73
270.74
272.34
277.49
270.86
272.32
277.43
270.47
272.36
277.51
270.21
272.44
277.8
270.29
272.64
278.33
270.75
273.09
278.68
271.66
273.66
279.19
272.68
274.13
279.83
273.38
274.59
280.47
273.97
274.94
280.52
274.68
275.11
280.32
275.12
275.43
280.08
274.64
275.52
278.81
274.42
275.25
277.66
273.85
274.91
276.48
273.74
274.79
275.96
273.75
274.72
275.81
273.77
274.6
275.5
273.86
274.68
275.31
273.92
274.7
275.26
273.96
274.8
275.04
273.81
274.83
274.91
273.59
274.77
274.52
273.75
274.9
274.17
273.97
274.9
273.78
274.05
274.87
273.57
273.77
275.22
273.46
273.67
275.46
273.36
273.82
275.73
273.18
274.42
275.97
272.99
274.62
276.56
272.89
275.04
277.45
272.7
275.49
279.18
272.42
275.75
280.75
272.29
276.5
281.4
272.24
276.93
281.55
271.9
277.11
281.58
271.9
277.7
281.08
271.79
277.74
280.87
271.79
277.34
280.8
271.77
277.24
280.65
271.79
277.57
280.57
271.63
277.86
280.41
271.65
278.11
280.48
271.59
278.15
280.47
271.6
278.13
280.24
271.63
277.63
279.7
271.6
276.75
279.57
271.45
276.05
279.02
271.15
275.7
278.66
270.78
275.04
278.53
270.65
274.89
278.44
270.71
274.85
278.61
271.08
276.01
279.5
271.55
276.88
280.49
271.93
277.95
281.32
272.56
278.91
282.55
273.59
279.49
283.17
274.3
279.5
283.43
274.76
279.28
282.9
274.41
279.17
282.13
274.05
278.63
281.38
273.49
277.75
280.99
273.26
277.76
280.93
273.38
277.46
280.63
273.42
277.77
280.53
273.43
277.89
280.35
273.47
277.92
280.15
273.45
277.93
279.81
273.12
278.17
279.69
272.74
278.17
280.38
272.28
278.31
282.0
272.41
278.46
283.17
272.64
278.42
283.53
272.87
277.32
282.99
273.17
277.1
282.28
274.03
277.43
281.84
275.49
278.13
281.53
277.64
278.72
281.7
279.13
279.77
282.08
280.48
280.58
282.67
281.69
281.3
283.24
282.36
281.59
283.77
282.95
281.45
284.02
283.01
281.06
283.77
282.07
280.5
283.28
280.13
279.44
282.28
278.67
279.11
281.82
277.33
278.67
281.36
275.94
278.4
280.83
275.32
278.17
280.03
274.5
277.81
279.78
274.21
277.72
280.6
274.08
277.74
281.29
273.37
277.83
281.38
272.58
278.26
281.19
272.24
278.91
280.79
272.32
279.48
280.7
272.32
279.26
280.63
272.94
279.35
280.47
277.03
279.46
280.19
280.65
279.93
280.75
284.25
280.54
281.64
286.93
281.72
282.68
289.31
282.39
283.42
290.75
282.63
284.03
291.76
282.88
284.58
292.05
282.87
284.69
291.6
282.42
284.52
289.87
281.45
283.23
287.65
280.11
281.91
286.0
279.64
280.88
284.41
279.21
280.15
283.2
278.6
279.84
282.41
278.4
279.58
282.04
278.38
279.84
281.58
278.29
280.01
281.48
278.38
280.05
280.97
278.54
279.22
280.35
278.13
278.69
280.15
277.54
278.85
279.65
276.91
279.8
279.7
276.72
281.02
280.36
277.37
281.45
282.76
278.35
281.64
287.24
279.31
281.75
290.17
280.82
282.32
291.18
281.55
282.35
292.76
282.43
282.87
293.81
282.65
283.56
294.03
282.97
283.74
293.72
282.9
283.83
292.62
282.64
283.41
290.67
281.96
282.43
288.45
280.59
281.62
286.37
280.27
281.08
284.62
279.41
280.24
282.82
278.46
279.58
281.94
277.77
279.05
280.54
277.73
278.26
280.14
277.34
278.02
279.43
277.41
278.01
278.22
277.41
277.72
277.03
277.4
277.21
276.45
277.06
276.77
275.68
277.13
276.27
275.42
276.82
276.09
277.07
276.61
276.17
281.67
276.64
276.61
284.67
277.18
277.73
287.22
277.65
278.87
289.39
278.47
279.45
290.9
278.58
279.63
291.96
279.47
279.35
292.5
279.56
279.47
293.07
278.48
279.69
292.63
278.12
279.91
291.74
278.0
280.18
289.64
278.19
280.7
288.46
278.43
281.22
287.81
278.71
280.49
286.77
279.12
279.83
285.43
279.24
278.8
284.05
279.32
278.73
283.42
279.25
278.75
283.55
277.95
277.38
281.15
278.08
276.75
281.35
277.85
276.74
281.41
277.38
276.74
283.4
277.16
276.66
284.08
276.54
276.64
284.17
276.36
276.61
285.26
276.54
276.6
287.18
276.87
277.45
289.73
277.35
278.41
292.29
278.04
279.33
293.83
278.15
279.88
294.98
277.97
279.92
296.41
277.83
280.79
296.54
277.65
280.38
296.05
277.47
280.43
295.07
277.15
280.29
293.47
276.79
279.68
292.12
277.09
280.0
291.61
277.3
279.6
291.25
277.08
279.54
290.78
277.3
279.3
290.5
277.88
278.9
290.01
277.88
278.65
290.21
277.44
278.56
290.26
277.3
278.41
289.95
277.73
278.45
289.75
277.73
277.97
289.96
277.52
277.09
289.14
277.21
277.44
289.33
277.03
277.67
290.99
277.0
278.02
291.56
277.5
278.21
293.24
277.83
278.95
294.76
278.54
279.91
295.5
279.18
280.26
295.72
280.0
279.5
295.66
279.67
279.3
295.63
279.49
280.0
294.89
279.0
279.73
292.87
279.0
279.3
290.93
278.55
278.43
289.02
278.37
278.95
287.2
277.95
277.88
286.63
277.53
277.81
285.29
277.95
278.16
284.0
277.73
278.39
283.18
277.95
278.55
282.86
278.02
278.4
281.87
278.02
278.24
282.15
277.8
278.24
282.15
277.95
278.56
281.91
277.95
278.62
282.89
277.22
279.0
283.23
277.22
279.36
287.72
277.36
279.7
290.44
276.94
280.6
293.36
276.76
280.44
295.67
276.76
279.91
297.42
277.04
280.72
298.62
277.85
281.04
299.92
278.02
280.91
299.77
278.02
280.82
299.44
277.7
280.92
298.15
277.67
280.19
296.43
277.71
279.38
295.06
277.73
278.68
293.94
277.37
278.16
293.34
277.52
277.33
293.09
276.95
277.24
291.58
277.16
276.78
290.86
276.95
276.7
290.1
276.31
276.47
289.3
276.31
276.64
289.57
276.31
276.52
290.08
276.31
276.48
290.53
276.09
276.27
290.22
275.87
276.11
290.18
275.19
275.78
290.15
275.69
276.32
290.52
276.53
276.93
291.15
277.39
278.23
291.83
278.43
278.73
292.15
278.86
280.0
292.13
278.72
279.6
292.61
279.35
280.25
293.28
279.52
280.09
294.26
279.18
280.32
294.33
278.36
279.08
294.07
277.69
278.86
292.59
278.1
278.21
292.76
277.95
278.31
293.3
276.97
278.0
293.04
276.4
277.97
292.56
276.17
277.46
292.84
276.38
277.65
292.37
276.8
278.12
292.81
276.58
278.45
292.83
276.95
278.82
292.06
277.46
279.24
291.87
277.53
279.39
292.17
277.51
279.84
292.48
277.65
279.86
293.15
277.83
279.99
294.61
277.82
280.24
295.33
278.85
280.43
294.1
279.56
280.84
293.0
279.38
281.18
292.18
279.96
282.01
291.88
280.1
281.6
291.1
280.25
282.02
290.1
279.43
281.62
288.98
279.1
280.45
286.68
278.43
280.03
286.15
278.95
279.56
284.55
278.51
279.06
283.83
278.73
279.06
281.58
278.08
278.79
280.38
277.52
278.51
280.3
276.73
278.29
279.47
276.73
278.11
278.33
276.31
278.23
277.75
276.31
278.26
276.27
275.83
277.31
274.94
275.73
277.56
275.02
274.78
277.57
276.37
274.82
277.12
280.26
274.95
276.97
285.94
275.31
277.22
286.89
276.47
276.87
289.25
276.53
277.68
290.39
277.04
278.41
291.15
277.36
278.45
291.61
277.54
278.79
291.73
277.72
278.53
291.23
278.03
278.53
290.19
277.0
277.91
287.44
276.33
277.15
286.34
275.96
277.61
285.84
275.53
277.46
286.08
275.81
276.95
286.1
275.23
277.36
286.35
275.23
277.4
286.33
275.23
276.82
286.23
275.38
276.66
285.17
274.95
275.88
284.91
274.8
276.42
284.39
274.95
275.66
283.78
274.51
275.45
283.02
273.69
275.04
283.97
273.15
275.46
286.25
273.19
275.48
288.94
273.19
275.34
291.2
273.47
275.69
292.48
273.97
276.58
294.69
274.3
276.77
295.95
274.58
277.61
296.15
274.73
277.68
296.18
274.73
277.67
296.15
274.41
276.91
295.11
274.27
277.09
294.07
274.27
277.02
292.2
273.8
276.88
291.81
274.0
277.04
290.97
274.0
277.22
290.62
273.95
277.61
289.48
273.81
278.01
288.87
273.59
278.18
287.75
273.59
278.11
287.1
273.8
278.11
286.41
273.8
278.07
285.89
273.58
278.09
285.99
273.58
278.12
286.35
272.35
278.18
286.91
272.35
278.4
288.57
272.35
278.38
290.73
273.07
278.5
292.6
273.14
278.57
293.13
273.28
278.66
293.47
273.27
279.41
293.51
273.69
279.55
292.99
273.79
278.88
291.67
273.59
278.46
290.3
273.44
278.13
288.49
273.43
277.66
286.87
273.36
277.22
286.02
273.48
277.09
285.23
273.44
276.7
284.74
273.42
276.48
284.26
273.42
276.21
283.63
273.38
275.94
282.88
273.5
275.86
281.8
273.42
275.98
280.41
273.46
275.89
279.94
273.37
275.9
279.57
273.47
276.0
279.52
273.51
276.0
279.59
273.11
276.01
279.89
272.95
276.09
280.89
272.94
276.11
281.74
273.16
276.41
282.55
273.39
276.69
284.27
273.71
277.12
285.31
274.07
277.62
285.72
273.99
277.93
286.22
274.04
278.29
286.44
273.93
278.47
286.39
273.95
278.33
286.25
273.89
278.11
286.15
273.89
277.89
286.0
273.74
277.67
285.86
273.7
277.84
285.39
273.7
277.46
284.87
273.93
277.41
284.7
273.97
277.18
284.51
274.03
277.18
284.26
273.82
277.07
283.69
273.9
277.19
282.89
273.78
277.28
281.87
273.7
277.2
281.68
273.5
276.86
281.56
273.23
276.8
281.51
273.05
276.86
281.74
273.2
277.66
282.42
274.23
278.09
283.11
275.65
279.41
283.76
276.35
280.62
283.93
277.63
280.88
283.98
278.25
281.51
283.84
278.63
282.07
283.67
278.73
282.36
283.26
278.26
282.21
283.17
277.66
281.66
282.9
276.5
280.76
282.02
275.66
279.97
281.13
275.16
279.57
279.94
275.01
279.59
279.17
274.86
279.38
279.06
274.77
278.58
278.76
274.61
278.78
278.17
274.43
278.91
277.27
273.89
278.6
276.13
274.23
278.29
275.1
274.17
278.03
274.43
274.03
277.81
273.91
273.85
278.0
273.37
274.06
277.85
273.35
274.17
278.5
273.78
274.84
279.67
275.16
276.54
281.0
276.85
277.31
282.33
277.39
278.68
284.16
278.18
279.05
285.37
278.59
279.57
286.11
278.83
280.15
285.9
278.62
279.69
285.83
277.88
279.1
284.94
276.69
277.98
283.65
275.78
277.41
282.75
275.03
276.77
282.04
274.33
276.54
281.43
273.81
276.44
281.01
273.21
276.44
280.63
272.82
276.8
279.74
272.9
276.95
279.16
272.28
277.16
278.68
272.08
277.31
278.65
271.84
277.16
278.26
271.47
276.95
277.97
270.77
275.9
278.12
272.55
276.07
277.9
275.78
276.21
278.36
278.43
277.43
279.41
280.33
278.57
280.23
281.98
280.13
281.84
283.33
280.81
282.7
284.72
281.13
283.44
285.33
280.77
284.4
285.57
281.09
283.86
285.13
280.97
283.7
284.7
280.44
283.54
283.53
279.38
283.11
282.27
278.37
282.34
281.43
278.3
282.15
281.22
278.37
282.02
280.9
278.09
281.6
280.75
278.37
281.25
280.57
277.95
281.13
280.54
277.37
280.83
280.19
277.35
280.02
279.92
277.36
279.84
279.84
277.15
279.42
279.73
276.93
278.7
279.5
276.14
278.37
279.84
276.42
278.45
281.9
276.57
279.26
284.6
278.35
280.76
287.35
279.17
282.36
291.49
279.84
283.42
294.82
280.28
284.2
296.94
280.74
284.83
299.47
281.77
284.82
300.86
281.91
285.0
300.98
281.56
284.6
298.14
281.09
283.78
294.13
280.05
282.22
292.37
280.22
281.3
291.11
280.0
280.92
290.51
278.25
280.36
288.95
278.24
280.14
288.23
277.73
279.95
287.76
277.74
279.24
285.94
277.31
278.88
285.55
276.74
278.98
283.89
276.02
278.76
283.51
276.25
278.59
284.1
275.44
278.73
284.16
273.51
278.75
284.5
273.78
278.75
286.74
274.77
278.32
290.32
274.78
278.71
291.42
274.92
278.61
294.71
274.84
278.13
297.52
275.35
278.17
299.81
275.8
277.4
299.2
275.63
277.18
298.38
275.28
277.45
296.05
274.6
276.71
295.61
274.25
277.09
295.19
273.57
277.11
294.67
274.15
277.08
294.34
274.37
277.22
294.47
273.72
278.62
294.8
273.57
278.11
294.55
273.15
277.92
290.88
272.94
278.12
287.17
273.52
278.3
280.45
273.52
278.26
276.55
273.52
278.35
274.88
273.37
278.52
274.01
273.37
278.39
272.06
271.89
276.62
272.03
271.71
276.6
271.93
271.53
276.62
271.33
271.7
276.75
270.79
272.2
276.72
270.04
272.2
277.26
269.53
272.37
277.8
268.97
273.34
278.49
268.99
273.65
279.76
267.91
274.01
280.78
267.23
274.02
281.2
267.21
274.19
279.97
266.64
274.16
279.68
266.5
275.5
281.51
266.55
275.29
281.97
266.55
275.29
281.54
266.41
275.72
282.13
266.38
275.72
281.75
266.18
275.93
281.95
266.15
275.93
282.1
265.93
276.28
281.61
265.2
276.49
282.12
265.18
277.13
281.59
265.0
277.35
281.63
264.53
275.76
281.59
264.34
276.08
281.56
265.31
276.44
281.75
266.54
276.58
281.54
267.89
276.9
281.3
269.59
277.4
282.35
271.03
277.0
284.33
271.83
277.18
284.93
272.7
277.32
285.36
273.25
277.79
285.56
273.46
277.25
285.7
272.82
277.25
285.39
272.03
276.62
284.19
271.83
277.85
283.32
271.51
277.85
283.41
271.3
277.86
283.01
270.82
277.51
282.6
270.3
277.08
282.57
271.12
276.66
282.58
271.12
276.88
283.28
270.38
276.53
282.07
270.54
276.75
282.61
270.34
276.31
282.59
270.36
276.16
282.38
270.95
274.38
281.39
270.88
274.53
280.79
271.57
274.88
280.61
272.98
275.35
281.02
274.98
274.84
281.63
276.79
274.81
282.68
279.03
274.81
283.55
280.71
274.145
283.75
281.05
275.536666667
284.192
275.275333333
273.843333333
283.979
274.970666667
272.15
283.934
276.888
274.15
283.693
276.213
275.04
283.62
277.76
275.52
284.74
277.67
275.73
284.54
276.88
275.73
284.01
276.25
276.09
283.97
275.39
276.08
283.95
274.89
276.08
283.52
274.52
276.08
283.08
274.24
276.08
282.82
274.08
276.29
283.19
274.39
276.51
283.37
274.55
276.51
283.21
273.87
275.49
283.25
275.25
275.67
284.17
277.89
275.81
285.09
279.25
275.81
285.16
280.46
276.47
285.89
281.96
277.14
286.41
281.98
275.53
287.32
283.98
278.87
287.15
284.87
279.51
287.17
285.8
280.32
286.66
285.77
280.17
286.47
285.15
279.64
285.98
284.83
279.29
285.41
283.66
281.4
285.28
283.3
280.6
284.08
282.93
280.07
284.54
281.85
280.27
284.36
280.56
280.27
284.95
280.1
279.85
285.19
278.75
279.85
284.49
278.47
280.2
284.37
278.26
280.63
284.48
278.26
280.63
284.06
278.3
280.43
283.59
278.46
279.29
283.83
278.86
278.8
283.95
279.03
278.98
283.86
280.35
279.12
284.44
280.62
279.62
284.82
281.47
279.62
286.08
282.88
279.62
285.83
284.19
279.8
285.67
285.1
279.95
284.15
285.73
280.13
283.79
285.42
280.49
283.48
285.01
280.53
283.62
282.41
280.17
283.39
281.09
280.88
283.17
279.75
280.88
282.77
279.18
280.45
282.96
278.6
280.52
282.87
278.12
280.3
282.72
277.32
279.51
282.7
276.81
280.3
282.66
277.08
280.06
282.13
277.65
279.43
281.93
277.4
279.65
281.68
277.28
279.43
281.66
276.94
277.95
281.34
278.6
278.08
281.34
280.9
278.4
282.92
282.84
279.43
282.78
284.11
280.08
283.74
286.25
280.09
284.19
289.13
280.28
285.1
291.23
280.78
285.56
291.78
281.1
286.58
292.2
280.73
287.35
291.79
280.77
287.27
290.74
280.95
287.25
289.17
280.59
285.95
288.19
281.86
285.08
287.26
281.43
283.36
286.75
281.07
283.04
286.1
281.05
282.35
285.74
280.49
280.99
285.26
280.89
280.29
285.0
280.69
279.55
285.31
280.68
279.28
285.35
280.54
279.23
285.17
280.27
279.06
285.12
280.06
278.71
285.3
279.23
279.39
285.34
279.76
279.45
285.57
279.9
279.9
285.08
280.08
280.75
283.48
280.22
281.53
284.53
280.02
282.65
281.8
280.3
282.59
281.93
280.34
281.94
281.48
280.17
282.03
280.17
280.17
282.09
279.97
280.03
282.83
279.78
279.88
282.84
278.53
279.7
282.92
277.8
280.28
283.63
277.49
280.28
284.52
277.18
280.27
284.79
276.89
280.06
285.1
276.87
280.06
285.09
276.25
280.07
285.2
276.04
280.28
284.82
275.9
280.07
284.41
276.22
279.87
284.2
276.54
279.53
283.98
277.17
279.18
283.6
277.15
279.32
283.58
278.18
279.29
283.56
279.17
279.47
283.39
280.18
280.31
283.61
281.89
280.81
284.27
284.84
281.85
285.37
286.24
282.34
286.06
287.7
283.34
286.81
288.91
283.87
286.58
289.21
283.66
285.68
289.41
283.52
285.26
289.0
282.84
284.7
286.82
281.86
284.45
284.94
281.46
283.74
284.0
280.81
283.28
283.06
280.44
282.87
282.33
279.59
282.5
281.39
279.29
282.13
281.24
278.63
282.09
281.1
278.63
282.06
281.29
278.28
281.35
281.51
277.73
281.36
280.42
277.88
280.99
279.69
277.69
281.06
279.49
278.15
280.82
281.52
