280.37
281.56
290.32
279.99
281.26
283.46
279.9
281.35
281.57
279.94
281.23
281.57
279.97
281.13
275.75
279.54
281.16
274.08
279.49
281.16
274.08
279.82
280.93
274.16
279.65
278.605
273.18
279.48
276.28
273.18
279.48
276.28
273.18
279.72
275.12
274.38
279.72
275.12
274.38
278.59
280.09
274.38
278.69
279.82
279.84
278.55
279.88
279.84
279.04
280.3
279.84
279.67
280.55
284.16
280.12
280.8
284.16
280.51
280.89
288.71
281.13
281.62
289.26
281.22
281.91
289.26
280.95
282.12
289.26
280.52
281.66
282.17
279.48
280.53
282.17
278.75
279.96
282.17
278.42
279.78
282.24
278.0
280.05
282.24
277.77
279.24
282.24
277.47
278.79
281.41
277.21
278.5
281.41
276.93
278.36
282.74
276.54
278.3
281.57
276.39
278.27
281.57
275.97
277.9
281.57
275.52
277.82
283.56
275.2
277.38
283.76
275.02
277.11
283.76
274.95
276.93
288.27
275.42
276.7
289.82
276.11
277.07
290.45
276.82
277.4
290.97
277.48
277.8
291.14
278.24
278.06
291.94
278.46
278.19
292.45
278.86
278.61
292.28
278.79
278.84
290.55
278.04
278.69
286.74
277.54
277.92
282.93
277.48
277.34
282.93
277.52
277.37
281.32
277.05
277.02
281.32
277.05
276.97
281.32
277.21
276.56
279.81
277.11
276.47
279.81
277.04
276.42
280.43
276.82
276.47
279.47
276.89
276.5
279.47
276.9
276.81
279.47
276.89
277.08
285.47
277.23
277.17
285.47
277.27
277.25
285.45
277.61
277.76
289.7
277.71
278.0
289.26
277.78
278.71
290.96
277.85
279.26
291.94
277.98
279.84
292.66
278.18
280.44
293.65
278.79
281.08
293.48
278.87
281.24
292.71
278.69
281.07
291.67
278.65
281.08
290.36
278.58
280.69
289.97
278.41
280.15
290.08
278.58
279.94
289.95
278.49
279.87
289.95
278.46
279.87
289.95
278.375
279.835
287.075
278.29
279.8
284.2
277.97
279.73
285.02
278.46
279.65
284.47
278.67
279.62
284.47
278.43
279.62
284.47
278.63
279.58
286.09
278.74
279.51
286.09
278.5
279.51
286.09
278.64
279.48
289.26
278.76
279.38
290.67
279.09
280.09
291.03
279.44
280.55
292.12
279.66
281.3
293.01
279.89
281.47
293.97
280.18
281.62
294.46
280.47
281.77
294.95
280.03
282.66
294.02
279.89
282.07
292.64
279.41
281.73
291.58
279.31
281.27
291.16
279.28
281.36
291.06
279.44
281.28
290.95
279.24
281.01
289.95
279.17
280.97
286.72
279.17
280.36
287.26
279.05
280.34
287.26
279.11
280.29
287.54
279.67
280.51
287.54
279.72
280.26
289.26
279.615
280.03
289.26
279.51
279.8
289.26
279.93
279.74
289.26
279.89
279.84
290.095
279.85
279.94
290.93
280.16
280.47
292.59
280.2
281.175
291.905
280.24
281.88
291.22
280.4
282.04
291.39
280.71
281.99
292.15
280.61
282.26
292.44
280.68
281.39
291.21
280.5
280.59
290.705
280.45
280.58
290.2
280.03
280.28
290.2
279.63
280.19
289.73
279.23
280.1
289.26
279.48
280.02
289.26
279.51
279.91
287.99
279.54
279.8
286.72
279.43
279.72
286.72
279.455
279.685
286.97
279.48
279.65
287.22
279.6
279.52
287.22
279.52
279.395
288.24
279.44
279.27
289.26
279.43
279.27
289.26
279.15
279.27
289.99
278.87
279.27
290.72
279.25
279.59
291.65
279.605
280.48
293.805
279.96
281.37
295.96
280.31
281.56
296.03
280.26
281.855
295.44
280.21
282.15
294.85
279.72
281.61
293.39
279.53
280.81
291.74
279.0
280.58
291.15
278.73
279.98
290.88
278.58
280.11
291.04
278.41
279.9
290.71
278.91
280.21
290.5
279.095
280.44
290.395
279.28
280.67
290.29
279.5
280.63
290.28
279.63
279.83
290.13
279.27
279.41
290.13
279.57
279.1
290.13
279.665
278.54
290.13
279.76
278.75
289.82
278.92
278.19
290.13
278.73
278.03
291.03
278.99
278.05
291.73
279.37
278.5
293.84
279.655
279.395
295.9
279.94
280.29
297.96
280.04
281.21
298.8
280.71
281.29
297.47
280.86
281.59
296.22
280.73
281.19
294.89
280.15
280.61
292.24
279.07
280.17
291.03
278.48
278.9
287.07
277.57
277.76
284.46
276.99
277.38
284.46
276.83
277.12
284.46
276.265
276.765
283.525
275.7
276.41
282.59
275.69
276.04
282.59
275.555
276.02
281.48
275.42
276.0
280.37
275.81
276.0
280.37
275.86
275.935
280.415
275.91
275.87
280.46
275.36
275.79
280.46
275.59
276.145
282.775
275.82
276.5
285.09
276.5
276.28
289.82
277.115
277.58
290.235
277.73
278.88
290.65
278.64
279.44
290.93
278.63
279.78
290.93
278.91
279.8
291.21
278.92
279.77
290.15
278.58
279.39
286.4
278.15
279.11
282.65
277.63
278.3
282.65
277.49
278.54
282.11
277.25
278.54
281.57
277.2
278.21
281.57
277.32
278.28
280.58
277.25
278.09
280.58
277.07
277.88
280.58
276.94
277.88
280.23
276.79
277.67
280.23
276.72
277.61
280.23
276.73
277.51
280.57
276.74
277.41
280.91
276.68
277.35
280.91
276.97
277.12
284.86
277.01
277.24
284.86
277.23
278.01
284.86
277.655
278.575
285.605
278.08
279.14
286.35
278.58
279.57
286.35
278.855
279.595
286.285
279.13
279.62
286.22
279.25
279.58
286.22
278.855
279.19
286.08
278.46
278.8
285.94
278.15
278.59
285.94
277.89
278.525
286.22
277.63
278.46
286.5
277.16
278.48
288.71
276.98
278.4
289.375
276.8
278.32
290.04
276.1
278.19
290.76
275.925
278.155
289.955
275.75
278.12
289.15
275.77
277.76
284.2515
275.715
276.88
286.756666667
275.66
276.0
285.56
275.07
275.4
285.56
275.245
275.355
287.86
275.42
275.31
290.16
276.1
276.36
290.25
277.185
277.41
290.87
278.27
278.46
291.49
278.79
279.04
291.89
279.37
279.95
292.26
279.79
279.94
292.26
279.59
279.87
291.79
279.06
279.29
291.25
278.69
278.99
290.64
277.69
278.78
289.66
277.78
278.54
290.37
277.3
278.52
290.37
277.48
278.52
290.37
277.57
278.41
290.37
277.57
278.41
290.37
277.63
278.4
290.37
277.69
278.25
290.37
277.5
278.15
290.37
276.999
277.7365
285.8215
277.546666667
277.696666667
290.37
277.57
277.47
290.37
277.39
277.36
290.37
277.62
277.43
290.37
277.62
277.6
290.37
277.93
277.89
290.37
278.31
278.97
290.37
278.26
279.44
290.37
278.45
280.15
289.77
278.62
280.75
289.77
278.69
280.94
290.37
278.84
281.05
290.37
278.91
280.89
290.37
278.8
280.7
290.37
278.49
280.31
290.37
278.45
280.08
290.37
278.58
279.78
290.37
278.43
279.6
290.37
278.43
279.49
290.37
278.32
279.58
290.37
278.36
279.58
290.37
278.28
279.605
290.37
278.2
279.63
290.37
278.22
279.63
290.37
278.31
279.5
290.37
278.4
279.37
290.37
278.52
279.55
290.37
278.55
279.825
290.37
278.58
280.1
290.37
278.96
280.51
290.37
279.405
280.765
290.37
279.85
281.02
290.37
279.98
281.27
290.37
280.42
281.31
290.37
280.52
281.58
290.37
280.43
281.76
290.37
280.51
282.02
290.37
280.51
282.12
290.37
280.69
281.77
290.37
280.78
281.44
290.37
280.77
281.44
290.37
280.26
281.35
290.37
280.53
281.21
290.37
280.5
281.7
277.85
279.64
281.74
277.85
279.29
281.48
277.5
278.94
281.22
277.15
278.71
280.68
277.19
278.6
280.28
277.2
278.58
279.88
277.15
278.07
279.77
277.25
277.72
279.76
278.01
278.54
279.89
279.03
279.16
280.0
280.83
279.8
280.25
282.84
280.62
280.4
284.13
281.1
280.53
285.25
281.25
281.14
286.2
281.73
281.36
286.95
281.56
281.45
286.14
280.72
281.39
284.27
280.27
280.9
282.98
278.88
280.59
282.36
278.07
280.58
281.32
278.08
280.58
280.79
278.03
280.45
279.99
278.09
280.19
279.33
278.15
280.11
278.6
278.4
280.2
277.97
278.04
279.7
277.42
278.37
279.63
277.35
278.16
279.49
277.4
278.06
279.355
277.71
277.96
279.22
278.02
277.9
279.16
280.12
277.755
279.04
283.065
277.61
278.92
286.01
277.81
279.16
287.86
278.29
279.765
289.575
278.77
280.37
291.29
279.05
280.92
292.23
279.18
281.19
292.85
279.41
281.89
292.8
279.67
282.02
291.91
279.58
282.08
289.62
279.44
281.57
287.73
279.3
281.5
285.93
279.16
281.04
284.54
279.03
281.04
284.16
278.92
281.14
283.61
278.99
280.54
283.41
278.74
280.49
283.88
278.61
280.09
283.83
278.25
279.79
283.4
277.91
279.3
283.02
277.8
278.73
282.29
277.465
278.47
281.52
277.13
278.21
280.75
276.99
278.28
280.45
277.02
278.13
280.69
277.29
278.23
280.83
278.49
278.57
280.92
280.13
279.43
281.66
281.08
280.54
282.17
281.41
281.91
282.84
281.95
283.03
283.32
282.29
283.89
283.02
282.17
284.7
282.15
281.34
284.47
281.02
280.4
283.24
280.25
279.32
281.65
279.21
278.72
280.3
277.91
278.96
279.66
277.15
278.96
279.04
275.93
278.9
278.275
275.38
278.84
277.51
274.83
279.11
276.84
274.78
279.04
276.935
274.36
278.97
277.03
273.94
278.8
277.5
273.41
278.835
278.42
273.005
278.87
279.34
272.6
278.68
279.96
275.15
278.705
280.185
277.715
278.73
280.41
280.28
279.46
280.58
281.44
280.98
281.11
282.72
282.19
282.12
283.88
281.97
283.06
284.91
282.73
283.34
285.52
282.51
282.83
285.8
281.84
282.33
285.58
281.54
280.94
283.82
280.7
280.41
282.06
279.75
279.59
281.39
279.16
279.01
280.83
278.8
278.72
280.66
278.53
278.36
280.28
278.21
278.17
279.42
278.16
278.02
279.09
277.79
277.59
278.72
277.79
277.55
278.18
277.54
277.52
277.57
277.33
277.69
277.27
277.13
277.0
276.85
277.1
277.08
276.61
277.11
277.12
279.14
276.64
276.97
283.52
277.09
277.25
286.81
277.76
277.45
290.01
278.36
277.82
292.05
278.86
278.15
293.64
279.25
279.1
294.54
279.48
279.85
294.65
279.7
280.11
294.11
279.53
280.09
293.09
279.38
279.97
291.31
278.81
279.61
290.37
278.45
278.93
289.57
278.09
278.78
288.94
277.81
278.17
288.41
277.55
277.54
287.66
277.34
277.87
287.3
277.3
277.62
286.89
277.32
277.43
287.03
277.23
277.28
287.36
277.14
277.13
287.69
277.14
276.72
287.96
276.92
276.5
288.24
276.92
276.15
288.37
276.92
276.57
289.26
276.725
276.56
290.96
276.53
276.55
292.66
276.58
277.26
294.73
276.79
278.07
296.11
277.0
278.88
297.49
277.36
279.5
295.45
277.91
279.87
293.655
278.46
280.24
291.86
278.29
279.84
290.52
277.995
279.665
289.115
277.7
279.49
287.71
277.23
278.87
286.56
277.38
278.77
285.02
277.42
278.4
284.6
274.91
276.175
283.6
277.42
277.74
282.886666667
277.42
277.41
282.03
277.19
277.09
281.62
276.905
276.81
280.83
276.62
276.53
280.04
276.86
276.06
279.25
276.75
276.315
278.505
276.64
276.57
277.76
276.42
276.68
279.6
276.885
277.035
281.61
277.35
277.39
283.62
277.98
278.28
285.36
278.71
279.575
286.84
279.44
280.87
288.32
280.0
281.25
288.92
280.575
281.695
288.86
281.15
282.14
288.8
281.08
281.94
287.98
280.22
280.915
287.11
279.36
279.89
286.24
277.95
278.46
285.78
277.375
277.915
285.385
276.8
277.37
284.99
276.29
276.14
284.01
275.855
275.73
283.55
275.42
275.32
283.09
274.78
275.22
281.65
274.68
274.98
281.2
274.58
274.74
280.75
274.31
275.21
280.29
274.71
275.41
280.04
274.88
275.18
279.59
275.1
275.44
279.59
275.336666667
275.82
279.893333333
275.871
276.7435
281.816
275.81
276.58
280.5
275.74
277.45
280.05
275.92
278.17
280.06
276.67
278.93
280.3
276.88
279.5
280.09
277.05
279.56
279.92
277.14
279.27
279.4
277.09
278.49
278.97
276.84
278.01
278.51
276.71
277.58
278.32
276.51
277.38
278.29
276.51
277.2
278.37
276.34
277.21
278.48
276.02
276.79
278.31
276.36
276.88
278.75
276.36
276.76
279.02
276.37
276.87
278.98
276.37
276.59
279.41
276.68
276.78
279.65
276.81
276.97
280.3
276.9
277.19
280.87
276.89
277.29
281.14
276.68
277.65
280.91
277.02
277.68
282.49
277.39
277.79
284.55
277.87
278.37
286.28
278.04
278.2
288.01
278.56
278.41
290.0
278.78
278.58
290.96
279.35
278.69
291.84
279.18
278.6
291.82
279.18
279.03
290.47
278.78
279.11
288.94
278.52
279.06
287.75
278.5
278.91
285.29
278.35
278.82
282.69
278.05
278.78
281.32
278.36
278.89
280.17
278.62
278.72
278.71
278.8
278.6
277.48
278.33
278.75
276.05
278.22
278.64
274.68
277.87
278.25
273.97
277.57
278.11
273.31
277.05
277.83
272.85
277.25
278.06
273.12
277.17
278.65
274.32
277.28
278.94
275.35
277.29
278.57
276.1
277.66
278.34
277.05
277.66
278.29
279.7
278.18
278.74
280.59
278.83
279.13
281.64
280.09
279.67
282.29
280.03
280.12
282.2
280.94
280.5
281.0
279.54
279.52
279.75
278.34
278.37
279.16
278.27
277.38
278.46
277.88
276.85
277.83
277.31
276.34
277.11
277.1
276.36
276.45
277.0
276.37
276.08
276.3
276.48
275.3
275.69
276.22
275.01
275.95
276.32
274.51
275.95
276.55
273.92
275.8
276.24
273.3
275.55
276.14
273.1
275.73
276.59
274.86
276.25
276.06
277.06
277.16
276.81
278.96
277.91
278.19
280.1
279.51
279.29
281.5
280.48
279.92
282.6
280.79
281.31
283.92
281.04
282.19
285.31
280.76
282.5
285.57
281.11
282.51
285.1
281.02
281.75
283.16
279.98
280.46
281.27
279.36
279.66
280.23
279.26
279.02
279.49
278.76
278.77
279.45
278.52
278.22
278.37
278.44
277.65
277.58
277.89
277.58
277.68
277.97
277.58
277.52
277.81
277.71
277.14
277.57
277.71
276.24
277.71
277.71
276.14
277.61
277.71
276.26
277.48
277.75
276.71
277.238
277.6355
281.1155
277.36
277.95
283.636666667
277.3
278.05
287.1
277.49
279.07
289.12
277.87
280.28
291.26
278.055
279.4915
292.39
278.24
280.55
293.52
278.41
280.66
294.01
278.63
280.68
293.84
278.31
280.79
293.17
278.65
280.71
291.39
278.4
280.71
290.04
278.11
280.39
288.88
277.92
280.39
287.73
277.92
280.26
287.01
278.26
280.14
286.69
278.36
279.64
286.49
278.48
280.06
286.49
278.45
279.26
286.63
278.11
278.44
286.19
278.12
278.12
284.83
278.04
278.18
284.21
278.02
278.37
284.13
275.333
276.958
280.808
278.55
278.1
284.3
277.72
277.81
285.62
277.9
277.75
286.1
278.15
278.25
285.68
279.72
278.98
286.42
279.03
279.97
287.56
279.62
281.62
288.06
280.1
282.56
286.41
280.41
282.83
284.54
280.63
282.93
282.56
281.01
282.22
280.54
280.0
280.82
278.42
278.85
278.84
277.56
278.44
278.14
278.05
277.95
278.04
277.85
277.7
277.03
278.01
277.13
276.62
278.18
276.4455
277.243
278.035
277.07
275.84
277.89
276.14
276.34
278.02
275.63
276.38
277.98
275.32
275.92
277.98
275.36
276.42
277.85
275.57
276.53
277.77
275.89
276.34
277.9
276.21
276.73
279.31
276.5
277.46
281.25
277.07
279.06
282.47
278.13
279.98
284.57
278.13
280.32
285.72
278.66
280.48
286.5
278.34
281.14
287.16
278.38
281.13
287.36
278.41
281.02
286.81
277.96
280.61
285.57
277.73
280.08
283.49
277.08
279.74
281.84
277.02
279.38
280.76
276.88
279.21
280.11
276.89
278.97
279.42
276.86
278.86
279.37
276.96
278.63
278.83
277.13
278.25
278.3
276.98
278.02
277.8
276.29
277.65
277.19
276.24
277.71
276.82
276.03
277.43
276.16
275.89
277.54
276.25
275.4275
278.015
276.395
276.2784
278.2484
278.9344
275.597
278.763666667
278.680333333
276.229
279.037333333
280.820666667
278.25375
280.5525
283.7625
279.35
281.24
286.17
279.59
281.59
286.33
279.91
281.62
286.45
279.78
281.81
286.56
279.59
281.29
285.74
279.23
280.89
284.33
278.44
280.54
282.68
277.99
280.06
281.53
277.4
279.82
280.45
276.94
279.48
279.42
276.57
279.23
278.51
276.04
279.3
277.64
275.67
279.34
276.94
275.45
279.08
276.28
275.45
279.08
275.74
275.5
279.0
275.54
275.6
278.96
275.26
275.73
278.91
275.03
276.26
278.7
274.88
276.11
278.64
276.88
276.275
278.76
279.03
276.44
278.88
281.18
276.67
279.55
282.8
276.78
280.13
284.65
277.13
280.6
286.01
276.94
281.19
286.81
277.09
282.17
287.38
277.29
282.18
287.39
277.57
282.49
286.91
277.41
282.91
285.79
277.57
282.9
284.52
277.57
283.15
283.36
278.83
283.39
282.03
278.77
283.48
281.07
278.78
283.47
279.6
279.4
283.32
278.47
279.38
283.38
277.56
279.71
283.33
276.64
280.36
283.48
275.44
280.66
283.48
274.94
280.86
283.69
274.4
281.6
283.79
274.1
281.59
283.91
274.37
281.6
283.96
276.74
281.845
283.93
278.53
282.09
283.9
280.32
282.4
283.81
282.22
282.57
284.24
282.975
282.74
284.67
283.73
282.73
285.56
284.95
282.75
286.1
285.56
282.29
286.26
285.63
283.02
286.33
285.01
282.95
286.25
283.35
282.3
285.72
282.16
282.28
285.06
281.18
282.82
284.89
280.37
282.78
284.66
279.39
282.82
284.25
278.22
282.69
284.08
277.045
282.56
283.91
275.87
281.68
283.38
275.15
281.55
283.34
274.595
281.42
283.3
274.04
281.48
283.18
273.46
281.33
282.81
272.83
281.21
282.83
272.57
281.42
282.87
273.92
281.31
282.73
275.62
281.62
283.1
277.1
281.45
283.94
279.25
281.77
285.02
281.58
282.03
285.59
282.73
281.95
285.68
283.88
279.83
285.65
284.86
279.68
285.27
285.26
280.15
284.0
284.97
279.64
282.32
283.98
279.72
280.75
282.24
279.24
279.62
280.74
278.73
278.9
279.57
278.35
278.3
279.18
277.7
277.75
278.39
277.78
278.11
277.9
277.43
276.99
277.5
276.96
276.43
277.18
276.84
276.045
276.785
276.72
275.66
276.39
276.22
275.52
276.43
276.06
275.24
277.205
275.9
274.96
277.98
275.72
275.01
280.35
275.87
276.04
283.395
276.02
277.07
286.44
277.49
278.89
288.78
278.505
279.825
290.575
279.52
280.76
292.37
280.13
281.81
293.36
280.52
281.9
293.765
