275.357262298
275.334
275.572
275.2
274.855333333
275.630666667
275.087640128
275.656666667
276.457333333
276.197811459
276.479
276.6165
277.68
277.273333333
277.665666667
277.131977099
278.088666667
278.047333333
279.81
277.334
276.722
279.767098885
278.672666667
277.672666667
279.5
278.441333333
276.916333333
279.475067138
276.788
276.088
277.54
277.030666667
275.355666667
277.283972477
275.851333333
274.551333333
276.6
275.5345
274.7095
276.544017694
274.067666667
273.584333333
275.75
273.463333333
273.421666667
275.813761224
272.976
273.0635
274.008205055
272.332666667
272.966
276.67
271.806333333
272.673
276.09603336
272.3115
272.3115
275.44
271.441333333
272.041333333
272.014098296
271.602666667
271.702666667
274.7
272.279
271.829
274.226458554
272.268666667
271.335333333
273.21
272.773333333
271.306666667
273.377775252
273.8505
272.863
269.85658296
274.164333333
272.306
274.53
275.050666667
273.334
275.008629507
275.797
273.522
274.297513801
276.73
274.83
278.87
277.523
275.298
278.998269231
276.8365
273.949
277.308653061
278.122666667
275.022666667
280.03
277.929333333
274.279333333
278.43
276.1215
273.0715
278.408181295
276.466333333
272.483
276.2
275.196666667
271.43
276.153586141
274.773
271.198
275.13
273.221333333
269.871333333
274.836439134
272.515666667
269.365666667
274.46
272.1065
269.0815
274.03588345
271.302
268.502
271.110941725
270.794
268.144
273.86
270.3935
268.1185
273.711294726
269.849666667
267.649666667
273.45
269.413333333
267.513333333
273.265907311
269.6525
270.3025
272.94
268.991
269.191
270.521408975
269.005
271.005
272.3
271.609
272.2715
272.718626976
270.759666667
274.268
274.09
272.500333333
275.717
274.890875753
273.0095
275.7095
277.52
275.160666667
277.644
277.38188511
276.080333333
278.122
278.366213725
275.1115
276.2115
279.31
276.660666667
277.485666667
278.250471044
276.321333333
276.371333333
278.582
275.582
274.507
278.559650725
275.376
273.642666667
278.184
274.77
272.028333333
278.134992483
274.645
272.5075
277.613
273.878666667
270.195333333
276.558930431
273.593333333
269.976666667
273.15
272.9655
270.0405
273.28332
272.794333333
269.727666667
273.72
272.280666667
269.697333333
273.601890547
272.0065
270.1565
273.46
271.413
269.963
270.713624655
271.059
270.259
272.92
271.027
272.6145
272.613845158
270.565666667
272.224
271.94
270.426333333
273.893
272.199156174
272.6805
275.918
269.477409003
271.743333333
277.468333333
273.4
273.199666667
279.374666667
274.362710936
274.2085
278.346
277.09
275.814
281.230666667
276.814058188
276.972
281.180333333
278.51
275.7375
280.625
278.007386323
277.693
280.743
276.413193161
277.256
280.356
278.31
276.0125
280.075
276.663612967
275.844333333
279.652666667
274.87
274.869666667
279.336333333
273.9
274.248
279.348
273.889101675
273.155666667
278.922333333
272.92
272.416333333
278.824666667
272.903753516
272.217
278.5295
270.768729147
271.297666667
278.497666667
272.56
270.918333333
278.268333333
272.564428344
270.815
278.1275
272.57
270.343666667
277.868666667
270.319965502
270.148333333
277.698333333
272.32
270.027
278.152
272.029356901
269.807
277.773666667
271.3
269.661
278.019333333
271.243410281
272.2385
278.4135
268.783345813
271.184666667
278.609666667
270.91
272.854333333
278.954333333
272.010932741
273.523
278.136
274.319017472
275.526333333
278.868333333
276.77
276.528666667
278.437666667
277.233464674
275.6315
277.6065
278.31
277.267
277.309333333
277.384795756
277.003
276.611666667
276.88
276.3285
276.104
276.802409129
276.201333333
275.343
275.54
275.663666667
274.772
275.441442294
275.135
274.26
274.16
274.594333333
273.669333333
273.72316707
274.062666667
273.137666667
273.8
273.4515
272.7015
273.861568407
272.946333333
272.138
274.12
272.361666667
271.67
273.595832733
271.9775
271.4525
272.86
271.326
270.901
271.0932
270.875
270.6
272.74
270.4315
272.194
272.818093791
269.978
271.261333333
273.07
269.532
272.223666667
273.07180744
272.331
273.9935
269.936666667
270.803333333
274.686666667
271.562333333
272.520666667
276.187333333
273.86
273.3625
276.0125
275.175720098
275.371666667
278.071666667
278.52
276.505333333
278.455333333
278.530461939
275.4105
276.5355
278.269155321
277.287
277.687
279.19
276.935
276.535
278.805715976
275.79
274.115
277.87
275.702333333
273.385666667
275.717721659
274.821666667
271.388333333
276.42
274.342
271.092
275.79532788
273.327666667
268.527666667
274.93
272.714333333
267.664333333
274.69
272.552
268.4645
274.567232716
271.788333333
267.046666667
273.127616358
271.475666667
267.292333333
274.82
271.3125
267.55
274.583238445
270.95
267.791666667
273.97
270.737
268.045333333
274.07159972
270.6435
270.8935
274.32
270.390666667
270.282333333
273.946712834
270.257333333
272.265666667
274.689990206
272.781
274.656
273.959039841
271.762
276.503666667
275.28
273.4
278.758333333
271.059410513
274.3565
279.144
263.15
276.221666667
282.021666667
266.646619863
277.405333333
283.030333333
271.013171546
276.4195
280.607
280.28
278.326333333
282.759666667
279.398761617
278.063666667
281.480333333
279.733201878
277.1415
281.079
279.29
277.098666667
279.507
278.28
276.396333333
278.813
278.258184752
276.444
278.769
277.8
275.491666667
277.858333333
277.687756552
275.289333333
277.597666667
277.87
275.146
277.346
277.699333644
274.924
277.082333333
275.761166822
274.761
276.827666667
277.41
274.936
276.611
277.132145733
274.660333333
276.343666667
276.71
274.722666667
276.114333333
276.654941102
274.7935
277.8435
276.54
274.853
276.961333333
275.755587331
274.921
278.037666667
276.28
276.3355
281.0855
276.398742365
275.954666667
281.504666667
277.017371182
276.920333333
283.895333333
277.471141654
277.516
284.516
278.18
278.605
287.496666667
279.40574574
279.324
288.707333333
281.15
278.5235
284.9485
280.966338318
279.749
287.815666667
280.276169159
279.455
285.713333333
281.07
279.012
284.1745
278.97
278.767666667
281.884333333
278.933534751
278.374333333
280.157666667
278.880838396
278.013
280.1255
278.79
277.609
277.834
279.18
277.237
277.237
278.950919597
277.204
277.4165
271.325008841
276.719
276.560666667
264.89
276.573
276.481333333
270.863585728
276.915
276.94
280.11
276.606333333
276.681333333
278.902316611
276.785666667
276.960666667
280.69
278.1435
279.256
280.378601156
277.93
278.863333333
279.85
278.895
280.486666667
279.574603618
279.8735
282.511
278.234
280.834
284.000666667
278.258
281.808
285.891333333
279.9
282.0455
287.6205
279.948670807
283.265
289.565
280.002335404
283.748
291.348
282.28
282.702
288.902
282.242306783
283.694666667
292.094666667
282.04
283.158333333
291.058333333
282.038608033
282.382
290.4695
281.89
281.925666667
289.284
281.853180971
281.229333333
288.546
281.77
281.7075
288.8075
281.761705858
280.619666667
287.736333333
280.339852929
280.706333333
287.664666667
281.78
280.4635
287.776
281.878383747
280.66
287.643333333
282.01
280.527
287.693666667
282.01
280.631
287.606
282.01
280.419
287.702333333
281.041692854
280.444
287.660666667
282.01
280.856
288.0435
281.977540566
280.752
287.860333333
281.9
281.035
288.101666667
281.885761589
281.5725
289.16
280.569801126
281.770666667
289.129
281.75
282.223333333
289.915
281.748361974
282.22
290.7075
281.241333333
282.824666667
291.491333333
281.431666667
282.973333333
292.281666667
281.96
282.5425
290.93
281.920755094
282.884333333
292.434333333
281.85
282.646666667
291.796666667
281.819960474
283.521
291.6335
281.211945677
282.912666667
290.837666667
281.51
283.416333333
290.516333333
281.420363636
282.1655
290.4405
281.3
283.254
290.037333333
281.026745167
282.588
289.879666667
281.8
282.193
289.9805
281.573735256
281.436666667
289.736666667
281.28
280.951333333
289.751333333
281.118952354
280.891
289.6785
280.88
280.264
289.722333333
279.864914005
280.062
289.678666667
280.61
280.0645
289.627
280.422866084
279.794333333
289.586
280.02
279.728666667
289.537
279.904508753
280.5515
289.839
277.716504608
280.189666667
289.673
279.41
280.716333333
289.858
279.426894557
280.879
289.804
280.566602743
281.527
290.068666667
282.28
281.811
290.094333333
282.268825433
281.359
289.709
281.743896271
281.888333333
289.871666667
282.18
281.681666667
289.623333333
281.28
280.984
289.809
281.244507042
280.941
289.416
279.48
280.407
289.457
279.478673667
280.637
289.3495
279.44
279.848333333
289.44
279.342187796
279.823666667
289.382
279.01
280.11
289.0225
279.065943293
279.981666667
289.065
279.28
280.164333333
288.806
279.599106152
280.393
289.0305
279.99
280.560333333
288.610333333
279.592331882
280.773666667
288.673666667
280.71
281.222
289.222
280.581274614
281.357
289.123666667
280.28
281.727
289.510333333
280.049450919
281.762
291.187
278.485333333
282.243666667
291.143666667
278.623666667
282.390333333
292.390333333
280.52
282.867
292.1795
281.131013963
282.903666667
293.912
282.39
283.270333333
294.187
282.469035146
282.372
291.572
281.623550976
283.160333333
292.810333333
283.29
282.683666667
291.158666667
282.997068063
281.8765
289.739
282.04
281.51
288.01
279.92
280.813
286.513
279.854009795
280.8705
285.783
278.053309098
279.922
284.030333333
278.18
279.728
283.044666667
278.86
279.72
283.3075
278.562411341
279.464
281.905666667
276.705705671
279.394
281.752333333
277.42
279.292
281.042
277.705887316
279.232666667
281.074333333
278.12
279.141333333
280.549666667
278.278234232
278.282
281.7695
278.55
278.446666667
280.663333333
277.717711864
277.843333333
281.301666667
278.726593834
279.372
283.6595
278.85
278.058
283.724666667
278.662900704
278.876
285.509333333
279.055358394
278.9605
285.485
279.21
280.023
287.872666667
279.349607069
280.352
288.451333333
280.14
280.6445
285.8695
280.034029019
280.985666667
287.501666667
279.63951451
281.290333333
285.973333333
280.13
280.7905
283.7525
280.026069901
281.363333333
282.455
279.88
281.131666667
280.465
280.067658341
282.3925
280.3425
280.3
281.663333333
277.73
279.966380504
282.426666667
276.985
280.28
283.094
276.794
280.219127185
283.889333333
275.864333333
280.14
284.588666667
275.488666667
280.071917336
283.991
275.3285
279.98
285.122666667
274.881
279.24483581
284.957333333
274.649
280.15
284.6425
278.055
280.113660314
284.527
276.610333333
280.03
284.262
278.803666667
279.854391555
284.2595
281.172
278.615333333
283.907
283.307
278.808666667
283.817
285.617
279.64
285.193
285.293
279.682876743
284.614333333
288.481
279.735938372
285.501666667
289.035
280.15
285.131
285.881
280.10181736
286.437666667
287.671
279.94340868
286.486333333
285.753
279.5
286.0945
284.1195
279.512989785
286.29
282.106666667
279.53
286.045
280.378333333
279.01
286.2165
281.554
278.934510049
285.832666667
278.857666667
278.066255025
285.865333333
279.065333333
279.01
285.9615
278.7615
278.833111375
285.973
279.139666667
278.62
286.048
279.006333333
278.62
285.8095
278.847
278.62
285.989
278.722333333
278.200674419
285.855
278.571666667
278.78
285.6195
280.3695
278.84413677
285.519333333
279.569333333
278.98
285.317666667
280.717666667
279.026294104
285.5755
283.488
278.50711443
285.220666667
284.095666667
279.28
285.325333333
286.325333333
279.289589652
286.0195
286.0445
279.744782707
285.927666667
289.111
280.28
286.425333333
289.667
280.452017937
285.8085
287.1835
280.9
286.677666667
288.752666667
281.844674419
286.432333333
287.282333333
282.66
286.4275
285.7525
282.79544186
286.102
284.302
282.97
286.017
282.792
284.1
285.872
282.7845
284.099755229
285.807
280.773666667
284.053377615
285.682
280.265333333
284.41
285.2655
279.453
284.58946961
285.237666667
279.046
284.81
284.918333333
278.335
284.883111396
285.367
277.6045
284.99
284.791666667
276.9
284.561628735
284.984333333
276.176
284.82
285.069
277.6065
284.652581112
285.297666667
276.164333333
284.29
285.418333333
276.876666667
284.200635302
285.673
279.598
283.682333333
285.749
279.640666667
283.625666667
285.959
281.692333333
284.29
286.017
282.1795
280.144396794
286.277666667
284.752666667
272.15
286.386333333
285.761333333
272.090047733
285.9645
282.9145
278.854865949
286.25
285.208333333
271.15
286.005
283.646666667
274.04341767
285.878
282.603
286.03
285.593666667
280.868666667
284.84633275
285.427333333
279.652333333
285.53
285.5
279.65
285.295050025
285.254
278.029
284.9
285.247
277.622
285.3
285.1635
277.401
285.175810875
285.182
276.932
284.095905437
285.124
276.649
285.01
285.0775
276.765
284.343606371
285.015666667
276.349
282.77
284.965333333
276.332
282.076472854
284.8505
278.663
280.3
284.821666667
277.863333333
280.584396328
284.728333333
279.411666667
279.786746149
284.6915
283.054
279.05
284.579333333
283.904333333
279.051733019
284.523666667
286.848666667
279.4252107
283.6125
287.4375
280.03
283.842
291.167
279.928537906
283.216
292.541
280.03
281.885
290.86
279.950537077
281.494
293.252333333
279.68
280.398
292.589666667
278.04
279.6315
292.069
278.034952607
278.425666667
291.359
277.33
277.549333333
290.791
277.307080161
278.281
290.731
275.18
276.868666667
289.993666667
275.181551724
277.064333333
289.764333333
273.38
276.5555
289.4805
273.418175625
276.986
289.269333333
273.853087813
276.712
289.003666667
272.55
276.6715
288.584
272.157114187
276.319666667
288.369666667
271.41
276.201333333
288.001333333
271.194225126
276.1755
289.1005
270.7
276.026333333
288.243
270.598389988
275.969666667
288.853
270.13
276.332
291.5695
270.098074623
276.135666667
291.477333333
269.777037311
276.358333333
293.491666667
269.44
275.7645
293.652
269.494064495
276.259333333
296.284333333
270.167532247
275.937666667
297.062666667
270.59
275.147
295.5345
270.579060758
274.981666667
297.081666667
270.54
274.347333333
296.322333333
270.325979576
272.977
295.627
269.83
272.588
294.846333333
269.54
271.463
294.129666667
269.524368112
271.6545
294.1795
268.68
270.090666667
293.207333333
268.437598985
269.843333333
293.001666667
268.42
269.681
292.781
268.15264004
269.405333333
292.580333333
266.80082002
269.214666667
292.364666667
268.04
269.0385
292.176
267.874651131
268.843
291.951333333
267.63
268.662
291.753666667
267.482487047
268.56
292.6475
267.17
268.352666667
292.086
266.729020549
268.224333333
292.616
266.836756188
269.7245
294.6745
266.34
269.053333333
294.695
266.390615822
270.010666667
296.244
258.730320101
270.676
296.226
245.15
271.730666667
298.297333333
248.94120057
272.493333333
298.801666667
254.967248384
272.017
297.1295
272.002675325
273.192666667
298.359333333
272.91
273.129333333
297.412666667
272.612965169
272.7145
296.602
272.17
272.768333333
295.61
270.439901408
272.470666667
294.754
271.64
272.0135
294.401
271.328607595
271.769
293.377333333
270.7
271.365
292.856666667
270.59
270.757
292.1445
270.482236076
270.421
291.687666667
268.936618038
269.881
291.039333333
270.33
269.4745
286.8245
270.281657435
268.89
287.365
270.15
268.439
284.339
270.049452492
268.212
284.9495
269.72
267.686333333
280.711333333
269.437628949
267.384666667
280.109666667
269.470427873
268.956
281.0685
268.052824111
268.03
279.946666667
268.97
268.977
280.385333333
270.603158593
269.9355
281.0105
275.047
270.878666667
281.387
273.45
271.833333333
281.95
273.88
271.1215
281.0215
273.935307356
272.631666667
282.081666667
274.34
272.475333333
281.650333333
273.55
271.1255
278.313
273.58
271.367
278.850333333
273.26
270.415
276.481666667
273.26
270.4685
277.0435
272.88
269.181333333
273.698
272.65
268.899666667
273.283
271.15
269.1435
272.8935
271.078835729
268.686666667
272.47
268.638917864
268.755333333
272.072
271.16
269.198
272.1605
270.957890625
269.142
271.600333333
270.56
269.46
271.526666667
270.405175174
270.0405
272.2655
270.0
270.271
271.921
268.431375709
270.764
272.389
270.074053369
271.874
274.649
266.984390767
272.161333333
274.519666667
270.21
273.065666667
276.182333333
267.310651457
273.528
277.7905
250.15
274.579666667
279.471333333
274.85
275.189333333
281.097666667
275.74
274.47
279.37
276.18
275.522666667
282.114333333
275.96
275.246333333
281.504666667
275.98
275.395
280.2575
275.15
274.977
279.860333333
273.87
274.984
278.825666667
273.79
274.1925
280.105
273.8
274.465666667
278.299
273.86
273.940333333
278.807
273.85
273.3705
278.808
274.11
272.86
279.485
274.1
272.305
279.655
273.26
272.0245
280.0745
273.25
271.378
280.161333333
271.68
271.006
280.497666667
272.14
270.929
281.379
272.17
270.458666667
281.533666667
271.81
270.283333333
282.233333333
271.94
271.949
283.3615
271.93
271.16
283.918333333
272.49
272.212
284.903666667
274.6
273.319
285.2565
274.75
274.352666667
286.452666667
277.15
275.441333333
287.016333333
277.15
274.6115
286.4365
278.4
276.339666667
287.381333333
278.4
276.149333333
287.182666667
276.62
276.242
286.742
274.93
275.957333333
286.624
274.76
275.955666667
286.264
274.16
275.5565
286.444
273.66
275.687333333
285.904
273.55
275.420666667
285.904
272.9
275.479
286.254
273.13
275.104
286.137333333
273.46
275.054
286.370666667
273.59
275.11
285.9725
273.99
275.024666667
286.416333333
273.86
275.045333333
286.228666667
273.59
274.7535
286.8785
274.02
274.878333333
286.411666667
274.04
274.690666667
286.782333333
274.3
274.9565
287.9065
274.05
274.617666667
288.026
274.51
274.732333333
288.899
274.52
275.2065
289.494
275.92
275.201333333
290.459666667
276.66
275.555666667
291.147333333
277.05
275.776
290.051
277.07152741
276.175
291.333333333
277.17
276.44
290.831666667
276.72
276.585
290.4975
276.61
276.89
289.94
276.4
277.075
289.55
276.51
276.976
289.3885
276.64
277.255666667
288.922333333
277.01
277.251333333
288.684666667
276.65
277.1715
288.884
276.55
277.192333333
288.500666667
276.58
277.137666667
288.554333333
276.73
276.9935
288.981
276.73
276.968666667
288.910333333
276.58
276.854333333
289.212666667
276.71
276.9145
289.9645
276.8
276.742
290.117
276.370428822
276.744
290.719
276.91
277.0765
291.5765
276.65
276.968333333
292.093333333
276.757547257
277.190666667
292.865666667
276.9
277.8005
295.013
277.011882151
277.893666667
295.327
277.96
278.374333333
297.016
278.08
278.2235
295.0235
278.260265487
278.914666667
297.939666667
278.5
278.974333333
297.174333333
278.82
278.6125
294.9875
279.53
278.812666667
294.696
279.74
278.591333333
292.983
278.89
278.1695
292.4445
278.39
278.015
290.34
278.65
277.66
289.41
278.78
277.6205
287.858
278.86
277.160333333
287.135333333
279.17
277.015666667
285.790666667
279.58
277.4095
285.9845
279.84
277.085333333
284.127
280.31
277.299666667
283.808
280.14
278.1555
284.718
280.49
278.156
283.989333333
280.62
278.798
284.489666667
280.39
279.6805
286.743
280.26
280.242333333
286.659
280.348280235
281.044666667
288.328
280.36
281.227
288.2145
280.69
282.236
290.477666667
281.26
282.625
290.958333333
281.49
282.3265
289.239
281.491883476
282.944666667
290.453
281.74
282.875333333
289.467
281.52
282.842
287.6295
281.42
282.760666667
286.927333333
282.0
282.715333333
285.373666667
282.01
281.6805
284.993
281.58
281.965
283.048333333
281.43
281.26
282.276666667
281.8
281.1315
282.1565
281.63
280.234333333
281.167666667
281.45
279.913666667
280.830333333
281.45
279.3165
280.7915
281.76
279.088
280.354666667
280.879075731
278.583
280.216333333
281.14
278.102
281.077
280.39
277.589
280.605666667
279.640025517
277.1
281.133333333
280.24
278.3715
282.034
279.88
277.295666667
282.437333333
279.87
277.980333333
283.213666667
280.88
278.898
283.548
281.00581187
279.505
284.471666667
281.63
280.345
284.953333333
282.39
279.855
284.0925
282.493207223
281.138333333
285.021666667
281.7
281.091666667
284.608333333
280.87
280.386
284.111
279.98
280.559
283.725666667
279.69
280.073
283.256333333
279.9
279.4495
281.7495
280.14
279.009333333
281.626
280.18
278.431666667
280.465
280.73
278.4995
279.9495
280.73
277.706666667
278.573333333
280.58
277.559333333
277.842666667
280.0
277.8545
277.3795
279.99
277.559666667
276.559666667
281.31
277.707333333
276.007333333
280.95
278.0325
278.795
280.93
278.121
277.129333333
280.700826087
278.387
278.803666667
280.44
279.0195
281.4195
281.76
279.163333333
282.78
280.88
279.673666667
285.082
281.85
280.388
285.513
282.72
280.830333333
288.438666667
283.17
281.476666667
289.493333333
283.19
281.545
286.395
283.119258121
282.384
288.834
282.64
282.645
287.12
282.19
282.498
283.9855
282.1
282.895
282.745
282.78
282.884
280.084
282.78
283.7185
280.406
282.76
283.425666667
276.750666667
282.78
283.978333333
276.078333333
282.88
284.0015
275.9515
282.57
284.730666667
275.097333333
282.86
284.930333333
274.788666667
282.86
284.957
276.432
283.11
285.214333333
275.472666667
284.0
285.298666667
276.465333333
284.0
285.6545
277.7295
284.092572352
285.648333333
278.631666667
284.66
285.913666667
279.805333333
283.89
285.967
280.917
284.69
286.303
282.111333333
284.91
286.427
283.243666667
284.79
286.242
285.3045
284.868437387
286.469
286.127333333
285.24
286.387
287.878666667
275.38
286.234
284.3465
276.860859868
286.175666667
287.859
286.23
286.046333333
286.088
285.1
285.885
284.185
284.76
285.766333333
282.458
285.4
285.615666667
280.599
285.28
285.253
280.853
285.53
285.173
278.289666667
284.66
284.881
277.839333333
284.71
285.3225
277.96
284.55
284.786
277.319333333
284.39
284.983
277.249666667
283.56
285.616
277.866
283.560748332
285.667666667
277.567666667
283.564374166
286.155333333
277.955333333
283.250039696
285.938
278.738
282.98
286.660666667
278.994
283.14
286.678333333
279.645
283.367656786
286.457
281.6695
284.21
286.554333333
281.862666667
284.67
286.412666667
283.429333333
284.655465894
286.339
284.039
284.47
286.174666667
285.924666667
284.65
286.078333333
286.853333333
284.43
285.745
285.1825
284.365454036
285.727666667
286.977666667
284.08
285.473333333
286.173333333
283.21
285.4165
286.3415
279.14
285.096333333
285.213
283.32
284.973666667
285.057
283.02
284.0465
284.8215
283.02
284.192
284.692
283.31
283.533
284.483
282.58
283.8975
284.3225
282.58
282.897333333
284.097333333
282.58
282.920666667
283.920666667
282.6
282.6905
283.803
282.3
282.798333333
283.606666667
282.31
282.652666667
283.469333333
281.87
282.4275
283.99
281.86
282.308333333
283.633333333
281.86
282.109666667
283.934666667
281.08
282.1435
284.906
280.97
281.867333333
284.984
280.99
281.823666667
285.732
280.98
282.759
286.809
281.09
282.389
287.447333333
280.86
282.998
288.414666667
280.72
282.7915
287.4665
281.07
283.672333333
289.072333333
281.08
283.737666667
288.762666667
281.18
283.9245
288.812
280.97
283.949333333
288.382666667
280.96
284.095666667
288.312333333
281.64
283.4645
288.177
282.13
283.87
288.128333333
282.11
283.498
288.014666667
283.85
283.53
287.8925
283.57
283.023333333
287.781666667
283.33
282.920666667
287.662333333
282.86
282.816
287.741
282.44
282.714
287.555666667
282.29
282.61
287.568333333
282.88
282.4325
287.695
282.88
282.353
287.669666667
282.3
282.2
287.758333333
281.24
282.442
288.6795
281.26
282.157333333
288.490666667
280.481
282.267666667
289.134333333
281.28
282.54
288.7525
281.3
282.596333333
289.738
282.69
282.814666667
289.698
282.98
282.469
289.5065
283.07
282.875333333
289.517
282.43
282.717666667
289.376
281.11
281.708
289.133
280.09
281.834333333
289.026
280.11
281.108666667
288.817
279.29
281.056
288.8685
278.67
280.106
288.572666667
278.79
279.829
288.537333333
278.57
279.467
288.467
278.18
279.218333333
288.443333333
278.01
278.884666667
288.384666667
278.16
278.6465
288.3465
278.46
278.281
288.281
278.46
278.011
288.236
