289.52
287.28
301.35
288.31
286.73
300.52
287.98
286.49
301.5
288.68
287.37
302.47
289.27
289.51
304.31
290.79
292.53
306.56
292.5
294.8
308.44
293.94
297.89
309.95
295.07
299.55
311.21
295.85
300.81
312.23
296.58
302.92
313.33
297.38
302.61
313.26
297.67
301.64
312.6
298.0
301.33
311.22
297.99
300.55
309.41
297.45
299.93
307.75
296.62
298.31
306.49
294.57
295.38
305.66
292.12
292.42
304.21
291.685
291.665
303.22
291.25
290.91
303.27
290.92
289.2
302.83
290.06
288.1
302.28
288.64
287.9
301.26
288.395
287.015
300.675
288.15
286.13
300.09
287.56
285.36
300.7
287.94
285.8
302.2
288.81
288.1
304.82
290.806666667
291.768
307.218
292.803333333
293.51
308.71
294.8
295.9915
310.7015
294.54
297.98
312.36
296.61
300.47
313.39
297.71
300.97
313.78
297.041333333
301.153333333
311.828
298.200666667
301.336666667
311.374
299.36
301.52
310.92
298.27
301.0
309.42
297.91
300.18
308.08
296.595
297.964
307.1625
293.372
295.094
306.192
293.011
293.205
305.301
292.65
291.84
304.41
291.94
290.36
304.02
291.26
289.54
302.9
290.69
288.49
302.26
290.12
287.43
301.55
289.87
287.4
301.01
289.53
287.03
300.72
288.75
285.94
300.79
288.76
286.61
302.11
289.82
288.65
304.27
291.22
290.15
306.55
292.91
292.92
309.26
294.26
295.84
311.11
295.39
297.93
312.38
296.65
300.6
313.57
298.34
303.28
314.2
299.52
303.41
314.4
299.0
301.78
313.78
298.37
301.3
312.66
298.28
300.36
310.62
298.04
299.8
309.14
296.74
297.77
307.79
293.655
295.523666667
305.583666667
293.9
293.277333333
304.307333333
293.19
291.39
305.06
292.34
290.18
304.55
291.59
289.47
303.75
290.48
288.35
302.65
290.02
286.15
301.15
289.25
286.15
300.7745
288.74
286.15
300.399
288.05
286.725
300.399
287.8
286.15
302.8665
289.37
286.15
305.334
290.7
288.15
305.334
291.74
291.1
309.929
293.12
293.15
309.929
294.24
296.15
309.929
295.05
299.15
311.554
296.17
299.15
311.554
296.99
299.15
311.554
297.05
302.15
310.72
297.18
300.15
310.72
297.18
297.15
310.72
296.36
296.15
306.939
295.05
293.15
307.15
293.73
290.15
305.15
293.04
290.15
305.15
292.04
287.15
305.15
290.319
287.915
301.154
291.12
288.68
302.04
290.71
287.87
301.86
289.75
289.2
301.35
288.5785
287.965
301.105
288.29
286.73
300.86
287.7635
286.93
300.63
288.12
286.85
301.37
289.57
288.18
302.96
291.01
292.18
305.31
292.95
294.38
306.73
294.4
296.99
307.74
295.15
298.36
310.78
296.25
299.42
312.12
297.51
298.91
312.69
298.17
298.01
313.16
298.69
299.67
312.67
298.93
300.67
311.76
298.69
300.36
308.7
298.24
299.45
304.88
296.89
297.7
303.88
295.18
294.89
302.91
294.42
293.68
301.85
293.59
292.46
300.99
292.91
291.0
300.22
292.29
290.43
299.48
292.36
289.71
299.23
291.03
289.71
298.87
291.09
288.52
298.14
290.995
287.975
298.49
290.9
287.43
298.84
291.45
287.98
300.17
291.32
288.26
302.11
291.61
288.83
303.94
292.32
289.38
305.8
292.94
291.01
306.98
293.78
291.39
307.95
294.86
293.65
309.51
296.05
296.17
309.98
296.29
297.76
309.9
297.37
297.46
309.19
297.66
297.66
308.06
296.91
296.5
306.62
296.75
294.38
305.37
295.53
293.78
304.25
294.06
292.19
303.12
292.96
291.1
302.24
292.28
289.47
301.37
292.08
288.68
300.43
291.51
288.01
299.88
290.48
287.41
299.38
290.14
287.06
298.77
290.01
286.78
298.43
289.83
286.76
297.75
289.46
286.52
299.18
289.27
287.31
301.25
289.91
287.47
303.54
289.95
288.1
306.0
289.9
289.26
308.15
289.23
290.63
309.73
290.06
291.45
310.18
291.68
292.81
311.6
292.44
295.62
311.69
293.2
296.83
312.18
294.28
295.91
310.99
294.05
296.42
309.74
293.93
296.52
307.87
294.05
295.02
305.51
293.15
293.69
304.25
291.88
291.58
303.83
291.3
289.93
303.51
290.8
289.03
302.73
290.36
287.98
302.25
290.31
286.8
301.92
289.68
287.85
301.06
289.34
287.73
300.34
289.11
287.4
299.91
289.32
287.52
299.34
289.4
287.52
299.93
289.5
287.31
301.49
289.63
287.72
303.88
290.51
288.78
305.52
291.14
289.73
307.38
291.98
292.48
308.84
292.61
294.58
310.02
293.59
296.14
310.8
294.92
298.69
311.28
295.59
297.99
311.49
295.24
297.34
311.06
295.6
297.41
309.49
295.61
297.09
308.49
295.35
295.5
306.84
294.12
293.58
305.73
292.57
291.6
304.97
291.78
290.21
304.2
291.24
289.74
303.3
290.68
289.29
302.67
289.79
287.16
301.83
289.51
286.885
301.725
289.23
286.61
301.62
288.74
286.43
301.63
288.58
286.45
301.0
288.53
286.45
301.35
289.18
285.76
302.46
289.79875
288.14625
302.77125
289.461
291.344333333
301.311
290.558
293.324666667
302.508
297.91
291.3305
307.04
293.1775
291.986
306.4025
294.7
298.64
309.1
295.17
299.54
310.4
296.11
300.24
307.66
296.33
299.57
304.71
296.46
299.5
299.78
296.5
298.53
299.98
296.07
297.07
300.85
294.98
294.78
300.77
293.56
293.16
300.82
292.45
291.43
299.92
291.19
289.43
299.18
290.45
288.46
299.01
289.92
288.18
298.9
289.25
287.64
298.76
289.04
287.1
298.72
287.82
287.57
298.33
288.856666667
288.286666667
299.34
290.223
289.868
297.538
290.93
289.72
301.36
290.82
290.15
299.82
291.555
292.15
299.562
292.29
294.86
302.15
293.0065
294.15
302.4115
293.723
291.230333333
302.673
294.4585
291.211666667
303.033
295.194
295.67475
301.4115
295.022
297.15
301.7715
294.85
294.15
300.15
294.5905
294.15
300.6905
294.331
292.247333333
301.231
293.4655
291.198666667
301.1905
292.6
290.15
301.15
292.51
289.816666667
300.15
292.42
289.483333333
299.15
292.33
289.15
298.15
291.9
289.15
297.66
292.02
289.15
297.15
291.752
289.15
296.95
291.484
289.15
296.75
291.216
289.15
296.55
290.948
289.15
296.35
290.68
289.15
296.15
290.46
290.15
297.15
290.83
290.15
297.15
291.15
291.46
299.124
291.91
292.06
301.098
292.67
291.61
301.116
293.15
292.86
301.116
292.24
292.15
303.414
294.09
293.15
303.414
293.42
291.63
303.414
293.15
292.77
303.347
293.0
291.54
303.347
292.85
292.15
302.15
292.15
292.15
300.0595
291.8
291.15
301.15
291.38
290.15
300.15
291.15
289.49
300.15
290.72
288.83
299.15
290.6
286.15
298.15
290.6
289.45
298.15
290.36
289.83
298.15
290.01
289.42
293.63
289.78
289.91
293.1435
289.78
288.68
292.657
289.59
289.11
292.657
289.89
290.15
294.15
290.24
290.18
297.132
290.47
292.41
300.114
290.99
293.18
304.752
291.13
294.15
304.752
291.79
296.15
304.752
292.34
298.15
302.449
293.23
300.15
302.449
292.86
300.15
302.449
293.48
300.15
299.786
293.38
300.15
299.786
293.19
300.15
299.786
293.11
295.15
296.054
293.02
294.15
300.15
292.36
292.15
298.15
292.36
291.15
297.15
292.02
289.15
296.15
292.07
290.074
294.709
292.12
289.91
294.48
291.74
289.0
293.69
291.97
288.82
292.82
291.68
289.35
292.28
291.47
288.83
291.75
291.21
288.28
292.85
291.11
288.63
295.14
291.12
289.89
297.81
291.85
290.97
299.51
292.47
291.51
301.42
293.24
292.76
302.3
293.29
295.44
303.56
293.75
295.8
304.59
293.69
295.81
305.22
294.28
297.76
305.46
294.67
297.42
304.81
295.02
297.96
303.78
295.27
297.59
302.45
295.17
296.71
301.06
293.92
294.7
299.88
292.7
291.51
298.99
291.65
290.64
297.8
290.8
289.76
297.09
290.26
290.29
295.99
289.68
290.37
295.16
289.45
289.97
294.47
289.02
288.2965
293.77
289.39
289.21
293.36
288.78
288.31
293.21
288.92
288.73
294.46
288.8
288.28
296.96
289.27
287.78
299.83
289.84
288.84
301.69
290.83
290.42
303.39
290.75
294.04
304.17
291.37
295.275
305.54
291.53
296.51
305.48
291.9
297.03
306.12
292.5
298.13
306.29
293.22
296.99
306.07
293.07
296.01
305.04
293.49
295.66
303.61
293.5
294.39
301.94
293.01
292.81
300.13
291.95
291.01
299.11
290.65
290.47
298.45
289.6
289.92
297.64
289.02
288.84
296.96
288.41
288.28
295.8
288.1
288.28
295.73
288.15
288.28
295.54
288.33
288.28
295.14
288.24
287.58
294.66
288.36
287.58
296.02
288.15
287.4
298.54
288.64
287.94
300.93
289.38
289.04
303.51
289.83
290.62
305.68
291.02
293.11
306.96
291.34
295.62
307.82
292.36
297.24
308.38
292.75
297.76
308.54
294.26
298.8
308.07
294.72
298.47
307.95
294.21
297.05
306.79
294.07
295.64
305.3
293.75
294.23
303.01
292.69
292.32
301.77
291.42
291.23
301.0
290.26
290.41
300.21
289.63
289.9
299.33
289.01
289.49
298.28
288.23
288.79
297.75
287.88
288.15
297.43
287.02
287.43
296.69
286.71
287.31
295.77
286.3
286.73
295.21
286.86
286.14
296.16
287.03
286.27
298.77
288.05
288.57
300.92
288.75
289.57
303.77
290.8
292.085
305.57
291.38
294.1
307.37
292.01
295.41
308.13
294.84
296.65
308.29
296.35
299.62
309.33
296.69
296.59
309.12
296.35
296.54
308.53
295.33
296.17
307.78
295.29
295.5
305.69
294.42
294.83
303.99
292.98
293.08
302.03
291.34
291.08
301.29
290.3
290.41
300.56
289.55
288.81
299.75
288.83
288.82
299.52
288.43
287.03
299.22
288.0
286.04
298.35
287.34
285.37
297.8
287.29
284.82
297.25
286.85
284.25
296.62
286.49
283.98
297.52
286.04
284.75
299.75
287.18
287.77
302.04
288.9
290.31
304.39
290.45
293.17
306.71
292.05
295.35
307.45
293.57
297.03
307.8
294.44
298.17
308.71
297.18
299.33
309.25
296.7
299.5
308.46
297.06
298.43
308.01
297.09
298.49
307.04
297.05
297.95
305.51
296.58
297.24
304.14
294.89
295.77
303.03
293.02
293.87
302.48
292.35
291.57
301.65
291.23
290.45
300.62
290.63
289.21
300.05
290.12
288.15
299.68
288.45
288.31
299.03
288.1145
288.9945
297.6695
288.53
285.99
298.79
288.4
285.82
298.15
287.91
285.79
299.43
287.62
286.04
301.36
288.51
288.71
303.58
290.47
291.84
305.59
291.99
294.5
307.87
293.3
296.06
308.64
294.75
296.82
309.78
295.48
298.08
309.67
296.79
301.09
310.87
297.63
301.32
310.65
299.22
300.52
310.82
299.71
299.77
309.56
297.77
299.47
307.35
296.65
298.11
305.62
295.21
296.58
304.68
293.52
294.94
303.83
291.92
292.8325
303.27
291.48
292.48
302.71
291.04
291.68
301.98
289.94
289.56
301.13
289.705
288.97
300.82
289.47
288.38
300.51
288.6455
288.625
297.7905
289.1
288.87
299.19
288.3805
288.815
298.5155
288.94
288.76
301.96
288.78
288.97
304.13
289.95
289.45
306.54
290.94
290.24
308.4
292.22
292.8
309.5
291.850666667
293.337333333
306.208
291.481333333
293.874666667
306.86
294.485
295.7325
310.1415
295.24
296.71
311.67
293.391
295.676
309.256
294.54
296.07
308.336666667
294.19
295.75
306.67
293.09
293.74
305.63
292.87
291.9
304.69
291.805
291.025
301.887
290.74
290.15
302.82
290.36
289.803333333
302.17
287.729
289.184
299.964
289.6
289.11
300.87
289.71
288.82
300.49
289.5
288.69
300.05
288.85
288.69
299.65
288.59
288.15
298.98
288.44
287.95
299.67
288.2
287.95
301.73
288.44
288.54
304.26
289.22
289.09
306.71
290.06
290.07
308.89
290.66
291.03
310.0
291.58
293.25
310.81
292.6
295.06
311.31
293.14
296.53
311.0
293.55
296.37
310.75
293.24
294.9
309.83
293.1
294.69
308.77
292.29
295.07
307.05
292.04
294.03
305.87
291.55
291.96
304.83
290.54
290.33
304.41
290.31
289.28
303.62
289.69
287.82
302.95
289.01
287.05
302.15
288.15
286.52
301.16
288.045
286.16
300.83
287.94
285.41
300.5
287.24
285.1
299.74
286.96
284.68
298.56
286.75
284.56
299.39
286.51
284.56
301.54
287.14
286.28
303.21
288.4
289.19
305.56
290.3955
291.1155
306.0505
291.17
294.09
308.42
292.19
294.16
309.35
293.06
296.09
309.4
293.94
295.18
310.28
294.69
294.09
309.41
295.18
294.19
308.92
295.18
293.44
307.88
294.75
292.61
306.76
294.33
292.35
305.71
293.37
292.07
304.58
292.05
291.2
303.86
291.62
290.63
303.13
290.876
290.146
301.721
288.759333333
289.242666667
299.176
288.701666667
288.968333333
298.335
288.9628
288.9315
297.9815
288.852
288.578
296.978
289.06
288.462
296.462
288.9955
288.748
298.898
288.364666667
288.498
297.398
288.583333333
288.65
298.85
289.0885
289.5635
300.7385
289.211666667
289.461666667
302.045
289.621333333
290.121333333
303.788
292.288
294.1255
306.6605
293.45
295.9
308.78
292.49
296.27
307.005
293.96
296.64
309.84
291.628666667
295.118666667
304.895333333
291.727333333
293.597333333
304.560666667
291.938
292.404
304.618
292.018
290.828
304.218
292.21
289.58
304.21
290.86
289.03
302.48
290.38
289.46
300.99
290.09
288.51
300.5
290.17
288.52
299.8
289.75
288.48
299.01
289.55
288.62
298.15
289.48
289.02
297.4675
289.026666667
291.004
296.337333333
288.573333333
290.612
295.878666667
289.1855
290.7685
299.168
288.377
290.193666667
297.46
288.634
290.167333333
299.5
289.65
291.17
301.54
288.15
293.37
304.15
288.15
293.68
305.7865
289.15
293.15
305.474
289.15
295.15
305.474
289.753
296.655
305.018
294.31
298.16
307.27
292.593
297.699666667
308.597
294.83
297.239333333
308.438
294.355
296.5595
305.4325
292.062666667
296.172333333
306.222333333
292.496333333
295.565666667
304.165666667
292.93
293.18
300.87
292.26
291.38
300.41
291.16
290.52
299.67
290.84875
290.74375
299.13125
289.891
291.924333333
298.824333333
289.903
291.669666667
298.169666667
289.27
291.559
298.184
289.723
291.256333333
297.306333333
289.531
291.097666667
297.097666667
289.438
289.906
298.79
289.2295
289.9195
298.2645
289.12
288.9
299.64
289.43
289.03
301.67
290.3
290.34
304.19
290.77
292.75
306.28
291.745
294.7
307.84
292.72
296.65
309.4
293.1
297.64
310.88
293.53
298.3
311.07
294.82
298.18
310.83
295.015
298.165
310.39
295.21
298.15
308.88
295.37
297.28
306.54
294.77
296.45
304.64
293.36
295.5
303.15
292.67
294.72
302.72
292.38
293.35
302.08
291.99
292.12
300.72
291.36
291.48
300.66
290.94
291.21
300.02
290.87
290.41
299.38
290.73
290.41
298.93
290.54
290.41
298.27
290.49
290.53
297.1
290.66
290.67
298.65
290.77
290.66
301.47
290.69
290.79
304.43
290.79
290.41
307.15
291.09
291.17
309.37
291.49
291.42
310.3
292.53
291.9485
311.3385
292.36
292.21
312.04
291.63
293.41
312.28
291.8
294.05
312.72
292.16
294.54
311.68
291.78
293.97
310.61
291.71
292.45
308.53
292.08
292.06
306.24
291.73
291.61
304.43
291.77
290.92
303.67
291.5
290.63
302.67
289.91125
289.89625
302.05125
286.016333333
288.466333333
301.366333333
285.580666667
288.080666667
300.780666667
285.3995
287.6245
300.2995
284.879
287.262333333
299.679
284.613
286.829666667
299.163
285.5625
287.8125
302.7125
284.891333333
286.908
300.841333333
285.435666667
287.419
303.035666667
287.8955
290.2705
304.8705
287.801333333
290.001333333
307.184666667
289.622666667
292.072666667
309.139333333
290.275
292.925
308.475
292.486
295.402666667
311.302666667
293.528
296.661333333
311.511333333
293.742
296.567
310.842
295.06
298.276666667
311.343333333
295.55
298.633333333
310.966666667
293.6415
296.2415
308.5415
294.931
297.514333333
308.847666667
293.822
296.038666667
307.105333333
292.4635
294.1135
306.2385
291.437666667
292.787666667
304.204333333
290.162333333
291.012333333
303.045666667
289.9815
290.6065
303.032
288.341333333
288.374666667
301.491666667
287.795666667
287.512333333
301.096333333
287.424
287.574
300.924
286.820333333
286.403666667
300.454333333
286.390666667
286.157333333
300.207666667
287.407
287.557
303.1575
286.495333333
286.762
301.845333333
287.029666667
287.613
303.729666667
289.5015
290.5015
305.4265
289.39
290.673333333
307.373333333
291.216
292.882666667
309.132666667
291.077
293.452
309.077
293.558
296.208
311.441333333
294.074
297.324
311.990666667
294.009
297.009
311.284
294.718666667
298.602
312.252
294.847333333
298.764
311.964
293.038
296.688
305.363
293.812666667
297.596
307.179333333
292.649333333
296.266
302.682666667
293.1115
294.7215
305.664
292.49
293.32
303.66
292.3
290.63
303.25
291.44
290.11
301.78
289.341
289.97
299.186
290.63
289.83
301.27
289.92
289.17
301.44
289.76
288.45
301.04
289.39
288.24
299.89
289.25
288.34
297.93
289.5
288.45
297.51
289.3
289.11
297.53
289.83
291.12
298.01
290.535
292.57
297.2565
291.24
294.02
298.3
292.38
296.76
300.11
294.41
296.04
313.2
294.19
299.36
305.8
294.41
300.1
307.25
297.46
299.55
313.71
294.9
299.13
306.33
295.41
298.03
305.01
295.96
299.34
308.81
294.9
297.09
302.98
293.25
293.94
301.72
291.95
292.02
301.07
291.1
290.78
301.0
290.73
289.59
300.6
290.09
288.98
299.82
288.684
288.354
298.599
288.5724
288.3464
298.2104
286.950666667
287.617333333
296.850666667
286.623333333
287.506666667
296.323333333
287.7075
288.0575
299.3825
286.909666667
287.726333333
297.659666667
287.523333333
288.056666667
299.523333333
288.891
288.966
300.916
289.253333333
289.103333333
302.936666667
290.369666667
289.819666667
304.486333333
289.515
290.64
304.39
291.288333333
291.321666667
306.488333333
291.090666667
292.107333333
306.940666667
291.609
292.559
306.084
291.172666667
293.456
306.972666667
291.452333333
294.019
306.552333333
290.4445
291.9945
304.5695
291.153333333
293.42
304.67
290.574666667
292.258
303.208
289.4685
291.3685
302.4685
289.065666667
290.115666667
300.765666667
288.135333333
289.135333333
299.785333333
288.1195
288.9195
299.1445
286.884333333
287.684333333
298.051
286.563666667
287.213666667
297.297
286.7625
287.2625
296.7125
286.268666667
286.618666667
295.902
286.294333333
286.494333333
295.261
286.84075
287.86575
298.02575
287.04
288.24
298.52
287.82
288.04
300.19
288.04
288.62
302.99
289.04
289.24
305.1
289.58
289.92
307.35
290.85
290.24
308.96
292.08
291.24
310.21
292.81
292.31
310.66
293.59
292.58
311.49
293.52
292.87
310.83
293.98
294.17
309.72
294.51
293.34
308.66
293.38
293.45
307.04
292.98
292.78
305.82
291.96
291.66
304.92
291.26
291.04
304.06
290.64
290.92
303.19
289.73
290.59
302.15
289.54
290.04
301.35
289.78
290.06
300.43
288.925
289.8
299.605
288.07
289.54
298.78
288.03
289.48
298.33
287.535
289.63
298.695
287.04
289.78
299.06
287.4555
288.8505
299.7655
287.974
288.587333333
300.080666667
288.441
287.991
300.591
289.9
289.38
307.45
290.215
289.945
308.255
290.53
290.51
309.06
290.89
291.31
309.91
290.985
291.67
310.07
291.08
292.03
310.23
291.48
291.75
309.66
290.52
291.265
307.96
290.55
290.78
306.26
290.6395
290.5545
304.47
291.116
289.792666667
303.819333333
291.399
289.299
302.599
289.959
289.109
300.109
289.959
289.91
303.15
289.959
289.39
302.15
