275.54
276.6
280.71
275.35
276.48
281.08
274.96
276.26
281.22
275.33
276.26
281.15
274.29
276.04
281.54
274.83
276.04
281.52
274.57
275.82
282.07
275.42
275.6
282.43
276.13
275.61
282.65
276.27
275.37
283.41
274.99
274.7
283.77
274.65
274.71
284.21
275.29
274.82
284.35
275.01
274.82
284.36
273.86
275.15
284.48
273.48
275.02
284.4
274.33
274.93
285.01
274.31
275.04
285.42
273.87
275.04
285.48
271.99
274.92
285.75
271.8
274.7
286.15
271.36
274.47
286.21
271.97
274.35
286.65
272.14
274.36
286.41
272.32
274.25
287.01
272.95
274.04
286.86
273.32
274.24
286.75
272.96
273.91
286.87
273.56
273.92
288.73
274.11
274.39
290.07
273.46
274.25
292.27
273.98
275.03
294.07
274.3
275.46
295.35
276.1
276.04
295.59
276.4
276.15
295.44
276.56
276.05
295.49
275.57
275.52
294.69
274.85
275.14
294.14
273.71
275.28
294.09
273.58
274.7
294.08
273.45
274.25
293.96
272.81
274.03
294.08
272.6
273.65
293.9
272.11
274.14
294.02
271.55
273.69
293.87
272.72
273.92
293.34
273.29
273.92
293.28
273.07
274.01
293.02
273.05
273.24
293.15
273.28
272.68
293.28
273.53
272.12
293.22
272.94
272.03
294.02
272.26
271.79
294.36
272.11
271.79
295.96
273.25
272.67
296.61
273.97
274.13
297.21
274.55
275.57
297.58
274.97
276.25
298.01
273.85
276.82
298.72
273.86
276.71
298.59
273.3
276.48
298.1
272.3
275.27
297.22
271.88
275.02
296.62
271.49
274.51
296.15
271.15
273.69
295.15
270.49
273.76
295.09
270.48
272.62
294.46
270.17
272.76
294.36
270.17
272.76
293.83
270.36
273.12
293.58
269.97
272.75
293.28
270.16
272.99
293.35
270.37
272.73
293.22
270.56
273.1
293.15
270.52
272.6
292.87
271.22
272.89
292.34
271.21
273.27
292.46
272.29
273.77
292.48
272.84
274.89
293.01
274.12
275.36
293.8
274.42
276.75
294.75
274.57
277.41
294.88
274.97
276.86
295.02
275.0
277.44
294.76
274.57
277.53
293.48
274.29
277.03
291.68
274.28
277.01
290.21
274.31
276.28
290.21
276.33
277.04
289.94
276.33
277.04
289.14
276.16
277.16
289.2
274.31
277.52
288.14
274.13
278.58
286.08
274.13
277.77
286.0
269.72
277.64
285.07
269.82
277.64
284.35
270.67
277.51
284.0
271.0
277.89
283.48
270.68
277.76
283.14
274.43
277.77
283.42
274.57
277.89
283.94
275.47
277.64
286.28
276.25
277.28
287.0
277.97
278.48
290.61
279.27
279.26
291.47
278.43
279.48
292.79
278.3
278.6
294.29
278.88
278.14
294.09
278.03
278.26
293.16
277.16
277.89
290.36
276.59
277.25
289.52
276.65
277.38
288.9
275.3
276.76
288.27
275.49
276.63
287.66
275.34
276.7
287.15
275.76
276.4
286.96
274.95
276.26
287.58
274.96
276.14
288.02
274.15
276.01
288.34
274.37
275.89
288.79
274.54
275.56
289.65
274.95
275.99
290.01
275.54
276.27
290.28
274.64
276.13
290.89
275.27
275.76
292.35
275.69
275.86
294.45
276.67
277.1
296.5
277.38
278.25
298.02
277.7
280.0
299.35
278.55
280.78
300.22
278.7
281.27
300.49
278.85
281.16
299.79
278.28
280.27
298.5
277.56
279.38
294.36
276.84
278.15
291.86
276.96
276.77
289.28
277.13
276.92
287.77
276.64
276.36
287.41
276.66
276.58
286.46
275.34
276.35
286.33
275.14
276.8
286.15
270.84
276.9
285.84
270.65
277.69
284.81
270.98
277.69
284.62
270.82
276.53
284.48
271.25
277.02
283.75
270.56
276.77
283.08
274.68
276.68
282.7
275.03
276.78
283.94
276.54
277.11
285.14
277.04
278.15
286.71
277.44
278.35
287.08
277.96
278.52
287.77
278.29
279.77
287.84
278.14
279.55
287.58
277.98
280.63
286.22
278.01
280.6
284.4
277.01
280.27
284.23
276.58
279.7
283.09
276.13
279.02
282.28
275.64
279.04
281.46
274.8
279.03
281.28
273.66
278.78
280.82
273.37
278.16
280.42
272.77
277.83
280.02
273.36
277.67
279.27
273.54
277.16
278.75
274.37
277.03
278.42
274.76
276.14
277.82
274.98
275.91
276.84
274.74
276.27
276.86
274.67
275.58
277.63
274.42
274.8
280.99
275.75
275.47
283.7
276.99
276.45
285.09
278.41
277.58
286.37
279.1
278.69
285.89
279.25
279.03
285.43
279.4
279.6
284.16
279.08
279.15
282.51
278.64
278.6
282.53
277.47
276.92
282.28
276.45
276.48
282.21
275.31
275.91
282.29
274.81
273.9
282.15
274.79
272.36
282.46
274.29
272.13
282.46
273.99
272.23
282.77
273.56
271.8
283.08
273.56
271.78
283.15
273.35
272.02
283.15
272.36
271.45
283.01
271.97
271.47
282.65
272.18
272.39
282.55
272.36
272.52
282.41
272.33
271.81
283.14
273.01
272.52
284.89
273.84
272.13
287.2
274.28
272.68
289.27
274.7
273.58
291.48
275.12
274.36
293.22
275.29
274.78
294.72
275.71
275.26
295.44
275.44
275.6
295.1
274.75
275.93
293.37
274.32
275.93
289.8
274.47
275.78
288.12
274.73
275.64
286.87
273.48
275.58
285.35
273.99
275.36
284.21
273.84
275.5
282.88
273.54
275.39
281.83
273.35
275.26
281.28
273.54
274.77
280.94
273.74
273.81
280.71
273.94
273.77
280.2
274.14
273.77
280.87
274.13
273.26
280.68
273.73
273.65
280.74
273.98
273.51
281.27
273.86
273.64
282.08
274.15
273.77
283.08
274.58
273.36
284.84
274.99
274.26
286.15
275.41
274.9
288.53
275.55
275.02
289.83
275.41
275.25
291.49
275.13
275.37
291.35
274.43
275.15
290.59
273.44
274.6
289.22
273.01
274.37
287.89
273.14
274.02
287.47
272.47
273.49
288.07
271.95
273.59
288.28
271.79
273.7
288.52
271.55
273.71
288.77
271.35
273.9
289.4
270.76
273.78
289.9
270.75
273.52
289.94
270.36
272.71
289.52
270.16
272.15
286.93
270.55
272.66
286.4
270.55
272.29
286.15
269.94
272.53
286.22
269.41
272.04
287.14
269.55
272.03
289.7
269.84
272.37
291.68
270.71
272.8
291.93
272.15
274.15
293.95
272.29
274.59
294.95
272.45
274.93
295.15
272.6
275.26
294.69
272.46
274.6
293.16
271.88
272.93
290.45
271.3
272.26
288.58
270.31
271.37
288.33
269.81
271.29
288.81
269.31
271.28
288.68
268.64
270.25
288.4
269.16
270.15
288.4
268.97
269.79
287.9
268.97
269.53
286.96
268.15
269.1
286.22
264.47
268.42
285.71
264.54
268.21
285.42
265.04
268.1
284.47
264.39
268.58
283.61
266.65
269.64
283.33
267.28
268.79
283.65
267.7
269.64
282.21
267.98
270.57
283.08
269.14
271.59
282.73
270.02
272.7
282.23
271.02
273.69
281.29
271.31
273.93
280.29
271.31
273.82
279.65
270.75
273.38
279.3
270.75
272.27
278.58
269.45
271.91
278.02
269.0
271.65
277.22
268.66
271.04
276.95
268.32
270.9
276.68
267.65
270.15
276.35
265.21
270.16
275.79
264.89
269.48
275.29
264.82
269.25
274.93
264.6
269.8
273.95
264.55
269.79
273.72
264.67
269.8
273.51
264.56
270.05
272.9
264.39
270.29
272.66
264.94
270.53
272.52
268.87
270.69
273.48
269.15
271.19
273.87
269.41
272.28
274.15
270.85
273.37
274.94
272.04
273.93
275.21
273.02
275.6
275.58
273.61
276.06
276.15
273.62
276.16
276.65
273.48
275.15
275.84
272.18
274.88
275.37
270.89
274.05
274.65
271.01
273.05
273.9
270.17
272.79
274.46
269.32
271.59
274.75
269.49
271.67
274.55
268.79
270.79
273.78
264.52
268.88
273.72
263.96
268.22
273.47
264.37
267.88
273.96
263.69
267.09
274.09
263.74
266.77
273.97
263.61
266.3
273.9
264.0
265.53
274.28
264.12
264.97
275.15
264.13
265.55
276.21
264.53
266.84
276.21
265.43
268.52
276.07
267.18
271.0
276.68
268.13
272.9
276.46
269.08
274.24
275.95
271.47
275.03
275.89
271.46
275.37
275.09
270.63
275.39
274.09
267.26
272.96
272.36
266.59
270.25
272.08
265.72
269.58
271.42
265.72
268.9
271.15
265.54
268.45
270.48
265.72
268.01
270.01
265.33
267.76
269.86
265.58
267.99
269.86
265.61
268.09
269.68
265.88
267.33
269.88
265.83
266.43
269.82
265.49
266.43
269.72
265.12
265.98
269.22
264.89
265.99
268.51
265.89
265.99
267.87
269.92
265.44
267.68
270.48
266.7
268.35
271.05
268.53
269.0
272.13
271.12
269.23
273.15
273.0
268.87
273.72
274.46
267.89
274.14
275.63
267.75
274.29
277.04
267.9
273.74
276.5
267.42
272.49
275.4
266.95
271.36
273.14
266.68
271.33
270.92
266.36
271.41
269.92
266.22
267.21
269.99
265.79
267.37
269.54
265.8
265.88
268.32
265.51
265.53
268.66
265.01
265.29
268.42
264.58
265.39
268.31
264.08
264.41
267.74
263.71
264.9
267.72
263.67
264.17
267.72
263.44
263.9
267.82
263.21
263.41
268.29
264.14
267.03
269.9
266.91
267.74
272.25
270.15
270.14
272.87
270.93
271.58
274.38
272.01
273.02
275.13
274.02
273.73
275.77
275.15
273.99
276.14
276.03
274.17
276.15
276.16
273.61
275.65
275.41
272.9
275.02
274.16
272.31
274.65
272.28
272.2
273.7
271.22
272.47
273.81
269.77
271.54
273.79
269.59
271.69
274.24
268.71
272.01
274.24
268.89
272.79
274.24
268.71
272.98
274.25
268.14
272.75
273.8
268.27
272.99
274.02
268.16
272.59
273.91
267.47
272.57
274.68
267.59
272.58
274.91
267.45
273.0
274.78
269.4
273.01
275.0
272.01
273.55
275.57
274.64
274.41
276.88
277.01
275.4
276.44
279.65
277.09
276.37
280.09
275.98
276.53
281.02
275.55
276.14
281.55
275.27
276.47
281.55
274.82
276.36
280.85
274.15
276.14
279.36
273.41
275.92
278.28
274.13
275.7
277.35
274.46
275.59
276.65
274.61
276.15
276.59
274.78
276.15
276.01
274.73
276.7
275.59
274.74
277.49
275.28
275.7
277.82
275.34
275.68
278.15
275.34
275.9
277.92
275.16
275.28
277.47
275.02
276.14
276.35
275.08
275.95
276.02
275.68
275.81
275.34
276.87
274.14
276.15
279.67
273.94
276.25
282.0
275.11
276.26
286.08
276.13
276.59
287.81
277.25
276.69
289.79
278.1
276.64
291.15
278.24
277.37
292.22
277.96
277.38
292.47
278.77
277.15
291.76
277.28
276.82
290.8
276.48
276.52
290.16
275.46
276.01
289.88
274.78
274.91
289.87
274.27
274.36
289.42
274.1
274.38
289.21
274.29
274.25
289.08
274.5
274.25
288.77
275.49
274.27
288.7
274.9
274.27
289.15
274.71
274.27
289.21
274.11
274.7
289.22
273.5
274.8
288.68
273.31
274.92
288.58
273.29
275.03
288.95
273.29
275.25
290.0
271.98
275.48
292.89
272.39
275.36
294.87
272.83
275.81
296.02
273.68
276.14
297.34
272.31
276.37
298.21
272.82
276.7
297.9
273.0
276.02
297.47
272.99
275.71
295.98
272.49
275.27
292.24
271.81
274.59
290.82
272.29
273.93
288.77
270.73
273.94
289.14
270.15
273.94
289.64
269.95
273.5
288.6
270.92
272.93
288.8
270.92
272.61
288.94
270.72
272.67
289.01
270.32
272.41
289.08
270.32
272.41
288.96
270.32
272.17
288.78
269.94
271.94
289.43
269.94
272.16
289.14
269.12
272.28
289.87
269.55
272.27
290.89
268.84
271.89
293.2
268.69
271.8
294.64
269.72
272.47
295.96
270.86
272.91
297.29
271.72
273.47
298.08
272.3
273.8
298.53
272.45
273.92
298.41
272.04
273.8
297.03
271.34
273.39
296.15
270.17
273.03
295.42
270.01
271.47
294.79
269.5
271.87
294.22
268.33
270.8
293.55
268.17
270.36
293.15
267.9
270.48
293.14
267.34
270.17
293.14
266.94
269.61
293.02
266.51
269.54
293.54
265.74
269.53
293.68
265.73
268.92
293.02
265.74
268.35
292.46
265.52
268.38
292.0
265.3
267.45
292.0
264.69
267.23
294.14
265.39
268.32
295.54
266.8
270.09
296.41
268.26
272.67
296.35
270.95
274.5
295.8
271.97
275.14
295.05
271.15
276.04
293.7
272.54
276.37
292.33
271.02
276.38
288.95
269.89
274.73
286.37
268.44
272.92
285.34
269.31
271.14
282.52
269.0
270.4
282.15
268.3
269.89
281.62
267.97
270.22
281.15
267.71
269.46
281.22
267.72
269.45
281.34
267.31
269.35
282.14
266.51
268.9
282.22
266.91
268.78
282.61
266.92
268.45
282.15
267.12
268.21
281.9
266.92
268.33
281.79
267.33
268.66
282.01
267.28
268.33
282.21
267.85
269.21
282.68
268.41
270.66
282.09
269.56
272.33
280.86
270.56
273.69
280.72
271.57
275.01
280.34
272.16
275.26
280.48
272.02
275.49
280.21
272.16
275.16
279.79
271.74
274.7
278.75
271.31
274.77
278.5
270.99
273.58
277.9
270.99
274.01
277.94
270.33
273.12
277.87
270.14
272.78
277.74
269.91
272.56
277.74
269.73
272.22
277.48
268.92
271.69
277.48
268.72
270.88
277.48
268.53
270.34
277.41
268.11
269.56
277.22
267.71
269.0
277.02
267.51
269.12
276.79
267.59
268.77
277.01
268.42
268.63
277.14
268.68
269.43
277.65
269.97
271.68
278.14
271.84
273.7
278.54
273.55
275.98
279.08
274.86
276.75
279.21
275.14
277.76
279.41
275.43
278.53
279.54
274.88
278.29
279.41
273.59
277.06
279.21
272.72
274.45
279.38
271.65
272.48
279.48
272.12
272.1
279.58
271.29
271.97
279.68
271.28
272.09
279.75
271.3
272.35
279.82
271.51
271.72
279.79
272.3
270.98
279.72
271.91
270.26
279.8
272.12
271.09
279.8
272.1
270.85
280.07
270.74
270.27
280.14
270.73
269.49
280.22
270.64
269.0
280.36
271.28
269.1
280.91
271.83
269.48
281.68
272.4
271.71
282.53
273.84
273.98
283.41
274.86
275.75
284.54
275.87
276.63
286.2
276.58
277.89
287.76
276.59
278.52
288.66
276.18
278.4
289.68
274.76
277.55
290.76
273.75
274.05
291.15
273.49
273.01
290.3
273.13
272.14
286.15
273.3
271.74
285.14
272.96
272.09
284.92
273.11
273.1
284.78
273.13
273.61
284.91
273.53
273.13
284.22
273.52
272.63
283.51
273.32
272.36
283.08
273.73
271.37
282.68
273.33
271.36
282.42
273.71
270.98
282.21
273.97
270.98
281.99
274.14
270.55
282.86
274.14
271.95
285.07
275.13
273.58
286.93
275.42
275.33
289.06
276.3
276.71
290.28
276.44
278.6
291.08
277.29
279.74
291.15
277.15
280.01
290.88
277.15
280.14
290.16
276.73
279.9
287.73
276.29
279.55
286.01
276.32
279.1
284.93
275.3
279.24
284.22
275.43
279.12
283.82
275.32
278.73
283.61
274.78
278.26
283.0
274.93
278.24
282.78
274.92
278.49
282.01
275.08
277.98
281.55
275.59
277.99
280.88
275.53
277.64
280.34
275.61
276.99
280.02
276.04
277.26
279.36
276.79
276.55
279.61
277.19
277.01
281.08
277.46
277.26
281.35
278.4
278.23
281.74
278.76
280.14
282.41
279.54
279.9
282.82
279.6
279.9
283.02
279.9
279.29
283.0
279.73
278.9
283.01
279.23
279.0
282.73
279.0
279.44
281.92
278.7
280.56
281.44
278.72
280.81
281.36
278.55
280.92
281.44
278.59
281.84
281.58
278.63
282.21
281.44
278.18
281.68
281.43
278.19
281.81
281.44
278.6
281.92
281.44
278.33
281.81
281.44
278.22
281.56
281.58
277.29
281.82
281.58
277.33
281.29
281.62
277.08
281.67
281.29
277.65
281.3
281.43
277.02
281.8
281.75
277.84
282.05
282.15
278.27
282.8
282.55
278.85
283.17
282.44
280.85
284.42
282.88
282.43
285.06
283.42
283.0
284.71
283.95
282.87
284.58
284.35
281.69
283.83
284.42
279.21
283.45
284.22
278.68
282.55
284.08
278.64
282.04
284.02
278.16
281.8
283.61
278.11
281.42
283.29
278.03
281.42
283.0
277.83
281.02
282.85
277.4
280.39
282.54
276.93
280.15
282.5
277.19
279.77
281.99
276.79
279.89
282.07
277.16
279.14
282.29
276.78
279.4
282.41
276.4
279.25
282.51
276.9
280.0
282.65
276.52
279.9
283.08
276.5
280.39
283.88
278.39
281.51
285.35
279.26
282.03
287.2
279.99
282.01
289.08
280.26
282.02
290.82
281.14
281.78
291.47
280.85
281.28
291.66
280.13
281.28
290.7
279.3
281.53
288.98
278.85
281.53
287.53
278.96
281.02
286.75
278.81
280.53
286.28
278.63
279.76
286.03
277.95
279.42
285.88
276.39
278.51
285.46
276.11
277.66
285.15
275.86
276.39
284.65
275.78
275.92
284.28
274.91
274.99
284.29
275.05
274.8
283.62
274.37
275.0
283.21
274.33
275.5
283.35
275.64
275.24
283.95
274.72
275.5
286.01
274.99
277.06
289.41
275.85
278.39
291.87
277.12
279.53
294.14
278.03
280.73
295.22
279.06
281.11
296.55
279.44
281.61
296.71
279.59
282.01
296.47
278.89
281.86
295.37
278.17
281.4
292.44
277.59
280.38
290.21
278.16
280.13
289.08
278.16
279.37
287.83
277.84
278.99
287.33
277.98
278.11
287.14
275.52
277.98
286.02
275.73
277.75
285.48
275.37
277.62
284.02
275.55
277.21
283.01
275.04
277.37
281.94
274.91
277.37
282.33
274.85
277.25
282.7
274.97
276.99
283.81
275.14
276.38
285.06
274.63
276.25
286.46
275.41
276.72
287.8
275.42
278.0
288.61
276.9
279.23
290.5
278.31
280.84
291.91
280.54
282.51
293.16
280.7
282.91
293.73
280.97
282.53
293.49
280.43
280.88
289.93
279.31
280.62
287.75
277.47
280.14
286.65
278.17
279.89
288.07
278.17
279.76
288.78
277.49
279.52
287.75
277.78
279.26
287.09
276.35
278.88
286.65
275.77
279.02
286.21
275.47
278.5
286.29
274.9
278.37
285.55
274.65
277.37
284.52
274.53
277.99
283.58
273.9
277.37
283.21
274.16
276.97
284.01
276.3
277.12
282.94
276.28
277.69
283.89
277.12
278.23
285.71
277.42
278.59
286.88
278.4
279.0
287.15
279.55
279.25
287.96
279.97
279.38
290.35
280.13
279.89
291.09
279.68
280.03
290.89
279.42
281.05
290.29
278.56
280.69
288.69
277.73
279.3
287.29
277.48
278.28
286.29
276.5
277.0
284.95
275.84
276.89
284.16
275.5
276.38
283.42
274.95
276.13
282.15
274.96
274.89
281.46
