289.1
291.28
294.22
291.38
293.01
294.89
294.49
294.77
295.38
294.03
295.18
295.69
294.97
296.16
295.55
294.88
296.7
295.33
295.63
296.73
294.3
295.57
296.24
291.64
294.13
295.42
288.44
292.07
293.38
286.81
289.94
291.98
285.92
288.18
290.83
285.06
287.86
289.8
284.39
287.4
289.25
283.46
286.75
288.59
282.7
286.13
287.64
282.03
285.4
286.81
281.63
285.52
286.25
281.19
285.2
285.9
281.33
284.77
285.41
282.55
284.87
286.35
284.5
285.84
288.64
286.47
288.13
290.35
287.99
289.6
292.85
288.75
292.41
294.92
290.18
293.65
296.72
291.51
295.51
297.88
292.06
296.53
298.42
293.15
297.21
298.89
293.56
298.02
299.25
293.59
297.23
298.74
292.75
298.09
298.94
291.36
296.04
298.6
290.1
294.64
296.68
288.82
292.54
294.46
287.61
290.46
292.42
286.97
289.6
291.71
285.59
289.34
290.96
284.96
288.58
290.36
284.38
287.78
288.83
284.07
287.7
287.78
283.54
286.63
285.58
283.8
285.98
284.73
283.5
285.35
284.3
285.19
285.93
285.82
287.41
287.33
289.75
290.56
289.86
292.25
293.12
291.06
294.53
294.16
294.36
295.79
295.08
294.27
298.09
296.38
294.98
299.34
297.4
296.76
300.42
297.88
296.72
301.67
298.37
297.11
301.87
297.72
297.21
301.45
296.99
296.97
300.44
295.83
296.0
298.78
294.85
295.02
296.13
293.91
293.31
293.35
293.05
290.8
291.47
292.06
290.25
290.07
291.58
289.52
289.26
291.44
287.93
288.18
290.54
287.07
286.5
289.87
286.34
285.54
289.22
285.52
284.06
288.09
285.17
283.98
287.38
284.69
283.98
289.85
285.28
284.3
293.42
286.02
284.84
295.84
287.98
285.28
298.22
289.55
286.17
299.56
290.88
287.16
300.52
290.62
288.26
301.61
292.12
290.81
302.53
292.2
291.81
302.91
292.35
293.31
302.95
292.23
293.99
302.36
292.6
294.41
301.63
292.67
293.54
299.58
292.77
293.35
298.44
291.29
291.32
296.73
289.89
288.85
295.72
287.71
287.61
294.65
287.32
285.58
293.68
286.55
284.76
293.08
285.89
284.2
292.21
285.63
283.79
291.62
285.03
283.92
291.22
284.55
284.02
291.22
284.48
284.08
291.08
283.61
283.9
292.21
284.02
284.23
293.46
284.68
284.35
295.2
286.45
284.91
297.74
288.3105
285.16
300.34
287.2
285.51
301.43
287.95
286.56
302.41
288.76
287.55
302.49
289.29
288.69
303.21
290.06
289.89
302.89
290.61
290.49
302.8
290.67
291.35
301.9
290.77
291.79
300.95
290.54
291.75
300.01
289.79
290.38
298.89
288.33
287.93
298.19
286.15
286.6
297.65
285.15
285.76
296.92
285.15
285.04
295.73
284.69
284.31
294.61
284.15
283.89
293.76
283.86
283.43
293.24
283.57
282.92
293.41
284.15
282.75
293.33
282.9215
282.73
293.73
283.84
283.2
294.17
284.86
283.51
294.62
286.45
283.91
295.07
288.79
284.9
294.75
289.95
284.73
294.4
292.69
285.91
294.11
292.89
288.23
292.95
293.15
289.87
292.74
292.98
291.62
293.3
294.11
292.98
293.54
295.0
293.85
293.69
293.99
293.85
293.34
293.33
293.34
292.84
291.77
291.83
292.64
289.28
289.23
292.62
288.35
287.57
292.66
287.31
286.26
292.57
286.67
285.47
292.28
285.91
284.69
292.17
285.43
284.09
292.03
284.92
283.44
291.77
284.49
283.01
291.49
284.04
282.39
291.3
283.73
282.03
291.46
284.35
282.53
291.69
286.5
284.76
292.26
287.95
286.97
293.48
289.63
289.27
295.12
291.5
290.8
296.51
291.89
293.13
298.3
292.59
295.17
299.48
295.14
296.76
299.96
295.25
297.6
299.89
295.08
298.03
299.6
295.04
298.26
299.01
293.76
297.66
298.05
293.06
296.19
297.16
292.51
294.34
296.33
291.01
292.02
295.2
289.35
290.71
294.24
288.12
289.3
293.31
287.47
288.32
292.47
286.9
287.42
291.68
286.36
286.75
291.02
286.31
286.03
290.33
286.57
285.77
289.4
286.64
285.66
288.81
286.8
285.58
289.34
287.23
285.63
291.48
287.28
286.37
293.4
288.39
287.69
295.21
290.35
289.6
296.3
291.64
291.69
297.44
293.18
293.23
298.3
293.58
295.34
299.16
294.29
297.05
299.83
295.33
298.11
299.8
295.6
299.04
299.73
294.07
299.58
299.02
292.01
299.23
297.84
290.89
297.61
296.06
290.08
295.38
293.94
289.38
293.26
292.82
288.46
291.71
292.25
288.12
290.44
291.81
287.95
289.61
291.31
287.97
289.01
290.5
287.51
288.8
289.83
287.25
289.13
289.01
287.31
289.34
288.06
287.32
288.37
287.34
287.25
287.82
287.97
287.06
287.61
289.93
286.94
287.87
291.93
287.14
288.29
293.73
287.33
288.6
294.9
287.95
289.53
295.95
288.39
290.43
297.02
289.07
290.79
297.12
289.75
293.3
299.0
290.31
293.58
299.69
290.99
293.6
299.42
290.18
293.06
298.2
285.822
291.67
296.67
287.88
290.8
294.24
289.15
289.15
292.47
288.65
288.36
291.8
288.15
287.83
291.33
287.27
287.37
290.28
287.64
287.0
290.09
287.47
286.59
289.57
287.12
286.3
289.39
286.77
285.98
288.78
285.24
286.13
288.19
285.58
286.13
287.65
285.545
286.21
290.07
285.51
286.35
292.66
285.93
286.78
295.39
287.16
287.47
298.08
287.61
288.14
299.44
288.72
289.06
300.86
288.69
290.6
302.58
289.4
289.49
303.26
287.28
288.47
303.57
287.39
288.63
303.96
286.95
287.87
303.6
287.77
286.09
302.53
286.89
286.55
301.39
286.09
286.06
299.51
285.86
285.4
298.0
284.19
283.76
296.77
284.58
283.06
296.23
284.15
282.46
295.44
284.15
281.69
294.76
284.15
281.54
293.82
284.15
281.52
293.2
283.5
281.18
292.53
283.51
281.21
291.64
283.52
281.02
291.1
283.35
281.07
292.4
283.3
281.74
294.22
284.82
283.28
297.4
284.635
284.5
299.51
284.45
285.22
300.55
285.35
285.99
301.97
286.46
287.21
303.07
286.98
288.07
303.52
288.0
289.04
303.62
288.61
289.93
303.39
289.19
290.27
302.97
289.15
290.3
301.86
289.31
290.34
300.78
288.59
289.61
299.73
287.55
288.28
298.31
286.47
286.94
297.35
285.46
285.32
296.51
285.2
283.96
296.23
284.57
283.11
295.76
283.96
282.27
295.58
283.73
281.66
295.28
283.39
281.02
294.97
283.36
280.75
294.77
283.29
280.66
294.63
283.18
280.39
294.25
283.27
280.91
294.0
283.81
282.52
294.83
285.08
284.68
296.8
286.34
286.37
297.85
288.3
287.93
297.94
288.53
289.37
297.12
290.15
290.56
296.12
290.57
290.48
295.36
291.01
290.0
295.02
291.37
288.68
294.77
290.87
287.0
294.71
290.6
285.77
294.72
289.7
285.42
294.46
288.54
284.96
293.8
286.96
284.65
292.49
285.8
284.47
290.69
285.17
284.44
290.26
284.83
284.29
290.13
284.67
284.24
290.08
284.5
284.23
290.04
284.21
284.77
290.43
283.97
284.77
290.43
283.755
284.5
290.78
283.54
284.39
291.07
284.61
284.7
291.92
285.37
285.48
292.57
286.9685
287.3
293.26
289.26
288.39
294.42
286.72
289.2
297.17
287.69
290.11
298.15
287.8485
288.8335
299.205
290.59
291.76
300.26
289.53
292.86
300.61
291.68
293.45
300.58
292.39
293.32
300.22
292.56
293.12
299.51
290.63
291.83
298.36
288.71
290.62
297.56
287.72
288.91
296.99
287.01
287.49
296.44
285.98
286.36
295.82
284.95
285.89
295.71
286.15
285.56
295.91
285.72
285.21
295.95
285.15
284.95
295.75
285.15
284.48
295.67
284.58
284.42
295.79
284.68
284.48
296.08
285.93
284.45
296.61
288.71
284.51
297.87
287.21
285.16
299.19
288.63
285.97
300.55
288.82
286.71
302.28
286.7905
287.8
303.86
289.06
288.13
304.89
287.74
288.82
305.49
286.42
289.45
305.51
287.88
290.03
304.48
287.33
289.86
303.41
287.33
289.59
302.91
286.17
288.93
302.36
285.65
287.89
302.32
285.49
286.94
301.79
285.095
285.67
300.91
284.7
284.99
299.83
284.77
284.21
298.95
285.15
283.99
298.22
285.15
283.76
297.37
285.15
283.7
296.91
283.0405
283.46
296.22
284.15
283.67
296.1
284.83
283.74
295.87
284.48
283.98
297.2
284.94
284.45
299.16
284.93
285.24
300.91
284.92
285.71
302.68
285.38
286.21
304.26
285.48
286.98
305.37
286.55
287.69
306.4
287.2
288.64
306.74
287.35
288.61
306.89
287.71
288.69
306.26
287.39
288.94
305.06
288.12
288.91
303.83
288.05
288.79
303.01
287.49
287.63
302.09
286.47
286.9
301.23
285.3
286.63
300.48
284.82
285.93
299.6
284.74
285.57
298.75
284.51
285.21
297.69
284.22
284.59
297.15
283.96
284.57
296.37
284.09
284.34
295.54
284.11
284.26
295.01
284.42
284.04
295.45
284.4
284.13
296.4
284.78
284.47
297.54
285.57
284.98
299.26
286.44
285.57
301.08
287.24
286.17
302.2
287.06
286.44
302.69
287.29
288.41
304.36
287.87
288.375
304.27
288.28
288.34
304.24
289.02
289.12
304.43
289.16
290.36
304.22
289.98
290.15
303.55
289.39
289.87
302.67
288.86
288.85
301.93
287.36
287.39
301.15
286.1
286.15
300.2
285.07
284.79
299.25
284.61
284.03
298.39
283.88
283.37
297.39
283.13
282.86
297.07
282.77
282.35
296.95
282.37
282.01
296.9
282.12
282.16
296.78
281.65
282.66
297.08
282.26
282.81
297.83
283.91
283.4
299.13
285.32
284.28
300.28
286.34
285.15
301.59
287.44
286.22
302.69
288.67
287.15
303.77
289.96
288.37
304.46
290.5
290.02
304.83
290.44
291.07
304.97
290.05
291.97
304.29
290.17
292.13
303.27
290.0
291.4
302.12
288.92
290.44
301.68
288.37
288.39
301.46
286.98
286.63
301.13
286.33
285.64
300.76
285.32
285.0
300.21
284.85
284.56
299.42
284.48
283.88
298.62
283.88
283.21
297.95
283.49
282.52
297.54
283.24
281.83
297.36
283.06
281.22
297.24
282.54
280.86
297.29
282.24
280.75
297.83
282.03
280.87
298.65
281.99
281.09
299.67
282.44
281.55
300.19
282.98
282.24
300.35
283.28
283.43
300.07
283.37
284.19
293.11
283.44
285.37
290.27
283.56
285.33
289.89
283.5
285.64
289.91
283.42
285.84
290.17
283.53
285.55
290.42
283.58
284.68
290.25
283.22
284.0
290.23
282.89
282.89
290.1
282.82
282.36
289.55
282.65
281.96
288.69
282.5
281.59
288.17
282.35
281.34
287.55
282.22
281.15
287.03
282.06
281.02
286.59
282.1
280.92
286.3
281.83
280.59
286.5
281.66
280.38
288.09
281.75
280.1
289.39
282.4
279.99
291.13
283.69
279.97
294.09
284.43
280.34
296.94
285.7
280.61
298.69
286.1
281.09
300.32
286.76
281.72
301.87
287.61
282.53
302.52
287.74
283.37
302.82
287.73
283.45
302.72
288.08
283.77
302.11
287.7
283.98
300.44
287.37
283.74
298.69
286.66
283.06
297.13
285.74
282.32
295.95
284.1
281.83
295.11
282.77
281.22
294.6
282.03
280.56
294.63
281.68
280.36
294.72
281.38
280.22
294.61
281.22
280.45
294.48
280.91
280.37
294.57
280.6
280.26
295.05
280.0
280.07
295.72
280.59
280.22
297.01
282.07
280.87
298.41
283.95
281.84
299.07
285.33
283.21
299.03
285.96
284.48
299.63
287.12
285.52
301.19
287.68
285.62
302.53
288.23
284.78
303.33
288.77
283.99
303.38
288.69
283.42
302.87
288.63
283.5
302.1
288.62
283.85
301.25
287.61
284.01
300.37
286.81
283.56
299.54
285.18
282.87
299.17
284.24
282.2
298.87
283.4
281.95
298.56
282.65
281.62
298.17
281.88
281.21
297.41
281.29
281.07
296.95
280.82
280.92
296.53
280.78
280.82
296.23
280.31
280.76
295.92
280.2
280.87
296.51
281.93
281.33
297.66
282.69
282.18
298.83
284.38
283.37
299.85
285.9
284.41
300.64
286.78
285.3
301.66
287.52
286.6
302.13
288.42
286.76
302.48
289.2
287.43
302.72
289.67
288.85
301.53
290.15
289.43
300.97
289.91
289.69
300.44
290.1
289.15
299.71
289.39
288.1
297.08
288.43
286.9
294.3
287.07
285.62
293.46
285.83
284.91
293.27
284.82
284.36
293.07
283.91
283.84
292.99
283.53
283.52
292.99
282.96
283.3
292.83
282.32
283.14
292.8
281.91
282.98
292.82
281.92
282.79
292.9
282.5
282.65
293.41
283.4
282.74
294.46
283.9
283.21
295.31
284.41
284.09
296.31
284.73
284.93
298.17
285.22
286.03
299.76
286.52
287.04
300.81
286.84
288.31
301.4
287.37
289.16
301.43
287.72
289.86
299.94
288.54
289.95
295.38
289.46
289.69
294.62
289.21
289.18
294.66
288.84
288.58
294.53
288.28
287.81
294.38
287.26
286.69
294.35
285.31
285.91
294.44
284.7
284.92
294.96
284.08
284.01
295.15
283.77
283.48
295.29
283.74
283.24
295.24
283.67
283.17
295.16
283.47
283.07
295.11
283.53
282.96
295.17
283.21
282.92
295.36
283.1
283.08
295.9
283.69
283.45
296.78
284.43
283.85
297.87
285.1
284.38
299.32
285.92
285.43
300.62
286.42
286.94
301.59
287.01
287.6
302.51
287.54
288.18
303.09
288.2
289.55
303.22
288.54
290.04
303.4
288.25
289.67
302.82
288.27
289.55
302.11
288.33
289.12
300.78
287.83
288.02
300.08
286.91
286.91
299.64
286.27
286.14
299.08
285.88
285.6
298.42
285.4
285.09
297.81
285.23
284.81
297.36
284.95
284.52
296.8
284.8
284.08
296.04
284.76
283.35
295.43
284.725
283.275
295.6
284.69
283.2
295.77
284.88
283.61
296.54
285.35
284.23
297.23
285.52
284.59
297.69
286.37
285.46
299.33
288.15
286.81
299.84
288.35
287.22
300.57
288.71
287.52
301.32
288.17
287.49
302.01
287.75
287.42
302.52
286.87
287.38
302.87
286.25
287.61
302.76
286.43
287.59
302.11
285.95
287.01
301.17
285.76
286.52
300.56
285.72
286.07
299.94
285.54
285.75
299.47
285.42
285.51
298.93
285.37
285.25
298.32
284.0075
284.875
297.335
285.21
284.5
296.35
285.04
284.12
296.01
284.78
283.9
295.63
284.6
283.83
295.68
284.36
283.82
296.01
284.32
284.06
296.99
284.12
284.46
298.37
284.25
285.11
299.29
284.34
285.99
300.3
284.68
286.91
300.97
285.1
287.4
301.54
285.94
287.17
302.07
286.2
287.8
302.28
286.0
288.9
302.24
285.94
288.88
302.1
286.35
288.31
301.96
286.13
287.72
301.31
286.32
287.36
300.49
285.65
286.89
299.88
285.17
286.16
299.56
284.65
285.49
298.9
284.57
284.88
298.18
284.29
284.54
297.85
284.18
284.28
297.37
284.14
283.97
296.98
284.18
283.6
296.71
283.94
283.4
296.57
283.55
283.16
296.5
283.57
282.89
296.59
284.22
282.83
296.95
284.74
283.24
297.42
284.53
284.11
298.08
285.85
285.92
298.53
286.27
285.87
298.95
285.56
286.7
299.3
286.34
286.58
300.07
286.5
287.19
301.27
285.94
286.82
301.55
286.1
286.97
300.81
286.02
286.55
298.38
285.73
285.94
296.05
285.23
285.56
296.05
284.7
285.03
296.47
284.44
284.34
296.93
284.28
284.17
296.9
284.19
284.0
296.75
283.79
283.77
296.66
283.58
283.5
296.55
283.45
283.05
296.55
283.3
282.62
296.57
283.17
282.28
296.61
282.85
282.12
296.69
282.45
282.23
297.13
283.37
282.68
297.73
283.9
283.34
299.04
284.54
284.1
300.34
284.94
285.24
301.18
285.26
286.72
301.45
285.71
287.85
301.54
286.24
288.19
302.4
286.38
288.21
303.75
286.89
288.66
304.15
287.46
288.63
304.25
287.44
288.08
303.87
286.73
287.54
303.2
286.24
287.15
302.26
285.98
286.58
301.61
285.15
285.8
301.01
284.62
285.15
300.48
284.2
284.45
299.76
283.9
283.85
299.24
283.65
283.39
298.67
283.33
283.29
298.34
283.12
283.18
298.3
283.33
283.1
298.24
283.36
282.97
298.23
283.49
282.98
298.22
283.66
283.33
298.63
284.05
284.11
299.55
284.8
285.26
300.78
285.31
286.02
301.37
286.45
287.2
302.08
287.33
288.34
303.24
288.27
289.13
304.28
289.59
289.63
305.0
290.35
290.37
305.39
290.35
290.91
305.33
290.62
291.22
304.68
291.25
291.36
303.93
290.54
291.07
302.97
289.53
290.12
302.25
287.69
288.17
301.75
286.28
286.03
301.32
284.72
285.04
300.71
284.33
284.16
299.96
284.23
283.57
299.14
284.5
283.48
298.91
284.32
283.56
298.8
284.21
283.59
298.57
284.26
283.44
298.51
284.18
283.45
298.7
284.22
283.84
298.94
285.04
284.97
299.46
285.55
286.57
300.02
286.23
288.24
301.44
286.83
289.85
303.01
287.93
291.46
301.16
289.82
292.5
300.58
290.68
293.35
300.8
290.87
293.94
300.96
290.95
294.26
300.55
291.31
293.76
299.93
291.61
292.94
299.13
290.48
291.98
298.72
289.83
290.64
298.35
287.87
289.05
297.94
286.52
288.04
297.31
286.24
287.5
296.67
285.75
287.05
295.97
285.31
286.5
295.62
285.26
286.21
294.84
284.83
285.8
293.78
284.46
285.19
292.76
283.68
284.76
292.25
283.33
284.51
292.75
283.78
284.63
294.77
284.65
285.16
296.61
286.3
286.03
297.75
287.04
287.16
298.67
288.35
288.65
299.45
289.06
289.75
300.1
290.32
290.45
300.67
291.28
291.21
301.29
291.56
291.88
301.33
292.14
292.64
301.09
292.94
292.87
300.24
292.73
292.93
299.08
292.2
292.72
297.52
291.0
291.83
296.05
289.69
290.51
294.98
288.21
288.53
294.12
286.87
287.07
292.99
285.75
286.18
292.28
285.17
285.48
291.68
284.85
284.68
291.19
284.33
284.06
290.66
283.98
283.35
290.43
283.73
283.02
290.53
283.97
282.9
292.19
284.32
283.48
293.84
286.1
284.34
295.94
287.41
285.19
298.53
288.93
286.27
300.16
289.85
287.41
301.38
290.8
288.81
302.5
291.41
290.3
303.78
292.21
291.71
304.76
292.75
292.81
304.87
293.43
293.85
304.86
293.44
294.26
304.42
293.19
294.55
302.96
292.65
293.99
301.53
291.53
292.78
299.74
289.87
291.05
298.98
287.95
289.07
298.01
286.98
287.69
297.47
286.19
286.41
296.95
285.89
285.92
296.6
285.5
285.58
296.01
284.68
284.34
295.57
284.1
283.54
295.03
283.84
282.83
294.85
283.73
282.84
295.55
284.99
284.04
296.57
