280.35
282.4
292.54
281.19
282.410301666
292.913474921
280.74915703
282.48
294.82
282.02
282.641225619
295.659412657
282.139158672
282.83
296.56
282.83
282.28756644
295.990720409
282.794226705
282.58
296.1
281.99
282.412823297
295.42788187
281.43720332
282.13
294.41
281.56
281.535374706
294.031383586
281.56
280.86
293.64
281.56
280.09
292.09
281.35
280.089518773
291.22
280.461982913
280.07
291.221431521
276.53
280.358755803
291.30071576
276.590621256
280.1
290.44
276.87
280.189450626
290.139458444
277.369057335
280.29
289.83
276.75
280.253257576
289.633363077
276.958381977
280.2
289.39
277.691690989
280.025557068
290.400421941
279.51
280.06
290.75
279.68
280.068251658
290.974645413
279.513849916
280.14
292.41
280.076655518
280.779124894
293.889581749
280.48
282.14
296.77
281.81
282.05
297.68
282.15
282.006314006
297.713923077
281.98911208
281.243649317
298.911862055
281.02055604
280.82
298.31
281.83
280.561308706
297.29922715
281.708821324
280.24
296.16
281.14
279.567167797
295.105062112
280.930896686
279.45
294.05
279.95
279.001388889
293.483073575
279.72757377
278.5
292.9
279.26
277.95
293.03
273.74
277.67
292.46
279.15
277.671112098
292.424436441
279.035765196
277.36
291.86
278.39
277.221567964
291.841795053
278.309677716
277.04
291.82
278.42
276.841757155
292.03702843
278.417238866
276.51
292.37
278.403119433
277.001096627
292.395175018
278.55
276.82
293.42
278.55
276.828605747
293.46216119
278.87602079
277.45
294.23
279.665532499
278.661505986
294.909342352
280.83
281.28
296.24
281.49
282.4
296.93
281.81
282.32
296.76
281.885399915
282.334773052
296.694870917
282.15
283.01
295.18
282.15
282.972752647
295.100563584
281.726077907
282.56
294.49
279.64
280.684188323
293.59
279.442834514
280.13
293.588139989
278.54
279.208779841
293.01
277.975022685
278.23
293.02141249
277.29
276.55
292.22
272.11
276.3
292.0
271.82
275.64
291.93
270.93
275.500137266
291.852055762
270.901124947
275.06
291.64
270.74
275.178168878
292.11567725
271.507719823
274.26
290.74
275.63
273.978792531
290.748573628
275.635993054
273.48
290.76
275.13
273.923403735
291.35463859
275.391786442
275.05
292.21
276.97
276.855187771
294.33
277.408460438
276.14
294.330142248
279.32
278.9
294.35
279.16
279.25
293.5
280.65
279.614648712
293.119398907
280.651583203
280.74
292.1
280.66
280.45312987
290.75
280.73368319
282.39
290.747205192
281.08
281.993693072
290.29
280.512105263
281.57
290.289822321
280.01
280.979478992
289.48
279.777416858
280.35
289.452591157
278.76
279.27
286.35
278.84
279.18
285.5
279.93
278.54
285.3
279.91
278.32
284.84
279.66
278.320301562
284.66
279.386890167
278.4
284.655854683
278.16
278.137253521
284.03
278.41
278.02
284.21
278.46
278.63
284.51
277.56
278.624315789
284.54
277.5296004
278.24
284.540336842
277.39
278.293122026
285.74
277.314920333
278.35
285.747601577
280.16
279.98
287.28
280.46
280.079913754
288.4
280.08528452
280.64
288.396677741
281.35
281.146392797
288.73
282.32
281.68
288.727808364
281.830604856
282.27
288.64
282.05
282.426018519
287.748446874
281.441162791
282.6
286.83
278.71
280.041717126
285.38
278.2
279.73
285.06
276.57
277.954367596
284.88
276.18
277.19
285.01
275.18
275.7
284.96
275.46
275.1
284.82
275.58
274.93
284.79
275.71
274.728691255
284.63
275.66
274.21
284.39
275.33
273.972523662
284.15
275.249301037
274.05
284.146769033
274.89
273.52
282.41
274.82
273.67
282.43
274.21
274.01
282.16
274.34
274.86
282.02
277.66
278.02
281.87
279.32
278.050849462
281.48
279.778136462
281.04
281.467669606
281.89
282.743645125
280.702334803
282.108838434
284.64
279.22
283.28
285.567389444
279.41
282.866122311
286.61
279.399822558
282.98
286.407261411
279.56
282.579586131
286.19
279.559664122
280.65
283.708209632
279.317832061
280.484761497
284.36
279.7
279.65
283.152412707
280.25
279.53
281.85
280.44
278.45
280.59
280.29
279.09
280.3
280.37
279.12
279.9
280.48
279.73
279.730860861
279.96
279.48
279.29
279.6
278.25
278.151052257
279.101386167
278.313179386
278.03
278.72
278.6
278.034834624
278.03
278.093722892
278.04
278.060829215
277.74
278.300944559
279.139793179
278.189513088
278.58
280.23
280.22
279.547775801
283.32
280.646601729
281.01
283.348730659
282.47
282.680050678
284.770726644
282.362183936
284.47
286.01
285.02
285.443593354
287.85
285.029126547
286.49
287.82036769
285.07
286.117182418
286.228183845
284.761705686
287.0
288.12
283.31
286.584086365
286.608151435
282.253653964
286.13
285.09
279.82
284.916209406
282.49
279.51689769
283.61
282.479197406
278.21
281.56
281.02
278.14
281.505084746
280.56
278.52
280.28
280.54
278.12
279.148783921
280.32
278.088726525
278.79
280.320435908
277.95
278.186636661
278.689403326
277.29961502
277.53
280.37
277.83
276.61
278.76
277.85
276.34
278.64
277.32
275.931677969
280.57
277.02
275.97
281.96
277.84
276.979893859
283.83
278.465653465
278.67
283.834660016
281.46
282.82
285.57
283.29
282.965746908
285.667521449
283.186041779
284.89
286.5
285.73
286.093134243
287.01
285.733535089
287.46
287.009080533
285.75
286.486691218
285.354040267
285.361804333
288.99
286.13
283.49
287.914560424
284.417493036
282.738251128
286.73
282.68
280.13
285.111108002
280.19
280.047287554
283.37
280.179101462
279.69
280.97
278.5
278.7
280.957056323
277.99
278.84
280.55
277.17
278.76
279.669303221
275.309680688
278.801019553
279.65
276.56
278.98
279.028066842
275.668308589
278.829371859
278.32
274.74
278.24
278.422526345
274.43220574
278.108130059
278.54
274.11
277.52
277.569373147
276.290365068
277.675484969
279.35
276.11
278.4
279.71646171
279.325248774
279.168179415
280.15
282.81
281.95
285.08
285.61
283.52
285.24418258
286.58
283.307095449
286.33
286.583558621
284.47
287.008345865
287.425437807
284.309934063
287.76
288.29
283.52
286.741681524
286.890928662
283.367219629
286.09
288.41
282.62
284.823196721
286.479746207
282.163450809
283.28
284.31
281.03
282.962346939
282.85
280.99
282.59
282.2
280.88
282.44
281.63
280.75
282.52
281.16
280.88
282.16
280.67
281.15
282.15
280.68
281.15
282.16
280.56
281.15
282.041562441
280.550455835
280.64124
281.75
280.53
281.15
281.628388238
280.476131317
281.121763408
281.49
280.42
280.99
281.20445283
281.532487667
280.865202712
281.59
282.57
280.27
281.756655028
285.272543296
280.413027486
281.96
288.3
280.9
283.14
291.8
281.84
283.226143971
292.102555837
281.732232915
284.02
294.05
282.83
284.597556661
294.363076923
283.048306966
285.3
294.71
284.11
284.505634793
293.490835122
283.951809458
285.64
293.95
283.18
285.224844852
292.376555198
282.345243948
284.71
290.62
283.2
283.361416806
289.881643836
282.96059778
281.76
289.08
281.89
280.505259876
288.2
281.910368818
280.05
288.194071598
281.99
280.12255571
287.08
281.359705882
280.2
287.059715223
281.63
280.328892989
286.565913245
281.4646622
280.47
286.05
280.75
279.948791284
285.390727273
280.83216187
280.66
285.1
281.19
280.650949914
285.374814124
280.665824723
280.64
285.68
280.7
281.129771339
286.446679926
280.832185957
281.76
287.34
281.4
282.023282831
290.17489903
281.778568465
282.01
290.74
283.53
282.301882822
292.081013616
282.858167868
282.69
293.71
284.05
282.562081644
294.446635436
283.913358546
282.39
295.35
283.16
281.729627296
295.807233931
283.035569453
280.26
295.59
282.13
280.227515793
293.837091043
281.551901554
280.18
291.52
280.9
279.95231068
290.469904366
280.83308851
279.66
289.24
280.51
279.589569142
287.249836711
280.477986521
279.1
286.86
280.35
279.150570575
286.239416038
279.736783069
279.21
285.58
279.89
279.315640437
285.275700998
279.863057539
279.44
284.95
279.74
279.221393877
283.319436468
279.725228056
279.25
283.57
279.66
279.086566547
283.612942964
278.935865656
278.89
283.66
277.65
278.859350737
285.51513382
278.125273186
278.82
287.68
280.6
278.942786273
290.868633803
281.014892457
280.6
290.67
282.86
282.94
294.61
283.32
283.58
295.32
283.51
283.631906685
295.496096796
283.506658882
284.1
296.6
283.49
283.582998821
296.912875701
283.383515516
283.85
295.94
282.82
283.424031544
294.889276525
281.943694543
282.86
293.62
281.54
282.294414337
292.722743553
281.376248409
281.58
291.69
280.68
280.198213117
291.471261146
280.65327627
281.34
291.18
280.55
281.084375885
290.89
279.90538099
280.81
290.894576363
280.24
280.41655107
291.030607046
280.186743516
279.99
291.17
279.96
279.131172414
290.979993825
279.857702404
279.99
291.04
279.39
279.96161134
290.917784223
278.740952067
279.92
290.76
279.17
280.37
292.07
279.18
280.73
292.17
279.76
281.268925373
292.5
279.819648876
281.69
292.524846832
280.07
282.762560123
294.41
282.38
283.86
294.343115385
282.628006262
284.25
294.16
283.96
284.107190024
293.832210078
283.384020509
283.94
293.48
283.95
283.558651685
290.47
283.545580035
283.14
290.44105723
281.68
281.898513995
287.376528615
281.571838527
280.56
286.55
281.02
279.920215054
284.9
280.653704105
279.2
284.884455752
280.83
279.64
282.57
281.15
279.702745098
281.67
280.65
280.04
281.565134508
280.609620218
280.83
280.7
280.41
281.053965821
280.221145975
279.827640512
281.32
279.7
281.18
281.175802415
279.64
281.266615044
281.01
279.691979127
281.63
281.032754632
281.973989563
281.661323669
280.4
281.35
281.8
280.583362989
284.121531807
281.332001883
280.85
287.69
283.06
281.68696608
289.183308458
283.210661901
282.95
291.15
283.72
283.74535868
291.966052632
283.834366237
284.4
293.33
284.58
284.553670706
293.641183179
283.777145789
284.84
294.14
283.66
284.48144682
293.593990933
283.483741007
283.86
292.76
282.47
282.889258142
292.257649117
282.466849389
282.68
291.17
282.45
282.784401544
291.257106136
281.895894794
282.96
291.39
283.42
282.868290483
291.513295762
283.269923896
282.73
291.68
282.74
283.087235554
292.918225806
282.714236921
283.64
291.82
282.56
283.421993873
291.181389493
282.282953551
282.87
289.77
281.66
282.640904625
289.492030374
281.665720109
281.81
288.65
281.71
281.736026706
288.972359095
281.691929996
281.81
289.64
281.52
282.199496899
290.565823425
281.29751357
283.8
293.59
283.37
284.056338028
293.992444717
283.486018542
285.04
295.23
284.05
284.821294498
294.478486239
284.149517437
286.6
295.23
285.02
286.730272897
294.969596178
284.628068493
287.26
294.1
285.100786312
287.185737357
293.392068804
285.18
285.286342828
289.986314607
283.195642857
286.43
288.88
284.339162209
285.295522415
287.800167081
283.8
281.941446934
285.177239954
282.832621784
282.3
285.32
282.58
281.941144646
284.239750912
282.516339008
281.23
282.42
282.22
280.482173676
280.72256022
282.149558617
279.4
280.34
281.35
279.207997281
280.053627049
281.400791647
278.42
279.09
282.05
278.200835624
278.841416077
282.034098672
277.18
277.94
281.91
277.66752183
280.435927823
281.884660633
277.87
286.65
281.63
278.349964271
287.711705769
281.72688121
280.52
291.29
283.01
281.152544081
291.876437718
283.27143911
283.96
293.79
284.75
283.683435374
293.931823105
284.733681929
286.42
293.76
284.56
285.916323469
293.587678842
284.239517275
283.4
292.89
284.04
283.261654472
292.193562349
283.875747883
282.55
289.56
282.64
282.207043328
288.266311087
282.576116173
282.01
287.69
281.93
281.830377915
287.279970809
281.687673321
281.1
285.98
280.85
281.145245702
285.684463415
280.88797856
281.3
284.86
281.05
280.794253063
282.992902026
281.198194698
281.29
283.4
282.29
281.805916561
283.223998313
282.092462083
283.52
282.75
283.3
283.674027855
282.237579636
283.286739726
284.16
280.92
283.19
283.605333583
283.337715505
283.186044123
282.89
287.01
283.15
283.377937045
288.598948167
283.130810723
285.06
293.15
285.38
285.299681771
293.734693878
285.7689875
286.42
295.7
287.43
286.590755508
296.405036156
287.61948263
289.5
297.96
289.2
289.710096889
297.752736057
287.818337352
290.1
297.41
287.12
289.581114681
296.145100559
286.829208293
289.0
294.84
285.44
287.000728128
291.583944724
285.339606169
287.16
290.73
284.86
287.103566405
289.828785872
284.37352659
287.04
288.89
285.04
286.32
287.46
285.96
288.12
286.84
285.12
287.965864734
286.667162413
285.083482194
286.71
286.24
284.91
282.93
286.41
284.62
282.86
286.06
283.51
282.76827381
285.68
283.316652807
282.55
285.697073002
282.51
281.929384691
287.13
282.36483737
281.05
287.161653804
281.75
281.369105915
290.61
281.479820383
281.71
290.620739612
282.54
282.51
293.5
283.29
282.757640374
293.636366473
282.612626306
284.1
294.23
284.04
283.057710339
294.527238494
284.055775253
281.91
294.83
284.13
281.251415673
295.24545614
283.989267715
282.61
294.8
283.32
282.438127424
294.257337114
282.397967112
282.25
293.71
282.15
281.215324492
292.78
282.042868173
280.11
292.764594246
281.59
279.15
291.61
281.46
279.163355827
291.13
281.420855391
279.46
291.121019161
281.25
279.414068747
290.15
281.061582156
279.38
290.147596244
280.25
279.352068829
290.368559329
279.925226224
279.32
289.87
279.66
279.36
290.06
279.66
278.83
290.13
279.37
278.809122807
290.569090909
279.397143646
278.29
290.51
279.54
278.562572139
290.845385888
279.458832061
279.01
291.34
279.85
279.626865999
292.36
279.85
280.47
292.413753425
279.85
280.748470539
294.348876712
280.026573379
282.04
294.4
281.01
281.632590953
294.460687655
280.814588235
280.96
294.55
281.68
280.944889387
294.331610419
281.523802836
280.92
294.01
280.63
280.346339207
293.599031465
280.486838581
280.59
293.61
279.58
280.083292735
293.170756421
279.201947657
279.2
292.49
278.95
278.38
292.32
279.05
278.364781382
292.322309859
278.945425707
277.55
292.36
278.82
277.263154309
292.050846361
278.879063284
276.84
291.64
279.18
277.325665878
291.131362169
279.126466416
276.71
291.47
278.86
276.685980039
291.691019869
278.65044389
276.65
291.99
278.52
276.90702439
289.89954441
278.744968044
277.31
286.94
280.02
278.979732126
288.300930394
280.273692545
279.44
286.44
281.51
280.295291449
286.702814917
280.946652798
281.61
287.06
282.61
282.219467058
289.17803517
282.655590062
283.17
292.11
282.91
282.18227933
291.630755108
282.840923957
283.48
292.33
282.43
282.82670973
291.808015799
281.873063745
281.74
291.03
280.67
281.132283262
290.68339515
280.553888573
280.08
290.14
279.93
279.386554404
289.398803681
279.994265803
279.32
289.38
280.29
279.196085142
289.181697055
279.733827795
279.02
288.93
279.82
279.116329608
288.873831047
279.801012553
279.26
288.8
279.7
279.205388102
288.883300699
279.596050852
278.95
288.55
279.0
278.946355487
288.29059871
278.806715808
278.94
287.89
279.08
279.083971682
287.720324317
279.227373708
279.39
287.41
280.34
279.569987593
288.625016038
280.551989401
280.86
288.67
281.83
281.370666122
288.890299555
281.694860963
282.51
289.31
283.0
282.332365622
289.209398108
282.700836436
281.93
289.01
280.43
281.882722752
289.83156962
280.422468225
281.33
288.71
279.83
281.374683794
288.573622596
279.679470601
281.52
288.21
280.14
281.667342202
288.0805625
280.088287505
282.0
287.83
279.77
282.895762832
287.566639818
280.246202496
283.08
287.88
282.66
283.729576918
287.883870923
282.693617108
284.92
287.89
283.47
284.801217799
287.840093865
283.644854621
284.58
287.76
284.66
284.206636169
287.484849944
284.64971335
284.52
287.69
284.54
284.474659546
287.726016771
284.109836665
283.56
287.95
283.920159307
283.520388842
288.084127811
283.25
283.34
288.56
283.49
283.194915212
288.677178707
283.525606936
284.19
289.14
283.93
283.894035088
289.49
284.07
283.26
289.61
283.88
282.753505429
289.579390018
283.757623735
282.56
289.49
283.18
281.412348334
289.821248432
283.105154812
281.24
289.82
282.75
281.387140482
289.824962614
282.160778598
281.55
289.83
281.34
280.936464135
289.3
281.304320652
280.27
289.299348292
281.15
278.72
289.22
280.32
278.15
288.93
280.65
278.44
288.75
280.53
277.870868885
288.78
280.411827188
276.95
288.775320495
279.89
276.420903332
288.407569845
279.697357817
275.85
288.15
279.45
275.622139325
287.99
279.42
275.38
287.98
278.13
275.694941577
288.070792164
278.358964547
275.7
287.41
279.35
276.66825747
287.14
279.727070036
277.72
287.153172185
281.95
282.06
287.7
281.98
282.425959032
287.70482006
281.88950924
284.95
287.73
283.66
284.22929593
288.0852436
283.515140239
283.43
288.45
282.82
283.067525229
289.243863464
282.593623978
281.67
289.15
281.48
281.693064995
288.821954735
281.058489362
281.72
288.47
280.95
281.655522345
288.22
280.910731707
281.58
288.220057504
280.74
281.64
288.3
281.11
281.641006026
288.29
281.304641249
281.68
288.290957477
282.18
281.860363469
288.63
282.17
281.83
288.43
282.18
281.898369419
288.61
281.844179841
281.77
288.605265823
281.93
281.625203997
288.74
281.937304251
281.47
288.740979295
281.97
280.68889819
289.09
281.8908738
279.18
289.105702181
281.55
278.97482389
290.66
280.968742903
278.76
290.68838116
280.42
280.67
292.15
281.2
281.31
293.38
281.29
281.52
293.66
281.97
281.601733386
293.79
282.082359675
281.83
293.780164427
282.61
280.688564676
291.916582214
282.335222789
281.11
293.24
280.98
280.706804734
291.963880412
280.340785041
280.25
290.63
280.07
279.758121247
288.77
279.91
279.22
288.56
279.57
278.54
287.78
279.56
278.16
287.46
279.82
278.02
287.77
279.59
278.030654021
287.572317025
279.644569124
278.1
287.51
279.9
278.284939076
286.8
280.0
278.48
286.787196141
279.858145506
278.03
286.93
279.2
277.95
287.86
279.13
278.5
288.98
278.83
278.8
291.48
278.87
278.98
293.39
279.44
279.49
295.63
279.93
280.48
296.43
280.05
280.535841327
297.53
279.721688803
282.26
297.522614025
280.16
282.345919802
298.22346832
280.335706612
282.44
298.92
281.17
281.689750107
296.6829327
280.91593986
281.41
296.3
279.66
281.08256959
294.489548694
279.064353802
280.71
292.6
279.08
280.021564095
290.5
279.164929797
279.28
290.467844362
279.52
278.93
288.28
279.62
278.922902382
287.12
279.590907064
278.69
287.116447533
279.46
278.300522843
286.41
279.354397321
278.04
286.409197427
278.89
277.908702771
286.27
278.527790323
277.77
286.185535647
278.89
277.543256323
286.108930277
278.630519813
277.3
285.95
277.44
277.717136869
289.25
277.42
276.96
291.61
278.52
277.402547543
292.706961691
278.722659236
277.95
295.07
279.92
278.78
299.94
280.25
278.923094804
300.246385901
279.504937691
279.93
301.88
281.5
279.944146889
302.85531897
281.447078372
279.96
303.86
281.2
280.01372602
301.063067754
281.193071389
279.49
302.95
281.16
279.133744822
300.086889226
280.495223881
278.74
297.18
279.69
278.344606757
294.57
279.577838542
277.91
294.565061332
279.1
277.38
292.79
279.0
277.35764001
291.93
278.89
277.01
292.4
278.678574221
277.07
292.387144737
277.64
277.026565379
292.208952591
277.64
276.98
292.02
277.64
277.278912036
291.19
277.587248685
276.74
291.188532539
277.36
277.07
291.04
277.53
276.91
292.22
277.69
277.42
295.5
277.77
277.42
296.62
278.72
278.91
299.07
280.17
278.995007557
300.11
280.492409091
280.09
300.111411296
281.9
280.943306914
300.24
281.979148581
281.24
300.239824635
282.34
281.724344741
299.61
281.334577982
282.25
299.594494609
282.18
282.095666481
297.01
281.8776693
281.93
296.991615962
280.49
280.619730351
292.37
280.59
280.22
291.06
279.78
279.670709408
289.64
279.78
279.41
288.99
279.49
278.1
288.05
279.03
278.1
287.26
278.38
278.052702978
286.962
278.196304348
277.59
286.83
277.34
277.08
285.42
277.67
276.99
284.07
277.63
277.0
283.43
277.04
277.001201479
283.75
277.02728691
277.07
283.79683871
277.44
277.45
289.91
277.59
278.38
292.01
280.2
280.2
294.37
280.2
280.240661348
295.7
280.492917342
280.89
295.721525277
281.79
281.111716506
296.504262639
281.955902011
282.18
296.93
282.8
282.777078873
297.268969552
282.071498163
283.45
297.62
282.55
283.325382685
295.6
282.217008162
283.19
295.590233051
280.71
281.018305732
290.99
280.2
280.98
290.43
277.7
279.72995842
290.35
277.44
278.95
290.23
276.82
276.58
289.87
275.92
275.74
289.08
276.08
275.31
289.16
276.49
274.3
289.01
276.43
274.52
288.15
276.23
274.48
287.32
275.7
274.454272565
286.98
275.65
274.09
286.9
274.42
273.707381927
287.43
275.127344727
273.71
287.434719943
278.0
277.4
287.9
278.33
278.87
288.58
280.03
281.14
289.88
282.24
283.21
290.27
283.41
283.216906105
290.367556196
283.626122624
284.2
290.46
284.74
284.922562114
291.14
285.01
285.72
290.34
285.02
286.08
289.71
283.98
285.94860394
289.33
283.76
285.25
289.19
280.42
281.64
288.93
279.94
281.59
288.79
280.21
280.5
288.64
280.65
280.412128378
288.51
280.63
278.97
288.62
279.55
278.380731239
288.43
279.45
277.6
288.16
278.4
276.92
287.54
278.41
277.17
287.54
278.5
276.81
287.68
276.73
276.778661056
287.81
276.708466155
276.33
287.83631886
277.95
277.59
288.35
278.22
279.75
289.0
281.48
283.16
290.56
282.86
283.365451784
290.96
283.85
285.65
290.93857106
283.892579638
286.77
290.34
286.01
287.975923867
288.75
286.077014383
289.32
288.734537721
286.38
288.148716739
286.44
286.147636264
290.48
286.431281037
285.11
289.534966507
287.163771543
284.244872569
288.52
285.61
282.68
285.08
285.79
282.62
284.51
285.21
281.0
283.48
283.36
280.07
283.461179169
281.9
279.99
282.73
281.13
279.47
282.31
279.79
279.63
281.71
278.97
280.64
280.93
278.34
280.85
280.820754587
278.3
280.463603193
280.85
278.299896656
278.79
281.03
278.28
278.63
280.77
279.21
278.57
281.11
281.21
278.78
282.19
282.99
282.28
282.467340157
284.97
282.47
283.87
285.68
284.78
286.73
286.22
285.94
286.505721024
286.308914023
286.064465812
287.52
287.35
286.69
288.32561766
288.08
285.798682508
289.22
288.050692308
286.04
288.582752165
286.24
285.577075193
287.91
286.178212608
284.331537597
285.993664234
283.432106304
284.13
286.726766979
283.579047779
283.664272145
285.89
281.88
282.891636073
284.400013537
280.589777109
283.3
284.760966093
281.116953825
282.955874792
283.59
280.44
282.264937396
283.053104478
279.325628299
282.37
283.355398176
279.101573146
282.358020155
283.11
277.94
282.33
282.56
276.33
282.2
282.560853722
276.316339309
282.120438871
282.6
276.11
281.76
282.23
279.56
