280.91
282.06
283.26
280.96
281.88
282.32
281.22
281.52
281.48
281.32
281.34
280.75
280.78
281.56
279.96
280.39
281.68
279.42
280.16
281.17
278.98
279.022
282.09
278.73
280.25
282.11
278.01
280.17
282.43
277.85
280.43
282.55
277.65
280.68
282.89
279.02
280.92
283.34
281.73
280.99
282.76
283.94
281.16
282.42
286.68
281.69
282.49
288.33
281.98
281.84
288.94
282.8
282.47
289.5
282.74
282.77
289.73
282.56
281.54
289.81
282.42
281.94
288.65
282.37
281.55
286.91
282.28
282.145
285.88
282.08
282.74
284.63
281.79
282.44
283.94
281.71
282.26
283.58
281.69
282.43
283.36
281.69
282.1
282.9
281.65
281.54
282.47
281.79
282.21
282.3
281.4
282.06
281.45
281.07
281.96
281.26
281.06
281.57
281.04
280.77
281.0
280.41
280.495
281.03
280.0
280.22
281.47
281.6
280.29
280.45
285.33
279.97
280.62
288.03
280.12
281.7
290.39
281.76
283.0
291.01
282.14
283.91
291.61
282.45
283.66
290.87
282.67
285.46
290.59
282.58
285.27
290.5
283.35
285.08
288.73
282.55
284.11
288.415
281.75
283.14
288.1
281.22
281.67
287.96
281.14
281.57
287.75
280.46
280.25
287.67
280.92
280.25
287.36
280.92
279.8
286.99
280.97
279.24
286.7
281.08
279.36
286.4
280.95
279.365
286.425
280.82
279.37
286.45
280.49
279.72
286.45
280.45
279.75
286.44
280.39
279.57
286.51
280.34
279.2
286.57
280.29
278.58
287.68
279.74
278.83
289.13
280.63
279.74
290.65
280.58
281.74
291.97
281.72
281.44
293.1
281.73
282.25
293.91
281.89
282.59
293.37
281.81
282.41
292.67
281.47
282.24
292.04
281.48
281.71
291.36
281.23
281.19
290.58
280.86
280.82
290.09
281.18
280.64
289.11
281.01
280.62
288.71
280.53
280.63
288.16
280.52
281.05
287.74
280.34
280.12
287.3
280.05
280.25
286.94
279.69
280.26
286.76
279.3
280.12
286.7
279.21
280.4
286.59
279.08
280.35
286.51
278.48
280.35
286.43
278.84
280.14
286.71
278.03
280.42
287.05
278.45
280.27
288.01
278.77
280.57
288.81
279.74
281.4
289.67
280.49
281.67
290.86
281.04
282.7
291.97
281.88
282.32
292.33
281.89
282.35
292.06
281.56
282.0
292.06
281.39
281.45
289.13
281.03
280.89
287.06
280.94
280.94
286.16
280.84
280.53
285.4
280.76
280.79
285.11
280.62
280.88
284.5
280.71
280.54
284.13
280.82
280.65
283.53
280.82
280.25
283.22
280.82
280.55
283.04
280.53
280.53
282.79
280.53
280.53
282.45
280.13
280.19
281.92
280.19
280.31
281.84
280.47
279.91
283.59
280.37
279.95
286.77
280.38
280.31
289.76
280.81
281.11
292.24
281.29
281.58
293.56
282.1
283.82
294.84
283.35
285.43
295.74
283.61
286.64
296.02
283.73
286.83
295.53
283.81
285.63
294.32
283.2
285.34
291.81
282.62
282.95
289.93
281.91
282.74
288.65
281.71
281.68
287.82
281.64
282.06
287.69
281.3
281.13
287.71
281.25
281.1
288.5
281.25
281.21
288.33
281.74
281.73
288.15
281.6
281.72
289.16
281.88
282.36
287.71
282.37
283.01
285.05
282.47
282.94
283.51
282.37
282.41
282.66
281.98
282.03
281.87
282.67
281.9
282.04
282.34
282.19
282.13
282.46
282.28
283.15
282.89
282.73
283.87
283.62
283.74
284.05
284.46
284.53
284.38
285.07
285.53
284.33
285.21
286.04
283.9
284.81
286.06
282.87
284.72
285.91
281.31
284.61
285.88
280.44
284.3
284.84
279.41
284.1
284.58
278.71
284.05
284.16
277.71
284.03
284.04
277.09
283.69
283.84
276.31
283.63
283.37
275.71
283.88
283.54
276.07
283.93
283.33
274.79
283.43
283.41
273.95
283.32
283.26
273.34
282.95
283.26
273.22
282.74
283.03
273.26
282.57
282.58
275.33
282.16
283.01
277.05
281.78
282.38
279.2
283.04
283.45
280.92
283.64
283.83
282.49
284.66
284.3
283.34
285.4
285.05
284.05
285.36
285.44
284.2
285.66
285.41
284.12
285.31
285.56
283.4
285.09
284.84
280.9
284.34
284.42
279.25
283.77
283.74
278.46
283.57
283.62
278.23
283.09
283.08
277.58
282.94
282.41
277.24
283.02
282.28
276.36
282.48
282.29
276.07
282.04
281.77
276.07
282.15
281.28
277.15
281.5
281.47
276.15
281.61
281.65
273.693
281.5
281.16
293.563
281.38
281.14
293.563
279.78
280.585
293.563
281.21
281.12
279.55
281.33
281.24
281.75
281.7
281.26
283.59
281.82
281.56
285.07
282.42
281.64
286.5
282.57
281.91
287.5
283.02
282.35
287.43
283.04
282.17
287.43
282.99
282.29
287.92
282.2
282.29
286.56
281.44
281.36
286.28
280.62
279.73
286.28
280.34
279.7
286.26
279.94
279.52
286.1
280.28
279.08
286.22
279.93
279.71
286.03
279.77
280.35
285.78
279.9
279.96
285.47
279.9
279.71
285.2
280.4
279.55
285.15
280.24
279.36
284.84
280.07
279.69
285.06
280.02
279.31
285.35
279.94
278.89
285.84
279.71
278.77
286.84
279.22
278.46
288.29
279.41
278.58
289.85
279.54
278.72
291.64
279.6
279.35
292.54
279.87
279.66
293.94
279.76
280.17
294.26
279.24
280.15
293.9115
279.35
280.15
293.563
279.32
280.15
293.563
279.7
280.15
293.563
280.29
280.63
293.563
280.03
280.69
291.15
279.84
281.15
291.15
278.95
281.63
290.9
278.86
281.62
291.15
278.66
280.15
290.15
278.8
279.59
289.63
278.44
278.9
290.47
278.32
276.61
291.15
277.0435
276.92
291.21
277.16
277.23
291.27
277.64
275.85
291.48
275.708
275.735
290.803
276.25
275.62
292.71
275.183
276.305
292.023
276.59
276.99
293.92
278.85
278.635
294.55
279.055
280.28
295.18
279.26
282.06
295.99
279.59
281.23
296.85
279.87
281.24
296.73
279.94
281.24
296.47
279.64
280.57
295.42
279.54
279.84
294.56
279.1
278.72
294.87
279.04
277.51
294.94
278.67
277.51
295.35
278.83
278.21
295.78
278.67
278.08
295.93
278.32
278.21
295.99
278.28
278.53
295.93
277.64
279.12
295.81
275.72
278.84
295.89
276.42
278.97
295.57
277.41
278.54
295.36
276.47
279.275
295.08
278.33
280.01
294.72
279.89
279.15
297.265
277.214
283.8205
299.81
279.38
287.743
299.1525
279.405
287.743
293.563
279.43
281.8
293.563
279.99
282.41
293.563
280.43
282.15
293.563
280.68
282.15
293.563
280.66
282.59
293.563
280.62
281.76
293.563
280.77
281.6
293.563
281.51
281.11
293.563
280.84
281.15
294.15
280.27
281.63
293.15
280.62
281.49
292.15
280.06
281.62
292.15
280.74
281.15
291.15
280.74
281.12
290.15
280.74
281.11
289.15
280.97
281.06
288.15
280.74
280.75
286.513
280.775
280.99
293.563
280.81
281.23
285.93
280.25
281.4
286.48
280.52
281.41
288.13
280.13
281.4
290.38
280.25
282.46
291.59
280.57
281.85
293.7
280.67
282.71
294.55
280.52
282.55
295.37
280.54
282.0
294.82
280.47
282.95
293.44
280.25
282.22
292.59
279.66
282.32
290.93
279.51
282.48
290.37
279.31
282.22
289.55
279.13
282.0
289.38
278.97
282.0
288.85
278.67
282.06
288.88
278.49
282.05
288.2
278.79
282.7
287.8
278.8
283.29
287.33
278.6
283.86
287.13
278.85
283.11
287.12
278.88
282.95
286.93
278.46
282.0
286.48
278.23
281.1
285.93
278.2
280.59
285.64
278.75
280.44
287.04
278.46
280.3
288.42
278.25
279.97
289.54
278.37
280.11
291.19
278.88
280.11
292.32
279.01
279.97
292.59
279.03
280.09
293.16
278.73
280.41
292.46
278.9
280.41
291.31
277.62
280.26
289.26
276.98
279.78
287.86
276.17
279.3
286.77
275.97
279.3
286.46
275.59
276.94
286.72
275.89
276.41
286.46
274.97
276.01
286.02
274.46
275.87
285.38
273.8
275.01
284.7
273.68
274.53
283.72
274.59
275.731
283.15
274.29
275.15
282.6795
274.3
273.16
284.15
273.84
274.15
283.6795
273.19
272.65
285.15
272.7
271.15
285.835
272.51
273.65
286.52
273.43
276.15
287.94
273.75
277.15
289.15
275.02
278.15
292.072
276.05
278.15
293.563
276.48
279.15
291.15
276.93
278.15
293.6345
276.11
277.15
293.563
274.66
276.15
290.15
274.14
275.15
290.15
274.45
274.15
290.15
274.51
274.15
290.15
274.51
274.15
291.8565
273.84
280.9465
293.563
273.06
287.743
290.15
273.06
274.15
291.589
272.86
280.9465
293.563
272.74
287.743
293.563
272.51
287.743
290.15
272.4
271.65
290.15
272.4
271.15
290.15
272.4
271.15
290.355
272.5
271.15
290.56
272.39
272.15
291.355
272.61
272.15
292.15
273.44
275.15
294.15
274.63
276.15
294.65
275.35
277.15
295.15
275.47
278.15
296.15
276.66
279.15
296.15
277.15
278.15
295.81
276.78
277.15
295.47
275.8
275.15
295.15
275.2
274.15
295.15
275.34
275.15
289.71
274.95
274.15
283.15
274.51
274.15
280.78
274.74
274.15
279.15
274.53
274.15
278.15
274.51
274.15
277.15
274.51
274.15
277.15
274.22
274.15
276.15
273.51
274.15
276.15
273.81
274.15
276.15
273.05
274.15
276.15
273.06
274.15
276.15
273.39
274.15
276.15
273.615
274.15
275.15
273.84
274.15
275.15
275.22
276.15
275.62
276.39
278.15
275.78
276.89
279.15
275.15
277.84
280.15
275.55
278.14
280.15
275.15
278.52
279.15
276.8055
278.72
279.15
275.15
277.31
277.15
275.15
276.73
276.15
275.15
277.8
276.15
275.15
276.49
276.15
275.71
276.49
276.15
275.15
276.28
276.15
275.15
276.28
276.15
275.15
275.26
277.15
275.15
275.42
276.15
275.68
275.42
272.15
276.15
275.43
276.15
275.45
274.59
276.15
275.82
274.97
275.15
276.15
274.81
272.65
276.15
274.8
270.15
276.15
275.02
272.15
276.15
275.02
275.15
276.15
276.14
279.15
277.15
276.62
280.15
277.15
277.44
281.15
277.15
278.38
281.15
278.46
279.38
282.15
286.0115
279.81
282.15
293.563
279.15
281.15
293.563
277.88
279.15
293.563
277.44
277.15
293.563
278.28
277.15
293.563
278.06
277.15
277.15
277.42
278.15
277.15
277.04
277.15
276.15
277.04
275.15
275.15
277.25
277.15
275.15
277.04
277.15
274.15
276.94
277.15
274.15
276.71
274.15
274.15
276.82
272.15
274.0015
276.36
270.15
293.563
277.68
270.15
293.563
276.94
272.53
293.563
275.69
272.64
293.563
276.08
274.83
293.563
276.64
276.17
293.563
278.3
278.4
274.64
278.75
278.15
275.15
279.57
280.15
274.664
280.7
281.15
293.563
280.38
281.15
293.563
280.81
281.15
293.563
279.81
275.15
293.563
279.21
272.15
293.563
279.15
272.15
293.563
278.805
272.15
274.15
278.46
272.15
275.15
278.33
272.15
275.15
278.34
272.15
274.46
278.69
272.15
274.15
278.52
272.15
274.15
278.35
272.15
274.15
278.305
272.15
274.15
278.26
272.15
274.15
277.7
274.13
274.15
275.3635
274.736
273.7435
276.73
273.8
274.14
276.15
273.48
274.15
275.88
273.27
274.66
275.97
275.66
275.04
277.01
278.54
275.33
283.32
281.83
275.37
280.1
284.04
275.37
280.47
283.97
275.88
281.2
284.08
275.99
282.45
283.54
275.37
281.0
281.14
275.37
279.86
278.71
275.6
278.88
277.24
275.37
278.62
276.62
278.09
277.99
276.51
275.58
277.77
275.55
275.58
276.63
275.6
277.63
277.12
274.29
275.13
276.94
274.23
275.31
276.89
273.25
275.35
276.67
273.39
275.09
276.61
273.05
275.36
276.29
273.23
275.18
276.12
273.51
275.43
276.33
272.12
275.59
276.44
273.23
276.18
275.04
273.35
277.165
275.26
274.45
278.15
276.69
276.23
280.3
277.13
278.79
281.99
278.37
282.87
283.71
279.49
284.56
283.71
280.12
284.88
283.15
280.95
284.4
282.04
279.81
282.57
280.37
279.32
281.8
279.54
279.27
281.15
278.71
279.74
281.27
278.445
279.43
281.26
278.18
279.84
280.84
277.08
278.66
280.46
275.33
279.51
280.7
274.58
278.51
280.55
274.15
278.92
280.69
273.665
278.83
280.78
273.18
279.35
280.78
272.04
278.96
280.41
271.485
278.84
279.05
270.93
276.35
278.36
271.48
277.9
278.29
275.37
278.43
278.1
277.04
279.33
279.69
278.71
280.34
283.68
279.54
281.15
284.65
280.37
281.29
285.7
280.37
281.48
285.26
280.37
281.74
285.86
279.26
283.7
285.16
278.15
281.25
283.01
274.82
281.12
280.69
274.26
280.43
279.17
293.563
280.76
278.13
272.04
280.63
277.75
272.39
279.91
276.49
272.93
279.97
276.57
272.04
279.24
275.21
272.41
278.35
275.47
272.41
276.49
274.83
270.93
278.04
275.06
272.41
276.2575
275.005
270.6425
278.05
274.95
270.93
275.78
274.26
271.49
277.03
273.96
271.72
277.24
273.53
273.42
277.2
274.47
274.4
277.53
275.42
276.14
278.1
279.02
282.32
279.99
281.91
284.24
280.82
283.08
285.37
281.71
282.94
285.16
281.98
283.33
285.1
282.45
284.43
282.6
281.75
283.3
279.82
281.58
279.77
278.73
281.13
278.32
277.59
280.96
277.67
276.75
280.89
276.76
276.94
280.92
276.32
276.86
280.69
276.07
277.06
280.71
275.76
276.66
280.56
276.51
276.25
281.1
277.13
274.94
281.06
276.83
273.97
281.06
277.18
272.59
280.35
277.25
272.59
280.51
277.02
272.59
280.48
274.8605
293.563
280.45
277.54
277.03
280.3
277.97
279.79
280.6
278.08
281.84
280.84
279.18
286.11
280.88
280.1
286.37
281.04
280.3
287.0
281.1
280.92
287.15
281.06
280.96
286.69
281.44
281.15
285.51
281.14
281.02
283.63
281.04
280.36
282.69
280.95
280.2
281.99
280.8
280.41
281.2
281.07
280.41
281.02
281.02
280.27
281.43
280.94
280.54
281.1
280.94
280.35
280.29
280.65
280.29
280.02
280.36
280.09
279.41
280.4
280.38
279.13
280.22
279.62
279.05
280.18
279.5
278.76
280.03
279.8
278.76
279.84
280.07
279.77
279.74
280.23
282.18
279.58
280.06
284.53
279.74
280.41
287.41
280.17
281.17
289.21
280.46
281.26
291.47
280.37
281.62
291.96
280.28
282.15
291.89
280.58
282.08
291.75
280.61
281.96
290.0
280.58
281.84
288.69
280.32
281.96
288.0
280.4
282.08
287.03
280.49
282.08
286.47
280.76
282.18
286.07
280.69
282.06
285.35
280.79
281.62
285.28
280.89
281.52
284.9
281.24
281.71
284.56
281.67
281.72
284.53
281.4
282.21
284.37
281.4
282.15
284.76
281.82
282.5
284.81
281.87
282.96
284.98
281.67
283.71
285.28
281.82
283.65
287.05
281.82
283.77
288.51
281.93
284.0
290.47
282.33
283.91
291.52
281.95
283.85
292.62
282.95
283.92
292.77
283.33
283.67
292.71
283.24
283.76
292.37
283.16
283.57
291.74
282.08
283.03
290.84
280.77
282.61
289.34
280.67
282.48
288.37
280.05
282.2
287.67
279.83
281.84
287.09
279.88
281.43
285.84
279.54
280.88
285.49
278.9
280.19
284.4
277.53
278.7
283.3
276.82
278.28
282.22
276.77
277.21
281.89
276.47
276.81
281.15
276.27
276.25
280.39
276.46
276.15
279.98
276.11
275.82
280.28
275.89
275.96
282.9
276.07
275.22
285.2
276.29
275.73
288.27
276.77
277.42
291.2
277.25
278.03
292.32
277.95
279.37
293.17
278.94
280.07
293.93
279.03
280.2
293.72
278.95
279.53
292.31
278.18
279.24
288.48
277.26
276.83
286.62
277.04
275.5
285.31
275.33
274.84
284.49
274.94
274.64
284.47
274.68
274.52
283.81
275.09
274.22
282.77
274.63
274.72
281.87
274.15
274.78
281.69
274.09
274.43
281.39
273.46
274.26
281.32
273.59
273.89
281.07
272.93
273.6
280.67
272.52
273.35
280.21
273.06
272.98
280.86
272.46
272.52
283.1
272.15
272.64
286.1
272.83
274.37
289.44
273.33
275.21
292.24
275.71
276.19
293.64
276.74
277.31
295.11
276.84
277.04
295.68
277.28
276.5
296.3
276.78
276.34
294.2
276.17
275.27
290.46
275.36
274.46
289.24
274.09
273.86
288.55
273.59
272.99
288.06
272.66
272.16
288.97
272.32
271.61
289.14
271.68
271.66
287.64
271.8
270.92
286.24
271.41
271.44
286.09
270.88
270.86
285.4
270.95
269.62
285.26
271.92
268.57
284.44
270.94
268.92
284.29
270.99
268.97
283.8
271.0
269.13
283.75
270.79
268.76
286.29
270.57
269.11
290.22
270.71
271.03
292.94
271.68
271.85
295.38
273.31
275.05
296.78
275.4
276.84
297.63
275.52
276.57
297.23
275.45
276.25
295.95
275.16
275.74
293.81
274.37
275.35
291.84
273.41
272.19
290.43
272.8
270.69
289.1
271.91
270.64
288.28
271.47
269.45
286.3
271.09
269.35
286.44
271.15
269.13
283.94
270.92
268.91
282.31
270.33
268.56
281.22
269.98
268.35
278.84
269.76
267.51
277.63
269.98
267.37
277.17
269.62
266.84
277.02
269.89
266.85
275.93
269.77
266.44
275.94
269.91
266.73
275.77
269.97
267.27
275.83
269.96
268.66
275.77
270.88
270.02
275.32
271.95
271.22
275.99
272.41
271.71
279.89
273.02
272.48
273.6
273.39
272.87
273.59
272.68
272.07
273.2
272.29
271.605
272.99
271.9
271.14
272.89
271.6
270.55
272.8
271.27
270.03
273.06
271.44
270.33
273.67
270.87
270.11
273.75
270.39
270.65
274.44
270.39
270.75
273.82
269.71
270.53
272.55
269.44
270.01
272.05
269.15
270.09
273.12
268.79
269.99
272.7
268.33
269.88
272.01
268.42
269.76
271.6
268.42
269.66
271.34
268.24
269.76
270.93
268.2
269.66
270.56
268.27
269.91
270.83
269.81
271.48
271.09
270.49
272.48
270.97
272.05
273.35
271.27
272.14
272.97
272.18
271.93
272.82
272.18
271.18
271.74
271.71
270.665
271.175
271.49
270.15
270.61
271.27
269.58
269.89
271.02
268.99
269.54
270.95
268.74
268.9
270.42
268.6
268.68
270.3
268.77
268.38
269.98
268.01
268.36
269.51
267.91
268.15
269.16
267.63
267.7
268.85
267.34
267.49
268.49
267.32
267.22
268.14
267.06
267.2
268.46
266.5
267.06
268.38
266.71
266.75
268.46
266.36
266.08
268.51
266.33
266.03
269.34
266.39
267.77
269.82
268.37
269.74
269.99
269.45
270.7
270.3
270.07
271.75
270.38
271.06
271.92
270.38
270.9
271.45
270.67
270.62
270.51
270.6
