285.41
285.91
298.16
285.31
285.95
297.8
285.19
285.81
296.75
285.13
285.72
296.47
285.12
285.8
297.2
284.76
285.67
297.92
284.86
285.88
300.99
285.19
286.23
302.03
285.78
286.93
303.98
286.36
287.89
305.07
287.26
288.59
305.95
288.75
289.25
306.61
289.12
290.11
306.87
289.76
290.05
306.95
289.87
289.63
306.49
289.84
290.02
305.16
288.97
289.78
303.67
288.55
289.37
302.99
288.45
288.05
301.55
287.39
287.51
301.21
287.02
287.29
300.93
286.69
286.42
299.94
287.19
286.44
299.59
286.95
286.24
299.23
286.06
285.62
298.72
286.61
285.64
298.26
286.57
285.58
297.99
286.62
285.26
297.14
286.72
285.21
297.92
286.42
284.89
299.73
286.07
285.44
301.6
286.29
286.61
303.65
286.96
288.1
305.33
287.74
289.6
306.29
287.94
290.83
307.13
288.46
291.76
307.55
288.54
292.16
308.12
288.83
292.55
307.94
288.99
292.75
307.57
289.2
292.62
305.95
289.15
291.83
305.03
288.65
290.74
302.91
288.3
290.16
302.18
288.16
289.83
301.78
287.92
289.5
300.63
288.0
288.97
299.2
287.73
288.82
298.93
287.44
288.27
298.36
287.21
287.61
298.27
287.1
287.22
298.16
286.96
287.13
298.12
286.9
286.82
297.87
287.05
286.72
297.6
286.9
286.89
297.91
286.87
287.55
298.86
287.35
288.54
298.81
287.54
289.39
298.49
288.23
291.19
298.51
288.68
291.92
299.57
289.13
292.21
300.32
289.79
292.94
302.57
290.1
293.72
302.87
290.15
293.85
302.73
290.2
293.69
300.74
290.27
293.21
300.06
289.98
292.11
299.03
290.58
291.68
298.52
290.02
291.16
297.77
290.06
290.33
297.4
290.17
290.17
297.02
289.86
290.39
296.72
289.95
290.55
296.28
290.02
290.66
295.83
290.17
290.72
295.51
290.17
290.66
295.19
290.01
290.88
295.1
290.05
290.88
295.26
289.62
290.62
297.21
289.7
290.61
299.79
290.51
291.41
302.0
290.0
291.99
302.69
290.6
293.37
303.19
291.16
294.94
302.48
292.08
295.06
301.81
292.3
294.95
299.09
291.52
294.96
298.68
288.9
293.92
297.55
288.5
293.645227333
297.320222046
287.54
292.73
296.6
287.01
291.948144951
296.848625592
286.22
290.16
296.25
285.96
289.818856877
296.227228244
285.31
288.74
296.16
284.59
287.77164557
295.63941573
284.03
285.74
294.6
283.44
285.38
294.0
282.89
285.7
293.52
282.53
285.73
293.31
282.75
285.27
293.36
282.41
284.901779661
293.507555729
281.85
283.84
293.91
281.56
284.05
294.97
281.92
284.46
298.34
283.04
285.077153285
299.25498569
285.46
287.13
302.11
286.44
288.25
303.98
287.31
288.9
305.45
288.79
289.35
305.69
289.42
290.25
306.24
289.53
290.69
306.42
289.63
290.65
306.04
289.59
290.53
304.49
289.06
289.58
302.27
287.96
288.88
301.71
285.61
286.57
300.23
283.8
285.64
299.86
282.39
284.6
298.73
281.71
283.84
298.25
281.17
283.67
298.11
280.79
282.36
297.06
280.52
281.78
296.48
280.05
280.83
295.89
279.82
280.6
295.59
279.44
280.546533066
296.506820081
278.78
279.957666667
296.840666667
278.7
280.133333333
298.649333333
279.79
282.168695733
300.591459459
280.81
283.33
303.26
284.21
285.66
304.91
286.52
287.52
305.67
287.79
288.63
306.14
288.83
289.6
306.78
289.0
290.26
306.79
289.53
290.34
306.6
289.95
291.06
305.91
290.04
290.79720291
305.123283944
289.25
289.98
302.8
288.71
289.15
302.16
286.84
286.06
300.75
284.54
284.49
300.08
283.72
283.63
299.76
282.67
282.54
298.46
281.57
281.58
297.84
280.86
281.37
297.3
281.21
280.97
296.21
280.99
280.6
295.47
280.95
280.33
295.33
281.93
280.29
294.94
282.05
280.18
295.15
280.12
279.69
297.68
280.35
280.43
298.83
283.54
284.26
302.45
285.25
285.05
303.04
287.14
288.18
305.09
288.37
289.61
305.43
290.42
289.927808219
305.046324324
289.99
292.52
306.1
290.23
293.09
305.97
290.32
293.82
304.94
290.01
293.17
302.96
289.24
292.11
300.67
288.22
290.81
299.32
287.05
290.49
298.68
286.34
288.94
296.67
286.28
287.76
295.4
286.69
287.08
294.53
286.8
286.701067844
294.301908519
285.27
285.56
293.65
284.93
285.32
293.1
284.99
285.008516653
292.997527933
284.97
284.41
292.81
285.27
284.37
292.57
285.36
283.98
293.02
284.61
283.63
296.64
284.49
283.89
298.37
285.49
286.53
302.27
286.11
288.91
304.08
286.47
291.87
304.77
287.4
293.71
305.15
288.79
294.59
305.56
289.44
295.23
305.61
289.04
295.42
305.43
289.13
295.13
304.6
288.35
294.8
303.57
287.95
293.74
302.07
287.43
291.18
300.67
288.07
290.83
300.05
287.9
289.74
298.71
286.69
289.33
297.79
286.52
288.96
297.12
286.37
288.686353591
296.797358277
286.4
287.69
295.69
286.41
287.422827051
295.439973688
286.11
286.53
294.65
285.95
286.39
294.5
284.7
286.32431969
294.446647774
284.57
286.2
294.35
283.77
285.85
297.73
283.79
285.79
299.11
284.28
285.572071339
300.478235446
284.95
285.24353567
302.471617723
286.07
286.29638588
303.058533912
286.54
286.58
305.22
287.37
286.844895028
305.287848892
287.91
287.66
305.57
288.34
287.68
305.29
288.19
287.78
304.57
288.56
287.67
303.28
288.34
287.55
301.03
287.04
286.84
299.55
286.29
286.72
299.11
284.47
286.572848267
298.498706861
283.97
286.26
297.27
283.42
285.61
295.77
282.9
285.37
295.08
282.37
284.742674487
294.441722864
282.03
284.74
293.89
282.02
284.34255632
293.284308725
281.84
283.48527816
292.031154362
281.95
283.42
292.26
282.13
283.524278585
293.987590696
281.94
283.687639292
296.569295348
282.35
285.065234407
297.780855211
283.39
284.879333333
300.762666667
284.58
285.907666667
302.374333333
285.68
286.582003086
302.272060652
286.87
287.704246181
304.331982444
287.65
288.85
304.84
288.09
289.46
304.84
288.44
289.61
304.77
288.77
289.81
303.93
288.64
289.51
303.04
287.73
288.14
300.22
286.67
287.36
299.41
284.43
285.27
297.4
283.43
285.01
296.97
282.47
284.65
295.59
281.77
282.63
295.05
281.19
282.05
294.54
280.73
281.32
294.4
280.11
281.29
293.96
279.68
280.64
293.56
279.16
279.64
292.95
279.44
279.45
292.54
278.87
278.96
292.88
279.19
278.89
294.19
279.54
280.25
297.85
280.68
281.542859142
299.012579185
283.08
284.471929571
301.506789592
285.13
284.838088948
301.937568782
286.55
287.68
304.41
287.1
288.45
304.57
287.95
289.24
304.48
287.78
289.47
304.37
288.7
289.29
303.71
288.73
288.99
303.19
288.14
287.52
300.41
287.23
286.73
299.81
285.01
284.83
297.87
283.39
284.5
297.38
282.46
284.4
296.11
281.51
284.134526691
295.604616034
281.2
283.725119613
294.096735454
280.89
283.16
293.83
280.35
282.94
293.16
280.12
282.718979479
293.113786408
279.9
281.94
292.96
279.4
281.54
292.98
279.45
281.15
293.18
279.02
282.064721988
295.686280185
279.72
282.26
297.76
281.98
284.21
299.7
285.3
285.04
300.92
287.81
287.83
302.91
289.16
289.25
303.74
290.85
290.22
303.96
291.61
291.09
304.39
291.89
291.63
304.14
291.65
292.05
303.62
291.71
291.63
302.13
291.26
291.46
301.65
289.64
288.46
299.3
287.65
287.96
299.07
286.03
286.38
297.68
285.35
286.16
297.25
283.74
285.03
295.94
283.09
284.59
295.66
283.04
283.62
295.04
282.58
283.18
294.75
282.32
282.88
294.28
282.18
282.65
294.28
281.49
282.01
293.42
281.37
281.84
294.2
282.07
280.87
296.68
281.44
281.61
299.25
284.78
283.563679064
300.369729586
287.43
286.824339532
302.177364793
288.06
287.441774974
302.214155189
290.57
290.75
303.86
291.64
291.91
304.53
292.06
293.41
304.54
292.05
293.44
304.49
292.12
294.57
303.89
292.11
294.63
303.59
291.33
293.27
300.76
290.2
292.04
300.4
287.51
287.91
298.85
286.25
286.51
298.35
284.8
286.35
297.81
284.07
285.64255731
297.169026403
283.59
284.23
295.95
283.21
283.17
294.75
282.8
283.0
294.45
282.47
282.37
293.76
282.25
282.46
293.76
280.85
283.15
293.17
280.0
283.27
293.74
280.13
283.44
295.01
280.65
283.87
298.56
281.93
283.95
300.05
285.78
286.213251889
301.612294001
287.86
285.12998679
302.558188463
289.82
286.2
304.77
291.1
287.34
305.11
292.16
288.67
305.34
292.38
290.91
305.2
291.62
291.48
304.49
292.1
291.68
302.97
290.62
290.65
301.29
289.02
288.05
299.97
287.96
286.72
298.91
285.22
285.66
297.63
284.97
285.35
297.01
284.3
284.16
295.27
283.98
283.93
294.87
283.21
282.97
293.45
283.12
282.78
293.0
282.23
282.69
292.21
282.37
282.0961835
292.048916762
282.15
282.71
291.58
281.93
282.377882946
292.266263995
281.65
281.596941473
293.803631997
281.72
283.648549868
294.018900121
283.84
284.22
295.47
285.19
285.56
295.51
287.59
287.06
296.39
288.45
289.23
297.98
290.3
290.94
298.76
291.06
291.73
298.75
291.13
292.43
298.3
291.06
293.1
297.77
290.79
292.71
296.43
289.75
292.13
295.03
288.18
289.36
294.08
286.68
288.51
293.78
285.38
285.53
292.77
285.04
285.45
292.38
284.72
284.68
291.41
284.61
284.58
291.22
283.83
284.07
290.6
283.31
283.71
290.27
283.29
284.3
289.04
283.04
283.612535299
288.456093947
283.1
284.44
287.52
283.36
284.197243207
288.280736972
283.2
283.673621603
289.852868486
283.64
284.822608911
291.340448469
284.53
285.05
293.56
285.36
285.78
295.08
285.92
286.43
296.67
286.79
287.07
298.04
287.3
287.54
298.78
287.42
288.04
299.21
287.57
288.21
299.16
287.51
288.05
298.32
287.57
288.06
297.54
287.41
287.62
294.38
287.26
287.39
293.58
286.6
286.72
292.77
286.17
286.86
291.7
285.01
285.84
291.0
284.34
284.83
289.13
284.37
284.81
288.1
284.51
284.59
287.91
284.53
284.21
287.57
283.64
284.08
286.6
283.73
284.306771548
286.017326977
283.72
284.32
285.78
283.02
284.47
286.64
282.73
284.47789998
288.075725869
282.68
284.878651149
289.630179568
282.74
285.26
292.33
286.45
286.99
295.03
288.36
288.1
296.29
289.94
289.09
297.28
291.2
290.13
298.27
291.76
290.45
298.56
291.86
291.06
298.73
292.34
291.24
298.04
292.53
290.62
296.05
292.48
290.37
295.54
289.51
288.15
294.08
287.96
287.89
293.56
286.6
287.07
292.33
286.27
286.2
291.76
286.17
285.38
291.05
286.02
285.18
290.65
285.55
284.21
289.37
285.58
284.06
289.16
283.38
283.18
288.27
284.32
283.09111925
287.395956099
282.81
282.65
286.98
282.05
282.27
287.47
280.36
282.303034078
288.594329163
280.31
283.706785198
290.039258155
282.96
285.19
292.61
285.48
285.82
293.51
288.45
288.72
296.05
289.87
289.47
296.41
290.9
291.89
298.25
291.49
292.73
298.99
292.14
293.48
299.06
292.3
293.52
298.91
291.93
293.18
296.8
290.98
291.44
295.57
288.37
289.12
294.56
286.91
288.61
294.16
284.36
286.79
293.39
283.3
286.01
292.81
282.79
285.637879259
292.614619701
282.67
284.47
292.04
281.19
283.92
291.3
280.95
282.97
291.22
280.85
281.93
290.86
280.8
282.07
290.76
280.94
281.68
290.51
280.47
281.653656635
290.820991859
279.5
281.593328317
291.501995929
279.96
282.62
293.1
280.62
283.49
293.7
284.2
287.68
295.98
287.5
289.82
297.29
289.86
291.73
298.02
291.43
293.16
298.78
291.69
294.22
299.07
292.58
294.3
298.92
292.41
294.33
297.92
292.11
294.68
297.32
290.56
292.54
294.72
288.41
290.14
293.37
286.16
288.09
292.08
285.62
287.74
291.63
284.57
285.42
290.37
283.82
285.160059913
290.084635076
283.35
284.27
289.16
282.91
284.06
288.78
282.63
283.11
288.23
282.56
282.99
288.09
282.03
282.7
287.46
281.97
282.66
287.24
281.9
282.748654272
288.151565109
281.42
282.952327136
290.153782555
281.43
284.585448105
291.161206151
283.06
285.76
293.5
284.76
286.52
295.62
287.34
288.18
297.86
288.93
290.33
299.32
289.83
290.72
300.68
289.67
290.62
301.23
290.04
290.5
301.53
289.95
289.94
300.98
289.28
289.7
299.3
289.09
289.54
298.55
288.3
288.47
295.98
288.16
287.93
295.16
287.3
287.66
293.97
287.24
287.16
293.39
287.17
286.75
292.63
287.11
286.62
292.53
286.8
286.58
291.75
286.29
286.63
291.46
286.18
286.55
291.07
286.23
286.67
290.85
286.29
286.57
290.59
286.18
286.547616239
291.413038947
285.8
286.47
294.11
285.8
286.64
296.19
286.06
286.77
299.84
286.26
287.0
301.48
286.62
287.14
302.31
286.9
287.31
303.2
286.99
287.58
303.55
287.34
287.88
303.52
287.66
287.69
303.25
287.78
287.7
302.51
287.54
287.82
301.29
287.33
287.81
300.44
287.21
287.43
298.27
287.21
287.39
297.62
287.72
287.42
296.28
287.69
287.33
295.8
287.74
287.266118173
295.304354568
287.83
287.14
294.37
287.72
286.72
293.36
287.59
286.65
292.78
287.77
286.77
292.35
287.77
286.68
292.06
287.53
286.24
291.44
287.44
286.154788112
292.386162006
286.88
285.85
295.57
286.85
286.023001009
296.923021448
287.02
286.64
301.43
287.65
287.45
302.67
287.96
287.65
302.96
288.68
288.87
304.07
289.63
289.87
304.53
290.21
291.07
304.51
290.29
291.96
304.47
290.37
292.38
303.56
290.31
292.53
301.64
289.93
292.24
301.06
289.29
290.63
298.79
288.88
288.71
297.51
288.5
288.35
296.69
288.29
287.67
295.64
288.34
287.427995212
295.383722879
288.29
286.58
294.54
287.85
285.91
294.07
287.54
285.98
294.03
287.41
285.30404641
293.793173739
287.33
284.312023205
293.456586869
286.91
285.730691834
294.52221416
287.08
284.242644822
293.898815463
287.09
285.51
294.95
287.37
285.87
298.13
287.09
288.12
301.52
289.54
289.18
303.57
290.12
289.65
303.27
291.11
290.13
302.36
291.56
290.86
302.65
291.37
290.76
302.28
291.45
290.726129113
301.195277564
291.69
290.674064557
299.583638782
291.5
291.269241752
298.823913194
291.1
291.53
297.1
290.61
291.1
294.42
290.44
290.61
294.13
290.6
290.17
292.78
290.66
289.33
292.25
291.26
289.7
291.12
291.45
289.81839331
290.869645952
291.34
290.14
290.23
290.97
290.216343949
289.795636364
290.58
290.4
288.8
290.42
290.340791627
288.504355372
290.15
290.53
287.71
289.95
290.446627358
288.426787349
289.65
290.18
290.6
289.61
290.38
291.72
289.76
290.16
295.03
290.37
290.09
296.65
290.66
290.26
298.25
290.66
291.21
299.22
290.83
292.58
300.4
290.68
291.57
300.66
289.85
289.1
300.96
289.55
288.61
300.39
288.84
288.34
297.95
288.71
288.05
297.14
288.27
286.84
294.7
288.34
286.92
293.72
288.1
286.92
293.63
288.21
286.57
293.41
287.85
286.24
292.52
287.64
285.89
292.59
287.0
285.63
292.13
286.66
285.57
291.53
285.71
285.56
291.44
285.21
285.062227912
291.076930594
284.59
284.5
291.12
284.35
284.43
291.3
281.89
283.67
294.76
281.96
283.39
296.5
283.43
285.25
300.86
285.25
287.34
303.1
286.35
288.19
304.02
287.74
289.47
306.1
288.19
289.75
306.4
288.58
290.81
307.08
288.66
290.8
306.97
288.49
290.84
306.59
287.88
289.39
304.52
287.69
289.34
303.75
287.07
288.04
301.98
287.04
287.92
301.55
286.13
286.63
300.8
285.95
285.88
300.3
285.04
285.645207948
300.038822167
284.94
284.95
299.31
284.65
284.26
298.25
284.48
283.54
297.6
284.42
283.0
297.3
284.13
282.873100805
297.577184674
284.13
283.78
296.39
284.42
283.91
296.29
284.42
283.8
297.11
284.55
283.82
299.99
284.64
284.61
301.04
285.16
287.5
303.69
285.18
288.85
304.99
285.36
289.75
306.01
285.73
290.22
306.08
285.9
290.39
306.45
285.9
290.81
306.14
286.0
291.21
304.46
286.22
290.43
303.67
286.03
289.59
301.0
285.87
288.5
299.24
285.56
288.43
298.46
285.37
287.71
296.35
285.32
287.62
295.39
285.28
287.48
294.81
285.28
286.96
292.45
285.28
286.79
292.04
285.22
286.33
289.93
285.22
286.15
289.31
285.12
285.75
287.46
284.79
285.77
287.26
284.67
285.47
288.09
284.19
285.76
291.8
283.75
285.76
293.86
284.13
285.77
299.17
284.7
285.88
300.96
285.63
286.32
302.41
287.28
287.03
303.56
287.65
287.77
304.23
287.86
287.92
304.37
287.8
288.79
304.36
287.92
289.01
303.54
287.78
288.21
300.0
286.94
287.55
299.05
284.91
285.34
295.1
284.11
285.15
294.28
282.96
284.49
292.63
282.08
283.76
291.99
282.08
283.58
291.92
282.22
282.97
290.51
281.72
283.11
289.98
282.61
282.949202451
289.521607361
281.82
282.532333333
288.049
282.02
282.381666667
287.79
280.48
282.379
293.7165
280.36
282.179
291.395666667
280.41
282.127
295.260333333
280.2
283.41
298.62
280.84
283.899170732
299.854209289
282.44
284.962585366
302.415104645
284.29
284.499490334
304.472839471
285.85
285.16
307.94
287.03
285.76
308.33
288.76
286.66
308.22
288.77
286.69
307.95
288.41
287.08
306.12
288.44
286.92
302.55
287.91
286.53
301.83
285.1
284.6
298.65
284.36
284.4
298.04
285.13
284.33
296.06
283.5
284.14
295.39
284.14
283.814137931
295.094352994
284.15
282.69
294.14
284.35
282.29
293.36
284.44
283.01
293.11
284.43
282.826413847
292.724412336
284.03
282.41
291.89
283.84
282.62
291.41
281.32
282.41
291.45
280.8
283.13
293.2
281.72
282.93
298.68
282.79
283.48
301.79
283.78
284.23
303.4
287.79
286.42
306.13
289.03
287.23
306.53
290.2
290.06
307.73
290.78
290.52
307.77
291.14
292.02
307.18
291.37
291.86
306.55
290.42
290.81
302.81
289.52
290.76
301.97
287.54
287.7
299.26
286.28
287.37
298.84
285.37
286.582746119
297.631469312
284.64
285.40137306
295.875734656
285.17
284.9439142
296.831662122
284.97
283.57
295.72
284.35
282.79
294.87
283.98
282.48
294.27
283.52
282.327454545
292.965428813
283.5
281.984227273
290.178214406
283.31
281.314477498
292.557911555
282.7
280.57
291.49
281.69
280.83
292.4
282.62
281.11
295.2
283.26
283.37
296.72
285.61
285.98
298.41
287.5
287.22
299.37
289.6
288.062356656
299.61908342
290.38
289.362178328
299.99054171
291.52
288.392109379
298.62825169
291.64
290.348
299.506333333
291.56
290.034
298.650666667
291.18
288.831
296.706
289.92
288.813333333
296.213333333
287.73
287.906666667
294.631666667
286.73
287.55
294.3375
286.43
286.46
292.326666667
286.2
285.92
291.603333333
285.96
286.635986518
291.007912283
286.2
285.791549794
290.254136699
286.24
286.35
289.42
285.82
285.65
288.71
285.82
285.55
288.3
285.66
285.35
287.95
285.39
285.23
287.88
285.14
285.07746471
289.031966543
284.95
284.849232355
290.701483271
284.81
285.01
290.28
284.12
285.59532154
291.862992568
285.63
286.46966077
294.153496284
286.32
286.905529102
294.169147287
286.83
287.86
296.08
287.82
287.831086563
296.789781457
287.83
288.704487913
296.578492332
288.84
288.64737976
297.649451861
288.82
290.04
297.35
288.68
289.71
296.96
287.68
288.36
293.65
287.02
287.910694472
292.884090645
286.56
287.28
292.54
286.14
286.842838628
291.594380567
285.97
286.169419314
290.195190283
