277.07
279.176100603
281.662163462
277.007453339
278.56
279.81
276.68
278.275051826
277.629911439
276.549710983
277.73
278.39
275.86
277.535894086
277.890317371
276.204621432
277.27
277.27
275.48
277.66
276.84
276.09
277.56
276.33
276.22
277.5
276.3
275.88
277.413536536
276.03
275.934069496
277.17
276.03055525
276.16
276.495330347
276.07
276.053671688
276.93
276.071103753
275.59
276.958744839
274.656999169
275.995193548
276.99
276.39
275.24
276.4
281.01
275.32
276.18
282.92
276.88
276.94
285.54
277.62
276.951909629
287.27
277.73660237
278.58
287.272868834
278.24
279.319905894
287.450934417
278.514815327
280.69
289.19
279.76
280.866234287
288.847190779
279.332428044
281.06
288.5
279.75
280.536536214
287.088633583
279.746820454
279.93
285.58
279.73
279.414744526
284.83
279.875798028
279.65
284.829175687
280.53
279.635601833
283.3295
279.88298738
279.62
283.84
280.61
279.75
283.23
280.81
279.67
282.78
280.83
279.649765101
282.32
280.826119071
279.72
282.325832521
280.81
279.808609216
282.78
280.82
279.9
282.73
280.42
279.498059121
282.7
280.38
279.47
282.84
277.62
279.564062012
282.464824144
277.386886514
279.24
283.51
276.43
278.593391995
284.77
276.54
277.9
285.16
278.16
278.75
286.3
278.33
278.848928814
288.16
278.556689578
279.39
288.159372712
278.94
279.418677629
288.757927318
278.947016865
279.45
289.36
278.98
279.241911991
289.204674571
278.748115438
278.71
289.35
277.63
278.398441595
289.291539749
277.584773994
278.04
289.23
277.25
277.867899834
289.482998205
277.116847557
277.67
289.75
276.49
277.89
290.23
276.27
277.89
290.38
276.349726027
277.89
290.379328953
276.69
277.960411168
290.26
276.762180075
277.69
290.249509455
277.06
277.62231001
290.708523506
277.023469143
277.55
289.38
276.96
277.480031297
288.955006125
277.017238938
277.4
288.51
277.29
277.290366332
289.174742971
277.233694785
277.22
287.63
276.94
277.087712082
288.728500639
276.887677459
276.91
290.05
276.92
277.17
291.98
277.24
277.1783125
292.136835531
277.406486166
277.24
292.98
277.48
276.929777566
293.71293965
277.536030786
276.57
294.49
277.8
276.373101238
290.532955625
277.652471313
276.53
291.77
276.92
276.623614104
289.532246955
276.79330338
276.74
287.0
276.08
276.854387625
285.389050374
276.155886626
276.99
283.65
276.48
277.386344828
281.71
276.37201093
277.07
281.697200222
275.97
277.104285516
280.73
276.266130435
277.14
280.642445496
275.56
277.14
280.205567414
275.550867326
277.14
279.68
275.51
276.998661186
278.948980973
275.414704909
276.81
279.4
274.99
276.796328906
279.251633745
274.91720812
276.78
279.09
274.02
276.399887816
282.008114091
273.781843575
275.95
285.14
272.82
276.66845754
288.513704698
273.499208722
276.93
291.23
276.21
277.910054877
292.725833333
276.504518213
279.02
294.27
276.63
279.240026438
294.45528437
276.570744974
279.52
294.67
276.26
278.870213894
293.449926826
276.195488281
279.71
293.18
275.84
279.124912427
292.186417931
275.766988168
278.27
290.88
276.32
277.533067834
290.953605329
276.296304284
276.46
291.05
276.17
276.310442999
291.514734584
276.063201669
276.44
292.03
275.63
276.621737194
292.26929366
275.421119237
276.84
292.53
275.59
276.875565194
292.689375
275.53742809
276.92
292.87
275.3
277.350910474
291.798481858
275.231070015
276.39
292.6
274.93
276.381260459
292.134947354
275.00983795
276.37
291.59
275.05
276.400267028
292.093256678
275.057701484
276.44
292.69
275.09
277.148318681
293.151082262
275.263303411
276.62
294.97
276.0
276.951448734
295.469952987
275.757490887
277.36
296.03
276.9
277.244866878
296.067300952
276.867387863
277.1
296.11
276.71
277.654963319
293.19089498
276.658620164
276.68
293.06
276.41
276.701801476
291.082527166
276.137746269
276.73
288.76
276.24
276.641631823
287.689415885
276.243676199
276.53
286.46
276.26
276.697664908
284.970051546
276.239584147
276.04
285.41
276.16
276.170812013
285.134905451
275.964981754
276.32
284.85
275.92
276.136707483
284.229025285
275.881536103
275.92
283.56
275.71
276.720016134
283.586653543
275.706233839
275.94
283.81
275.69
275.92175744
283.824407756
275.62877707
275.9
283.84
274.8
275.872349272
286.647199834
274.794116497
275.84
289.63
274.77
276.860782923
295.1
274.924545455
276.34
295.100597144
275.53
277.5
295.56
275.66
277.565729323
295.525393189
275.730199487
277.95
295.53
276.08
277.935585854
294.54
275.763058527
277.92
294.430372459
275.44
277.619830508
292.378299413
275.257565845
277.3
290.25
274.39
276.998164816
287.51
275.13
276.56
286.56
275.4
276.412636364
286.13079032
275.294892082
276.07
285.19
274.61
275.98
283.75
274.7
276.04
282.51
274.55
275.81
282.03
274.08
275.7
281.22
273.98
275.67
280.87
274.26
275.66
280.34
274.13
275.62
280.04
273.89
275.550845345
279.954033106
273.761229358
275.34
279.73
273.58
275.1
283.91
272.8
275.17
286.88
273.82
275.182588235
287.219715405
274.180131694
275.54
290.01
275.8
276.78
294.15
276.28
276.818659574
294.268426694
276.326397462
277.27
295.14
276.56
277.427426186
294.95
276.72
277.61
294.36
274.97
277.420060366
293.49
274.574070675
276.78
293.469987314
272.79
275.875827897
292.084493657
272.776
275.44
292.52
272.71
274.78
292.12
272.57
274.774275394
292.11
272.39
274.79
292.23
272.84
274.52
292.99
272.69
274.32
293.22
272.63
274.57
293.94
272.73
274.29
294.15
272.74
274.02
294.54
272.85
274.04
294.53
273.27
273.61
295.01
273.36
273.78
295.21
273.04
273.87
295.82
273.16
274.22
296.58
273.49
274.222034787
297.51
273.672303013
274.57
297.5174327
274.47
275.86
298.73
275.22
275.86153827
298.572273448
275.27528972
276.22
298.72
275.56
276.429143184
297.24
275.58073955
276.66
297.157178406
275.19
276.371253984
293.3
275.208185544
276.07
293.28377686
275.29
275.102695713
292.31038843
275.314344333
275.6
286.63
275.43
275.5
283.55
275.42
275.69
283.18
275.43
275.88
283.03
275.55
276.06
282.85
275.58
276.18
282.35
275.73
275.91
281.89
275.07
275.69
280.88
274.88
275.55
280.71
274.74
275.39
280.12
274.74
275.36
279.88
275.07
274.715928311
281.197678494
275.135770492
275.69
279.53
275.41
276.35
278.91
275.4
276.65
278.78
275.42
276.46
278.59
275.35
276.390296128
278.33
275.3
276.06
278.07
275.15
275.886074219
277.82
274.85
276.1
278.0
274.67
275.350918609
279.017140661
274.677549451
275.76
278.18
274.71
275.602285834
278.09
274.704183081
275.43
278.096693844
274.74
275.396517944
277.895081081
274.772745511
275.36
277.7
274.91
274.755029851
277.28
274.893483355
275.63
277.279829084
274.83
275.59
277.25
274.83
275.63
276.89
274.87
275.600647438
275.71
274.5
275.52
275.21
274.72
275.68
274.72
274.54
275.69
274.72
274.52
275.699068711
274.61
274.525215236
275.72
274.658541485
274.27
275.77
274.78
274.32
276.19
274.96
274.43
276.16852975
275.109545645
274.599767923
276.37
275.3
275.4
277.21
275.51
275.66
277.139583443
275.7231417
275.75601626
277.46
275.66
276.23
277.65171766
275.49
275.997348089
277.86
275.510432125
275.83
277.443699862
275.44
275.651411374
277.01
275.435032436
274.85
276.016097173
274.85
274.890147121
276.67
274.847094211
275.07
276.67
273.57
274.89
276.67
273.23
274.36
275.86
273.09
274.48
275.854210409
272.85
274.33
275.83
272.822935741
274.295672155
275.98
272.66
274.14
275.66
272.86
274.08
275.56
272.79
274.09
275.55
272.49
274.18
275.41
272.66
273.59
274.79347851
273.73
273.67
275.34
274.91
273.25
275.228089494
276.69
272.961331498
275.35
276.685286181
274.14
276.13
277.99
275.52
276.295823877
278.155776214
275.278663187
277.36
278.96
276.34
277.587414348
279.599501048
276.297395676
277.84
280.25
276.11
276.811879352
278.094899889
275.707217676
277.48
278.93
273.81
276.713065062
278.506764666
273.513515152
275.79
278.04
273.37
275.198376511
278.083072168
273.254806746
274.49
278.13
272.77
273.535014542
277.14
272.364576587
273.88
277.128288995
270.82
273.34
276.08
272.09
272.67
275.87
271.88
272.586853397
275.52
271.770435393
272.35
275.519152303
271.3
271.038778626
275.22
271.3
272.0
275.13
269.61
271.867587399
274.87
270.91
271.43
274.802345416
270.735741483
271.5
276.09
269.98
271.441690863
279.75
270.08
271.38
279.71293177
270.590497804
273.07
281.05
273.01
275.47
282.96
273.32
276.44
283.5
274.22
276.630154932
283.604015285
274.175344095
277.24
283.89
273.95
275.689172863
282.0
273.385657034
277.22
281.996581313
270.78
275.9464012
278.860873977
270.688754717
274.52
279.49
271.53
273.845200743
278.03
271.181090935
273.1
278.016674269
269.74
272.11
276.8
269.75
272.102853326
276.32
269.61
271.86
276.12
269.13
271.095887406
275.82
269.16
271.19
275.43
269.08
270.568230977
275.24
268.740268432
270.3
275.133244937
269.17
270.13
274.2
268.99
269.95
274.12
269.19
269.11444878
275.23
269.23
269.84
276.43
268.62
269.883775315
279.6
268.746475251
270.57
279.623148088
270.01
273.8
282.64
272.23
274.055582329
283.17
273.48
275.52
283.111932271
273.516100629
277.11
283.04
273.7
277.400671727
282.27
273.323504039
277.72
282.19781179
272.24
276.846558844
280.92
272.080079073
275.93
280.909474048
271.35
273.078169492
279.393737024
271.205321388
273.01
280.06
270.49
272.505446023
279.4
270.280978388
271.95
279.352835111
269.84
271.47
278.59
269.5
270.84
278.19
269.59
270.668346874
277.975987805
269.536942291
270.49
277.62
269.29
270.14
276.85
269.3
269.84
276.56
269.24
269.870113527
275.94
269.09
269.94
275.76
268.38
269.77
275.83
268.38
269.7
276.48
268.12
269.59
278.09
268.87
269.551324717
279.35
269.442283871
271.63
279.357979185
271.84
275.24
280.55
272.22
276.44
280.8
273.53
276.736784438
281.12
273.634008847
277.56
281.115446626
274.1
274.789796534
280.23
273.616232649
277.98
280.228935582
271.39
275.916828998
278.475643519
271.085387136
273.67
278.69
271.19
272.861958269
277.67
270.951281184
272.0
277.661268562
269.96
271.35
277.04
269.78
271.347121693
276.85
269.679315589
271.19
276.851580659
269.24
268.687674944
277.28
268.99
270.08
277.37
268.82
270.14
277.26
268.74
269.834258873
277.31
268.76
270.4
277.21
268.52
270.59
277.12
268.85
270.16
277.52
268.73
270.15
278.36
268.12
270.133366771
279.69
268.91
270.08
279.705835853
269.34926221
271.53
280.89
271.45
274.46
282.19
272.23
274.317865258
282.184768721
272.426912521
275.72
282.46
273.43
276.38764171
282.3
273.26373021
277.13
282.274406593
272.19
276.258436807
281.48
271.94950235
275.33
281.470418283
270.87
272.954660639
279.745709141
270.826627727
273.13
280.98
270.63
272.833306053
280.59
270.46
272.52
280.07
270.27
272.36
279.2
269.37
272.38
278.09
269.1
272.332316206
277.32
269.072276182
272.18
277.313083957
268.95
271.831153527
276.04
269.141842284
271.46
276.019655344
268.59
271.184661381
275.648275862
268.786926535
270.87
275.24
269.63
269.936789196
274.877700256
269.486074779
269.88
276.09
268.9
270.05085549
278.465818882
269.377985144
270.25
280.99
270.14
273.3
285.29
271.18
273.386317723
285.458245574
272.971670473
274.3
286.64
273.25
274.394086545
286.955649819
273.183620121
274.51
287.31
272.87
273.524912044
283.632334144
272.76432201
274.81
284.67
272.24
274.766645435
283.08620407
272.236086019
274.71
281.21
272.77
274.553651348
280.308063975
272.805438019
274.36
279.29
272.96
273.160826437
277.43
272.928452794
274.34
277.423980636
272.81
274.354362982
276.15
272.630840125
274.37
276.14672808
272.6
274.442640045
274.72
272.569065329
274.52
274.710785604
272.44
273.296987404
274.02
272.25
274.41
273.55
271.91
274.519175593
273.11
271.94
274.54
273.79
271.6
274.55
276.43
271.49
274.65
277.8
271.97
274.234068427
280.93
272.143316232
274.81
280.954899828
272.85
275.09
282.93
273.8
275.065976032
282.828620672
273.864953737
275.55
283.86
274.19
275.765987055
283.86
274.180752275
276.01
283.86
273.54
275.906715029
282.122414454
273.366080969
275.79
280.31
272.54
274.935956672
277.819649222
272.483639078
275.61
278.22
272.21
275.638655054
276.87
272.271438318
275.67
276.80202439
271.68
275.57
276.11
271.94
275.59
275.82
271.4
275.576470929
275.671657534
271.435444799
275.7
275.27
271.62
275.816678546
274.652915361
271.758467066
275.95
274.0
271.86
275.79
273.05
273.14
275.71
272.67
273.2
275.8
272.86
273.21
275.93
273.46
273.16
275.940466623
275.16
273.27844387
275.98
275.200891658
273.79
276.77
277.39
273.99
277.18
278.83
274.08
277.42
279.63
274.4
277.579008646
279.828798539
274.421082855
277.99
280.28
274.52
277.329655172
278.712402281
274.513395375
277.88
279.51
274.48
277.865980915
279.211806316
274.622081984
277.85
278.9
274.76
277.778084507
278.28
274.794024545
277.7
278.282632174
274.94
277.84
278.66
274.8
277.839452205
278.76
274.97
277.64
278.7
275.23
275.901002322
278.63
275.23
276.91
278.53
275.07
276.56
278.47
275.13
276.48
278.57
275.34
276.86
278.28
275.4
276.89
278.28
275.14
275.647596987
277.883602888
275.187445443
276.62
278.54
275.42
276.296795881
279.0478462
275.792401447
275.85
279.68
276.62
278.01
280.76
277.24
278.19210039
281.23
277.71
279.59
281.226978541
277.889479479
280.93
281.39
278.81
281.430116461
281.89
278.761779305
281.99
281.884157663
277.33
281.066518213
281.60574433
277.113344972
280.06
281.32
276.08
277.252942621
281.228604502
276.009990191
277.8
280.89
275.69
277.46233675
280.98
275.440039434
277.1
280.993783858
274.88
276.55
281.18
274.57
276.05
281.38
274.51
275.92
281.44
274.34
275.89
281.75
274.26
276.08
281.91
274.11
276.09
282.07
277.08
276.089252057
282.077256571
276.589437694
276.03
282.2
274.38
274.280968416
282.730198634
274.348956869
276.08
282.76
274.22
276.299576561
283.191380582
274.076195314
276.56
283.66
274.87
277.33
286.22
275.7
278.19
288.34
276.05
278.191309392
288.368033254
276.155464934
278.65
289.77
276.68
278.788280337
290.77
276.598914906
278.94
290.646132935
276.08
278.959540675
287.09
276.041675712
278.98
287.070130255
275.87
276.496386316
285.769565127
275.823133903
278.48
285.41
275.59
278.123379741
284.38
275.328844601
277.73
284.357127223
275.63
277.25
283.67
277.64
276.63
283.03
275.23
276.523269116
282.27
275.231851221
276.34
282.269549729
275.24
276.18
280.69
275.24
276.06
280.42
275.04
275.981129305
280.145493967
275.065201984
275.79
279.56
275.18
273.194749538
280.28
275.072772944
275.96
280.291054422
274.64
275.984536972
284.18
275.08
276.01
285.6
275.426033224
276.83
285.606886657
276.89
277.71
286.56
278.12
277.7402657
286.689536082
278.279113128
278.17
287.25
279.05
278.839627519
287.343917153
278.604324769
279.58
287.44
277.86
279.125917921
286.254455554
277.488483709
278.61
285.01
275.79
276.3689375
282.75
275.654786803
276.82
282.748979021
275.05
276.141241784
281.29
274.670092854
275.42
281.266600547
274.1
274.84
280.79
273.96
274.44
280.43
273.89
274.49
280.34
273.760787611
274.357494824
280.16315572
273.58
273.85
279.57
273.32
272.585234277
278.713850206
273.219058824
273.6
279.14
272.8
273.748922396
278.684435191
272.550146058
273.93
278.18
272.7
273.943148017
277.817762712
272.744735594
273.96
277.4
272.93
273.397300484
277.749164384
273.536603434
274.26
277.4
276.0
275.708122066
277.208740168
276.208855145
277.36
277.01
278.94
278.366049822
276.942852845
279.034397574
279.56
276.87
279.47
278.114544257
276.656932809
278.826355179
280.01
276.65
275.67
279.340659178
276.430411808
275.336241912
278.29
276.12
274.88
278.232919112
275.874836124
274.605122817
278.16
275.59
273.42
275.290992153
274.78
273.444816623
277.63
274.778643405
273.54
277.394780849
273.7
273.173830986
277.14
273.672856202
273.55
277.258860309
273.311598797
272.665497076
277.39
272.92
268.93
274.308124031
271.109993264
268.973502928
276.61
271.72
269.17
275.994065778
271.379819621
269.541216504
275.23
270.99
274.17
274.18
271.63
274.16
273.77
272.75
274.17
275.71
274.46
274.13
277.79
275.31
276.34
279.76
276.28
277.35
279.47638553
276.129117188
277.628313253
280.57
277.2
279.15
281.220320787
277.464916536
278.495402772
281.98
277.75
277.95
281.294410291
276.701876777
277.449725795
280.5
275.58
274.93
277.09642481
273.354235176
274.747349414
276.0
274.26
273.92
275.287821104
273.08
273.74835533
274.52
273.057826902
272.69
274.11
272.89
271.88
273.22
272.27
271.87
273.205507463
272.150450185
271.964502566
272.85
272.45
272.4
272.864545714
272.12
271.12
272.88
272.024930796
271.272006597
272.61
272.16
271.91
272.454182962
272.356905381
271.673110479
272.28
272.56
271.13
273.344395604
273.521903172
271.566328953
274.6
274.54
273.48
273.630553936
277.56
273.99
275.21
279.34
274.264481328
275.86
279.341171734
275.49
275.278783952
281.45
275.49884163
277.05
281.450092555
275.54
277.77886654
280.775096379
275.496771596
278.6
282.13
275.47
278.775810565
280.776059079
275.584439124
278.98
279.33
276.12
279.065513999
276.726497961
276.148547582
278.59
277.63
276.29
278.95631068
276.32
276.340391304
279.36
276.253386289
276.85
278.87
275.95
273.52
278.803161409
275.84
272.63
278.46
275.69896231
272.493753199
278.24
275.39
271.87
278.110231056
275.25
272.54
277.97
274.91
272.1
278.03
274.98
272.2
278.031286699
274.956885954
273.413899073
278.31
274.48
276.64
278.376543475
275.984467885
276.896435224
278.46
277.73
277.99
277.799297297
284.68
278.5
279.27
284.790962807
278.741390153
279.44
287.14
279.82
278.323416595
287.305038997
279.764124897
280.78
289.28
279.5
280.951644249
289.449890336
279.307817725
281.15
289.63
279.68
280.971797753
287.867840909
279.689065636
280.76
285.94
279.73
279.382542484
281.662502134
279.796466638
280.74
281.93
280.13
281.093256979
280.46
279.67359307
281.49
280.382132825
280.69
282.13
278.98
282.18
282.269704455
278.65
281.073020071
282.94
278.640608479
282.45
283.354045549
278.331675854
282.257529086
283.81
278.01
281.47
282.788079537
277.27
281.272990833
283.49
277.265719019
280.44
283.007545021
275.480106111
279.993898957
282.44
276.32
277.53
281.848532221
278.57078983
277.757905199
281.03
281.38
278.74
280.169171164
283.617460792
278.636937316
280.98
286.92
278.2
280.777759371
288.697675334
278.402133201
280.54
290.6
279.2
280.350881483
290.902439286
279.52475793
280.12
291.24
281.16
279.578276792
288.461183433
280.581666667
280.31
289.84
277.69
279.899751837
287.698691485
277.325213166
279.37
285.18
278.15
279.212966467
284.518383782
277.983048674
279.01
283.74
277.17
278.383478957
282.72
276.198284717
278.43
282.707065353
272.55
278.332703452
281.54
273.267920653
278.23
281.502333333
273.17
278.087383737
280.922438627
273.194680586
277.93
280.3
273.3
277.348929127
279.39949669
273.383476276
276.46
279.3
273.75
276.070587922
279.092261427
274.464762215
275.57
278.85
275.47
275.267684616
280.242497149
275.595220496
274.86
281.93
276.14
276.431707965
284.707046578
276.59696
276.32
288.5
278.52
277.82176781
289.538599
278.434461756
279.61
290.67
280.18
280.160222344
291.147290809
280.094235929
280.83
291.68
279.67
280.296352941
290.324975557
279.158103401
280.79
291.23
276.52
279.652525639
290.10869446
276.260549329
278.14
288.75
276.93
277.510948463
287.947597122
276.744098128
276.7
287.01
275.92
275.764191477
287.307751949
274.696055587
275.29
285.97
269.89
274.973003096
285.64
270.905062866
274.63
285.608826087
269.11
274.499766578
285.147447654
269.036745309
274.35
284.63
268.7
273.274053052
282.897127776
268.432396118
274.48
282.41
267.13
274.845979544
281.829997371
268.392961953
275.35
281.1
271.84
275.533967671
281.308612946
271.967650731
275.8
281.58
272.51
275.802343958
285.79
273.05134859
276.88
285.79683046
275.17
277.671606196
287.489795918
275.566366445
278.57
288.75
276.68
279.527757626
289.427213452
276.735697162
280.69
290.18
277.01
280.183753304
287.322769562
277.035779373
281.56
288.8
277.17
281.137035611
286.637257332
277.105757832
280.58
284.04
278.14
280.362263648
281.41
278.177953092
280.1
281.403449943
278.34
279.52
280.47
278.49
279.521975041
280.94
273.05
279.65
280.88
272.88
278.899946089
281.09
272.845845523
279.35
281.08547046
272.7
279.20057737
279.709944751
273.707846091
279.04
280.63
271.92
278.889731648
280.09
272.43
278.73
280.0
277.53
278.301770788
279.93
277.653316881
278.62
279.934333146
278.16
279.28
280.33
278.46
280.17
280.59
278.99
280.94
280.54
280.19
281.196262025
279.94
279.942776005
282.6
279.928409513
280.52
283.293223549
278.85644542
280.605140874
284.04
277.78
281.0
283.320815268
276.86
280.794276957
283.28
276.859541348
279.84
282.80017251
275.76
279.793967314
282.28
275.756909091
281.16
282.134762904
274.84
281.122031474
281.98
274.836905887
280.96
281.59
274.44
280.94
281.564759274
273.89
279.789128306
280.81
273.882912065
274.82
280.556803707
273.11
274.98
279.65
273.46
275.11
279.843902628
272.98
274.91
279.55
272.860803859
274.79879124
280.15
272.27
274.3
279.49
271.47
274.67
279.7
272.4
279.82
279.626615385
275.08
279.79
279.46
277.51
280.67
279.80622807
280.69
280.704533844
281.06
280.717824476
280.85
281.38
283.84
280.99
281.82
284.89
281.18
281.791310811
285.022646207
281.276664808
281.71
285.35
281.74
281.757390331
283.254942218
281.599858863
281.42
284.38
280.94
281.240311295
282.370220325
280.294511469
281.04
280.31
280.33
280.982749646
278.34
280.25932288
280.92
278.324248066
279.96
280.37
276.0
280.12
280.36825
274.82
280.129223096
280.31
274.815924993
280.17
280.438138009
272.74
280.166162839
280.27
272.728918658
280.15
280.109587771
271.56
279.837553209
279.94
271.544947891
279.63
280.44
270.56
279.93
280.13
270.43
279.95
279.63
270.37
279.98
280.18
271.76
279.94
279.988876297
272.382184419
279.974627257
279.45
273.9
279.59
280.93
276.71
280.84
281.071834061
276.97155648
280.634465677
282.05
278.34
