284.38
281.13
295.74
283.78
280.61
295.65
283.78
280.49
295.78
283.73
280.12
296.03
283.37
279.79
296.49
283.45
280.49
296.82
284.27
282.13
297.53
284.86
283.29
298.61
286.1
284.79
300.27
288.26
286.12
300.83
288.72
286.91
301.53
289.65
288.47
302.47
290.18
289.81
302.9
290.61
290.38
303.4
285.3
290.9
303.01
291.45
290.98
302.37
291.0
290.9
301.36
291.25
290.08
300.26
289.08
288.61
299.82
287.98
287.04
299.21
286.25
285.24
298.48
285.88
284.63
297.79
285.14
283.69
297.39
284.43
282.95
297.29
283.79
282.54
297.05
284.374
282.34
296.97
283.59
282.14
297.03
283.35
281.64
297.13
283.06
281.57
297.11
284.798
282.12
297.6
284.47
285.748
298.47
284.798
286.62
299.43
285.4
288.14
300.43
285.4
293.3
300.24
285.4
294.09
299.91
292.64
295.54
299.888
294.22
296.14
294.98
294.0
297.05
291.23
296.0
297.33
290.84
295.34
297.44
289.83
294.62
297.01
289.42
294.73
296.01
288.36
293.12
292.77
288.1
286.67
291.66
288.07
290.07
289.28
288.15
289.76
288.16
287.78
288.64
287.29
287.59
288.8
286.74
287.55
288.34
286.38
287.17
287.92
286.09
286.69
287.55
286.15
286.01
287.51
285.94
285.73
287.19
285.45
285.75
286.523
285.65
285.973
288.31
287.15
286.23
289.82
289.55
286.96
290.48
291.19
288.24
290.83
292.64
289.7
292.64
294.77
291.04
294.94
296.22
292.15
294.92
297.4
292.63
295.15
298.1
292.63
296.1
298.51
287.881
288.731
297.181
287.881
295.86
297.83
291.23
295.15
296.96
290.81
294.3
294.37
290.49
292.59
292.66
289.59
290.54
291.134
287.68
289.7
290.24
285.79
288.44
288.91
285.47
287.99
287.72
284.98
287.92
286.91
284.9
287.576
286.12
285.126
286.83
285.87
284.69
285.6
285.52
284.44
285.63
285.26
285.49
286.917
286.1
287.62
288.94
288.42
289.04
290.1
290.51
288.567
290.8
292.51
291.983
293.83
294.2
292.35
293.35
295.733
291.983
295.28
298.642
293.91
288.642
298.6
294.35
297.24
299.37
294.76
295.96
299.85
292.125
297.18
299.88
292.125
296.95
299.18
292.3
289.184
296.884
290.17
289.184
296.11
288.35
293.19
293.81
287.18
290.92
292.08
286.1
289.604
291.254
285.44
289.84
290.12
284.52
289.27
289.31
284.16
289.39
288.52
284.12
288.813
287.92
284.45
287.85
287.39
284.44
287.44
287.08
284.35
286.97
286.74
286.72
287.801
287.44
291.351
289.28
289.05
292.0
287.801
290.91
291.351
292.53
296.586
296.98
294.15
294.55
298.59
294.56
296.34
297.636
294.35
297.91
300.24
296.12
298.48
300.52
296.15
299.0
300.64
297.59
298.78
300.42
298.09
298.4
299.4
289.448
298.06
297.6
289.165
297.14
295.09
295.92
297.315
293.58
289.165
294.3
292.57
291.97
292.86
291.88
290.87
291.34
291.45
290.59
289.56
290.53
290.22
287.7
290.02
289.83
286.31
288.9
289.39
285.73
287.83
288.2
285.28
287.23
287.15
285.14
287.19
286.89
285.15
288.24
286.73
285.57
289.38
286.88
286.66
292.02
287.82
287.63
294.7
289.12
288.19
296.77
289.84
288.87
298.39
290.42
289.41
299.77
290.48
290.53
300.83
291.58
291.39
302.11
291.55
292.17
301.93
292.55
292.35
301.4
291.41
292.23
300.44
290.64
291.96
299.03
290.1
291.22
297.89
289.21
290.1
296.9
288.86
288.22
296.24
288.08
286.94
295.61
287.62
286.26
294.99
287.14
285.84
294.15
287.02
285.62
293.23
286.95
285.74
291.89
286.54
285.68
290.14
286.3
285.45
289.25
286.16
285.2
288.72
285.96
285.05
289.71
285.75
285.07
292.65
286.1
285.37
295.04
286.51
285.75
296.84
287.19
286.96
298.07
287.41
288.48
299.2
288.83
289.26
299.73
289.96
290.06
300.06
289.84
291.01
300.47
290.35
291.66
300.58
291.44
291.66
300.41
291.38
291.47
299.82
291.12
291.22
298.65
290.21
290.96
297.77
288.73
289.77
296.9
288.03
288.39
296.04
287.02
286.94
294.97
286.32
286.02
294.16
285.82
285.11
293.29
285.64
284.39
292.85
285.37
283.64
291.91
285.3
283.17
291.36
284.9
282.96
290.82
284.39
282.65
290.67
283.97
282.89
291.72
284.31
283.65
293.27
285.12
284.56
294.87
286.23
286.18
296.14
286.61
287.16
298.38
287.73
288.53
299.38
288.14
289.58
300.41
288.99
291.12
300.92
288.76
291.76
301.39
289.97
291.75
301.42
290.37
290.03
301.09
291.08
288.67
299.76
291.4
288.37
298.88
290.62
287.86
297.72
289.74
286.76
297.05
288.69
286.03
296.49
287.84
285.77
295.87
287.39
285.62
295.21
286.72
285.32
294.57
286.22
285.08
294.05
285.7
284.53
292.97
285.47
284.17
292.29
285.46
284.03
291.84
285.06
283.82
291.83
285.23
283.75
292.33
285.47
284.46
293.59
285.3
285.44
295.06
285.83
286.5
297.1
285.92
287.47
298.54
286.49
288.32
300.02
287.09
289.21
301.17
288.37
290.01
301.87
289.06
291.08
302.37
290.24
291.8
302.29
290.9
292.3
301.97
290.21
292.57
301.02
291.41
292.32
300.39
290.96
291.69
298.86
289.1
290.24
298.13
289.07
288.49
297.51
288.45
287.18
297.18
287.72
286.1
296.31
287.33
285.25
295.79
286.85
284.21
294.9
286.57
283.6
294.66
286.4
283.07
294.43
286.52
282.73
294.04
286.34
282.31
294.03
286.21
282.2
294.77
285.67
283.6
295.77
286.75
285.06
297.37
288.3
286.76
298.41
288.44
288.25
300.07
289.57
289.77
301.17
290.19
290.54
302.3
291.6
291.76
302.95
292.27
292.77
303.19
292.63
293.44
303.22
292.88
293.69
302.75
292.84
293.59
302.1
293.64
293.08
301.22
292.64
291.99
299.87
291.57
290.16
299.32
290.22
288.4
298.62
289.24
286.4
298.2
287.61
285.56
297.29
286.87
284.52
296.39
286.2
283.918369624
296.370477513
285.52
283.69
294.62
285.21
283.5
294.39
286.0
284.4
294.63
285.0
284.4
294.7
285.0
284.47
295.06
284.07
284.92
296.49
284.59
285.13
297.34
284.75
285.18
298.24
285.3
285.64
299.43
286.58
286.4
301.59
287.02
287.66
301.67
288.2
288.63
302.42
289.19
289.63
303.49
289.65
290.89
303.49
289.81
290.87
303.31
289.83
292.16
302.68
289.28
291.88
301.64
288.7
290.87
299.83
289.3
290.14
298.89
288.3
289.96
297.66
288.14
288.15
297.34
288.15
287.16
296.71
286.72
286.91
296.67
287.15
286.27
296.15
286.0
285.94
295.98
285.15
286.39
295.22
285.31
286.38
294.69
285.15
285.1
294.15
286.15
285.95
294.93
285.41
286.12
295.5
285.76
287.64
297.69
286.57
289.89
298.86
288.11
291.13
300.65
288.61
292.38
301.17
290.0
293.63
302.36
291.11
293.81
302.89
287.92
295.63
303.83
291.78
295.59
303.67
291.61
295.86
302.87
291.35
295.64
302.24
290.63
294.61
301.27
290.61
293.63
300.09
288.76
293.39
299.96
289.59
291.88
298.83
288.52
291.68
298.1
288.46
289.65
296.99
288.34
289.42
296.72
288.46
288.81
296.2
287.96
288.15
296.14
287.28
288.03
295.91
287.23
288.17
295.49
287.45
287.65
295.47
287.31
287.7
295.97
286.53
287.98
296.59
286.69
288.47
297.57
286.58
288.16
298.23
286.15
288.23
298.26
285.54
287.63
299.04
286.0
288.31
300.13
286.86
288.67
301.03
288.25
290.41
301.08
289.75
290.88
300.35
290.02
291.71
299.93
289.7
293.36
299.8
291.19
293.08
299.05
289.51
292.62
298.81
289.74
291.66
298.75
288.75
290.1
297.87
288.0
287.4
297.15
288.54
287.15
297.15
287.15
286.39
297.15
286.99
286.16
297.15
286.99
285.9
296.15
286.15
285.66
296.15
286.15
285.67
296.09
285.3
285.16
295.8
284.31
285.66
295.15
284.3
285.39
295.99
284.3
285.43
296.56
286.26
286.19
298.99
286.73
286.82
300.29
287.07
287.48
301.08
288.05
288.04
301.84
288.87
289.51
302.36
289.11
290.05
302.33
290.16
290.26
302.39
290.35
290.86
301.78
291.11
290.93
300.84
289.9
290.61
300.01
290.15
289.91
299.38
288.54
288.9
298.59
287.99
287.55
298.23
286.86
286.58
297.5
286.06
285.94
297.18
285.75
285.4
296.85
285.19
284.83
296.56
284.92
284.56
296.33
284.71
284.25
296.13
284.27
284.0
295.66
284.01
283.88
295.57
284.21
283.96
295.94
284.74
284.31
297.02
285.33
284.85
297.78
285.73
285.62
298.78
285.71
286.48
299.9
286.04
287.19
300.91
286.18
288.07
301.6
286.25
288.41
302.17
286.15
288.11
298.79
285.92
287.22
296.99
285.66
286.83
296.79
285.64
286.49
295.98
285.72
286.26
295.51
285.53
286.01
295.09
285.33
285.58
295.66
285.02
285.24
296.2
284.76
284.99
296.02
284.68
284.81
295.68
284.83
284.71
295.22
284.67
284.59
294.9
284.52
284.49
294.98
284.54
284.43
295.13
284.38
284.36
295.23
284.22
284.25
295.27
284.14
284.41
295.34
284.47
284.63
295.21
284.81
285.2
295.26
285.6
286.06
295.68
286.31
287.07
296.53
287.66
287.98
297.5
288.56
289.04
298.32
289.08
289.53
298.75
289.64
289.88
298.9
290.18
290.11
298.7
290.24
289.88
299.19
290.38
290.11
298.55
290.04
289.78
297.19
289.35
289.03
295.94
288.07
288.03
295.07
287.12
286.6
294.05
285.84
285.2
293.68
284.83
284.19
293.63
283.95
283.68
293.22
283.45
283.4
292.59
283.07
283.35
292.26
282.86
282.9
291.96
282.59
282.43
291.83
282.37
281.98
291.75
282.43
281.94
291.92
283.52
282.87
292.47
284.86
284.4
293.06
285.22
285.13
294.08
287.53
286.78
296.23
288.28
287.82
297.03
288.68
288.9
298.25
289.78
289.67
298.48
290.25
290.5
297.58
290.43
291.23
296.73
290.97
291.63
295.82
291.05
291.58
296.04
290.62
291.19
295.39
290.34
289.92
294.72
288.74
288.27
293.67
287.51
286.75
293.11
285.66
285.75
292.97
284.64
285.17
293.08
284.03
284.69
292.73
283.19
284.01
292.13
282.59
283.31
291.92
282.31
282.85
291.85
282.18
282.69
291.89
282.23
282.66
291.69
282.75
282.85
291.94
283.24
283.26
293.12
283.69
284.12
295.31
284.39
285.06
297.31
285.76
286.26
298.59
286.52
287.23
299.43
287.73
287.86
299.77
288.49
290.15
300.49
289.36
290.73
300.55
289.49
290.53
300.82
289.12
289.32
301.15
288.0
288.73
301.15
287.99
288.95
300.13
287.46
289.54
298.32
287.1
288.52
298.15
286.96
287.11
296.48
285.91
285.24
295.53
285.5
285.09
295.26
286.17
284.72
294.14
285.8
284.52
294.35
284.41
284.21
292.93
284.32
283.98
292.58
283.99
283.94
292.16
284.0
283.8
292.44
284.06
283.86
294.17
284.36
284.16
296.45
284.32
284.29
298.43
284.4
284.85
299.8
285.04
285.7
300.89
285.4
286.71
301.97
285.86
287.66
302.44
286.35
288.38
303.3
286.68
288.86
303.81
287.46
289.36
303.84
287.79
289.77
303.94
287.86
289.67
303.14
287.86
289.27
302.08
287.61
288.39
300.44
287.24
287.15
299.1
286.06
285.67
298.35
285.07
284.61
297.43
284.67
283.85
296.5
284.08
283.02
295.79
283.26
282.55
295.15
282.66
281.99
294.39
282.31
281.71
293.86
281.84
281.12
293.55
281.34
280.86
293.55
281.37
281.11
294.19
283.21
282.04
295.8
284.57
283.67
297.4
286.79
285.76
298.44
287.63
287.14
299.61
288.36
288.75
300.27
289.73
290.35
301.35
290.93
291.28
302.35
291.7
292.14
302.89
292.6
292.62
302.63
292.9
292.93
302.15
292.89
292.59
300.86
293.06
292.01
299.51
292.01
290.98
298.27
290.67
289.54
297.19
288.96
287.74
296.48
287.28
286.28
295.81
286.07
285.48
295.28
285.44
284.63
294.89
285.01
283.85
294.5
284.72
283.27
294.42
283.92
282.61
294.43
283.14
282.23
294.52
282.85
281.83
294.89
284.21
281.6
295.03
286.34
285.44
296.51
288.01
286.99
296.75
289.18
289.02
297.69
289.92
290.58
298.79
291.2
292.18
300.2
292.29
293.72
301.32
292.45
294.51
302.15
293.5
295.23
302.63
294.16
295.69
302.66
294.01
295.82
302.47
293.56
295.8
301.19
293.78
295.38
300.13
292.8
294.25
299.04
291.61
292.44
298.19
290.24
290.28
297.58
288.22
288.51
297.02
287.16
287.2
296.68
286.3
286.19
296.05
285.84
285.25
295.65
285.46
284.69
295.46
285.12
284.03
295.32
284.66
283.56
294.9
284.4
283.42
295.08
284.17
283.8
295.98
284.84
284.45
298.02
285.93
285.08
299.51
287.6
285.95
301.28
288.97
287.03
302.23
289.67
288.14
303.19
291.17
288.89
303.97
291.9
290.16
304.72
293.02
291.64
305.08
292.89
292.74
305.09
294.03
293.6
304.55
293.49
294.29
303.68
292.88
294.35
302.73
293.39
294.26
301.79
291.16
292.48
300.55
290.71
290.89
300.09
288.85
289.09
299.39
288.27
287.94
298.5
287.48
287.0
298.1
287.09
287.16
297.94
285.93
285.24
297.08
285.86
284.64
296.83
284.99
284.08
296.8
284.56
283.5
297.05
284.57
283.65
297.3
285.3
284.37
298.11
286.93
285.52
299.45
288.35
287.07
301.1
288.94
288.28
301.9
291.14
289.9
302.83
292.19
291.28
303.96
292.06
292.66
304.49
292.5
294.17
305.06
294.58
295.21
304.95
294.51
296.12
304.72
293.81
296.22
304.05
293.97
295.81
303.17
293.57
295.09
302.33
292.73
293.46
301.44
291.13
291.17
300.85
289.98
289.39
299.87
289.07
288.02
299.37
288.32
286.53
298.57
287.89
285.81
298.02
287.53
284.77
297.61
286.7
284.36
297.37
285.99
284.18
296.81
285.35
284.16
296.85
285.47
284.24
297.5
285.928006135
284.801166395
298.645928726
286.16
284.923946249
299.74632055
287.19
285.61
301.97
287.62
286.21
302.93
288.2
286.563619418
303.303827861
288.5
287.63
304.39
289.15
288.61
304.8
290.01
289.51
305.13
291.53
290.03
304.93
292.04
290.28
304.4
291.71
290.52
303.99
291.3
290.56
303.19
291.22
290.61
302.04
290.91
290.2
301.28
290.23
289.24
300.35
287.83
288.4
299.87
287.18
287.49
299.19
286.48
286.54
298.82
285.94
285.33
298.5
285.52
284.47
298.14
285.22
284.24
297.7
284.94
284.0
297.31
284.65
284.06
297.21
285.094429852
284.411912075
298.031034893
285.830714926
285.364456038
299.674017446
286.388307455
285.498927154
300.300927495
287.66
286.581915136
302.12748218
287.66
286.95
303.25
287.99
287.65
304.41
288.67
288.59
305.02
289.4
289.54
305.58
290.65
290.3
305.86
291.09
290.94
305.92
292.02
291.48
305.62
292.63
291.62
304.68
291.47
291.78
303.84
291.22
291.43
302.46
290.07
290.45
301.83
289.13
288.79
300.95
288.14
287.12
300.41
287.73
286.01
299.64
286.95
284.86
299.18
286.61
284.37
298.64
286.52
283.49
298.24
285.29
282.8
297.42
284.96
282.49
296.97
284.68
282.17
296.71
283.19
281.93
297.19
284.28
282.79
298.21
286.06
284.17
299.2
287.46
285.55
300.46
288.31
287.16
302.19
289.53
288.74
303.23
290.23
290.16
303.74
291.18
291.75
303.92
292.26
292.82
304.05
292.09
293.64
304.31
292.83
294.49
304.41
292.85
294.91
303.99
292.74
294.27
303.42
292.71
293.54
302.59
291.72
292.62
301.68
290.69
290.71
301.17
288.96
288.3
300.64
288.18
286.95
300.04
287.41
285.93
299.48
286.85
284.89
299.27
285.28
283.72
298.62
284.92
283.27
298.11
284.48
282.7
297.34
284.36
282.34
297.25
283.93
282.17
297.35
284.28
283.15
297.85
287.58
285.7
299.02
288.96
287.59
300.51
289.51
289.5
301.98
290.29
291.23
303.16
291.46
292.9
304.24
292.49
294.41
304.87
292.46
295.44
305.6
293.37
296.04
305.77
293.68
296.44
305.63
293.7
296.38
305.18
293.8
296.11
304.29
293.89
294.81
303.24
292.39
292.49
302.18
291.94
290.25
301.3
289.84
288.91
300.93
288.46
288.15
300.28
288.04
287.54
299.66
287.39
286.76
298.78
286.52
286.12
298.44
285.23
285.88
298.31
284.88
285.47
297.95
285.16
285.16
297.51
285.36
284.77
298.12
285.54
285.21
299.75
286.22
286.0
301.67
287.56
287.2
302.95
288.8
288.58
304.74
290.36
289.97
305.89
291.47
291.56
306.35
292.24
293.05
306.86
293.04
294.37
307.4
292.79
294.91
307.44
293.92
295.42
306.83
294.28
295.4
306.15
294.24
295.01
305.26
294.08
293.82
304.25
293.69
292.73
303.27
292.45
291.05
302.28
291.18
289.53
301.59
289.42
288.26
301.29
288.36
287.43
300.74
288.0
286.85
300.48
287.24
286.01
299.8
286.66
285.54
299.41
287.01
284.98
299.05
286.6
284.55
298.42
286.52
284.74
296.15
286.79
285.47
294.77
287.45
285.97
295.01
288.24
287.24
295.44
288.58
287.9
297.0
290.15
288.82
299.18
290.66
289.96
301.56
291.93
292.1
302.66
292.6
293.56
303.4
293.71
294.59
303.55
293.76
295.71
303.44
292.72
296.11
303.17
292.78
296.07
302.53
292.61
294.51
301.55
291.91
292.63
300.55
291.27
290.8
299.75
290.78
289.56
299.19
290.25
288.78
298.82
289.15
287.96
298.26
288.78
287.11
298.17
287.86
286.65
297.93
287.61
286.44
297.7
286.85
286.14
292.7
286.19
286.031551247
292.303202912
286.46
285.6
290.86
286.21
285.81
290.89
287.81
286.59
290.99
288.19
287.148959554
291.545753503
289.13
288.83
293.17
289.4
289.48
294.68
289.48
289.72
295.0
289.6
291.15
296.31
289.89
291.66
296.91
289.89
291.75
297.25
291.13
292.4
298.8
291.1
291.39
298.76
291.07
291.41
298.54
291.32
290.39
297.5
291.1
289.87
296.81
288.58
288.88
296.4
287.73
288.13
296.26
288.14
287.96
295.21
287.73
286.15
294.47
286.8
286.15
293.74
286.29
285.36
293.3
285.37
285.360945033
292.777899978
287.614
285.362972516
291.696449989
285.95
285.68483789
294.106041139
285.4
285.603333333
292.103333333
284.65
285.841666667
293.591666667
284.84
287.153
294.528
285.32
287.033666667
296.200333333
285.68
287.987333333
297.320666667
286.88
287.582608696
298.725349888
286.75
288.4
300.68
288.5
288.88
301.21
288.07
289.88
301.9
290.07
290.020824313
301.947579299
289.19
290.66
302.15
290.99
290.89
301.81
288.89
290.46
300.19
288.77
290.28
299.14
288.59
289.91
297.55
288.5
289.551393821
297.078826488
287.4
287.92
295.09
