289.56
286.73
299.62
289.09
286.35
299.32
288.64
286.19
298.98
289.3
285.61
298.75
288.16
285.84
298.34
288.64
285.98
297.9
288.41
286.0
298.49
288.02
285.85
300.39
286.39
286.38
302.65
287.79
287.13
304.49
288.9
287.73
305.89
289.2
288.14
307.37
290.15
289.44
307.84
290.14
289.92
308.13
290.62
290.79
308.3
291.09
291.68
308.82
291.56
292.36
308.72
291.54
292.26
308.52
292.33
292.36
307.56
292.25
292.11
306.31
291.31
291.41
304.14
290.74
290.15
303.55
289.14
288.85
302.65
288.03
287.68
302.04
288.05
286.93
301.49
287.45
286.26
301.07
287.14
285.75
300.67
286.68
285.49
300.0
286.1
284.78
299.5
286.05
283.63
299.14
286.01
284.37
299.54
286.01
284.69
300.83
286.32
286.37
302.47
287.57
288.74
304.18
289.37
289.63
305.34
290.37
290.04
306.41
292.42
291.19
307.41
292.9
292.41
307.81
293.11
293.2
308.12
294.01
293.18
308.03
294.43
294.04
307.88
294.42
294.3
307.47
293.97
293.79
306.42
292.7
292.96
305.07
291.86
291.03
304.0
290.0
289.72
303.24
288.98
288.75
302.54
287.98
287.93
302.04
287.69
287.06
301.48
287.4
286.08
300.96
287.02
285.75
300.64
286.58
285.6
299.84
286.64
285.71
299.25
286.48
285.91
298.95
286.35
286.11
299.0
286.42
285.84
300.07
286.16
286.17
301.79
286.53
286.96
303.28
287.06
287.56
304.48
287.18
288.97
305.82
287.39
289.8
306.69
288.09
289.96
307.29
288.86
289.06
307.63
289.52
288.45
307.97
290.39
288.13
308.19
290.29
287.8
307.36
291.21
287.77
306.38
291.7
287.56
304.91
290.98
287.88
303.63
289.93
287.15
302.79
288.67
286.04
302.11
287.22
285.5
301.04
286.89
285.32
300.02
286.56
284.99
299.65
286.3
284.72
299.32
286.1
284.38
299.03
285.89
284.18
298.35
285.94
284.56
297.83
285.28
284.48
297.98
285.15
284.59
299.28
285.28
284.61
300.99
286.08
285.39
302.3
286.47
285.83
303.82
287.13
286.86
304.99
287.86
287.92
305.95
288.9
288.75
306.44
289.46
290.01
306.81
289.94
290.79
307.03
291.07
291.11
306.93
291.26
291.6
306.7
291.28
292.2
305.68
291.04
290.71
304.54
290.5
289.82
303.08
290.18
288.99
302.09
289.31
288.49
301.36
288.77
287.83
300.76
288.5
287.24
300.32
288.35
286.83
299.93
287.87
286.19
299.4
287.77
286.3
299.0
287.53
285.72
298.89
287.39
285.56
298.31
287.25
285.53
298.52
287.15
285.53
299.8
286.59
286.34
301.29
287.07
286.81
302.84
287.55
287.81
304.39
287.85
288.64
305.36
288.44
289.4
306.09
289.12
290.68
306.69
290.1
291.93
306.82
291.4
292.71
306.34
292.93
293.55
305.68
293.04
294.12
305.0
293.26
294.12
304.52
293.31
294.1
303.38
293.39
293.73
302.49
292.67
292.63
301.58
291.62
290.02
301.01
289.48
288.68
300.81
288.22
287.91
300.29
287.51
287.34
299.91
287.22
286.92
299.7
286.83
286.29
299.29
286.33
285.7
298.91
286.23
285.32
298.45
286.02
284.89
298.69
286.03
285.04
300.13
285.68
287.44
301.67
287.96
288.8
303.4
289.37
290.73
304.73
291.39
292.21
305.78
292.41
293.39
306.85
293.75
294.67
307.27
294.9
295.81
307.87
295.92
296.73
308.09
296.62
297.03
308.01
297.02
297.88
307.69
297.12
297.85
306.83
297.35
297.43
305.71
297.25
297.28
303.92
296.73
295.78
302.81
295.6
294.12
301.79
292.9
292.37
301.09
290.92
291.6
300.72
290.32
290.81
300.18
289.72
289.8
299.72
290.32
288.59
299.1
288.86
287.81
298.73
289.3
287.84
298.09
289.12
286.96
298.64
288.51
287.17
300.91
288.38
289.18
302.91
291.17
290.98
304.53
292.03
292.98
305.75
293.76
294.49
306.63
295.12
296.01
307.18
296.06
297.29
308.01
297.45
298.48
308.97
298.13
299.59
308.34
298.07
300.25
308.02
299.05
300.58
305.76
298.98
300.16
302.05
299.21
299.25
300.69
298.76
297.95
300.1
297.93
295.4
299.61
295.88
292.45
299.48
293.8
290.78
299.5
292.51
288.7
299.0
291.41
287.3
298.73
290.64
286.37
298.36
289.93
285.81
298.01
289.36
285.29
297.73
289.35
285.41
297.48
288.19
285.39
297.84
287.34
285.36
300.23
287.27
286.01
302.24
288.54
286.3
304.08
290.18
286.87
305.36
291.9
287.85
306.42
292.88
289.06
306.73
294.51
291.04
306.89
294.68
292.66
307.14
295.35
294.55
307.36
295.82
295.98
307.39
296.14
296.79
306.75
296.34
297.27
305.73
296.82
297.07
304.17
296.69
296.54
301.66
295.62
294.95
299.9
294.37
292.09
298.88
293.05
289.86
297.71
291.67
288.53
297.29
290.4
286.83
297.01
289.41
286.84
296.57
288.03
286.15
296.05
288.6
286.09
296.03
287.62
285.91
295.98
287.43
285.99
296.34
286.86
286.08
299.2
287.07
286.16
301.33
288.58
286.3
302.75
289.92
286.59
303.99
291.31
286.98
304.93
292.78
287.73
305.78
293.27
288.86
306.28
294.32
289.55
307.2
294.46
291.05
307.17
295.38
292.17
307.2
295.93
293.51
306.84
295.86
293.771261188
306.431527214
295.65
294.56
305.33
295.44
295.22
302.41
294.35
293.52
300.97
292.3
290.17
300.11
290.39
288.61
299.16
289.11
287.98
298.73
288.54
287.07
297.97
287.86
286.38
297.29
287.01
285.7
297.09
286.41
285.81
296.62
286.33
285.73
296.26
286.36
285.92
296.62
286.44
285.92
299.76
286.78
286.19
301.95
287.71
286.57
304.05
288.68
287.14
304.95
289.4
287.71
305.5
290.54
288.59
306.28
291.64
289.73
306.82
292.63
290.9
307.19
293.14
291.78
307.66
293.56
292.71
307.93
294.11
293.57
307.79
293.99
293.99
306.73
294.39
294.31
305.22
294.09
294.28
303.08
293.44
293.32
301.94
292.65
290.94
300.7
290.14
289.22
299.92
289.14
287.91
299.28
288.47
287.02
298.6
288.0
286.4
298.02
287.7
285.38
297.19
287.21
284.95
296.72
286.9
284.45
296.34
286.94
284.29
296.52
287.16
284.82
299.04
287.06
285.75
302.01
287.93
286.72
304.22
288.24
287.82
305.81
288.93
288.87
306.57
289.48
290.54
307.31
289.96
291.01
307.93
290.38
292.82
308.41
290.42
293.92
308.68
291.14
295.14
308.47
291.85
295.61
308.12
292.64
295.62
306.91
293.33
295.12
305.66
293.1
294.41
304.07
292.8
293.42
302.8
291.81
292.14
301.87
290.55
290.65
301.05
289.78
289.84
300.64
289.25
289.38
299.95
288.68
289.22
299.53
288.53
288.86
299.31
288.1
288.95
299.25
288.1
288.53
298.9
288.21
288.48
298.86
288.27
288.4
300.46
288.24
288.76
302.11
289.09
289.44
303.86
290.78
290.07
305.08
292.16
290.85
306.15
293.42
291.81
307.15
294.52
293.12
307.67
295.04
293.68
308.1
295.88
294.67
308.13
296.42
295.39
308.23
296.6
295.71
308.01
296.39
295.16
306.88
295.49
294.18
305.82
295.14
293.07
304.7
294.06
291.53
303.8
293.23
289.36
303.31
291.71
288.11
302.84
290.67
287.39
302.56
290.19
286.74
302.03
289.91
286.14
301.35
289.67
286.08
300.71
289.01
285.91
300.24
288.77
286.1
299.65
288.4
286.56
299.6
288.61
286.65
300.2
287.78
287.14
301.39
288.34
287.53
302.56
289.2
288.03
304.06
290.87
289.4
305.46
292.07
289.47
306.68
293.03
290.34
307.41
293.75
291.0
308.13
294.19
291.7
308.35
294.21
292.58
308.54
293.78
293.26
308.38
293.93
293.43
307.45
293.86
293.29
306.21
293.49
292.5
305.32
293.06
291.13
304.88
291.1
289.46
302.06
289.67
288.18
300.37
289.12
287.47
300.37
288.81
285.98
300.12
288.24
285.71
298.43
287.91
285.53
297.53
287.56
285.53
296.44
288.25
285.75
295.65
288.0
286.15
295.19
287.91
286.19
294.95
287.12
286.35
295.27
287.05
286.73
296.15
287.54
287.13
297.77
288.09
288.06
300.23
288.71
289.07
302.29
289.66
289.98
303.67
290.7
290.24
304.58
291.45
291.1
305.16
292.08
291.15
305.77
292.4
291.09
306.2
292.22
291.48
305.9
292.39
290.94
304.52
292.18
290.3
303.28
291.62
289.64
302.71
290.36
288.77
302.33
288.96
287.69
301.2
288.49
286.99
298.16
288.44
286.16
297.56
288.15
285.67
298.19
287.77
285.33
298.59
287.34
285.34
298.6
287.2
285.6
298.67
287.05
285.55
298.98
286.77
285.55
299.7
286.27
285.76
300.41
286.54
285.9
301.53
287.4
286.38
302.43
287.88
286.93
303.82
288.19
287.58
304.84
288.4
287.97
305.76
288.24
288.63
305.41
288.85
289.17
305.39
289.27
289.69
306.25
289.49
290.2
306.43
290.06
290.83
306.25
289.9
290.43
305.18
290.04
289.86
304.28
289.5
289.24
303.54
288.76
288.26
303.07
287.98
287.87
302.39
287.1
287.62
301.74
287.11
287.12
301.08
286.72
286.76
300.18
285.91
286.59
299.54
285.56
285.93
299.07
285.03
286.34
298.55
285.4
286.08
298.67
285.2
286.03
299.78
284.8
286.55
301.0
285.89
287.12
302.63
288.1
288.18
304.22
289.39
289.98
305.64
291.19
290.86
306.68
292.48
291.81
307.42
292.68
293.28
308.01
293.41
294.54
308.49
293.98
294.95
308.57
294.44
296.04
308.11
294.59
296.11
307.31
294.63
296.3
306.13
294.4
296.03
305.03
293.87
294.11
304.18
292.24
291.9
303.28
290.84
290.67
302.43
290.49
289.35
301.65
289.16
288.91
300.73
289.29
288.59
300.2
288.91
288.37
299.58
288.63
287.83
299.14
288.34
287.72
298.58
288.39
287.6
298.4
288.19
287.53
299.51
287.24
287.77
300.87
287.54
288.0
302.43
287.87
288.66
303.97
288.06
289.62
305.37
288.11
290.44
306.38
288.19
291.17
307.19
288.67
291.04
307.99
288.69
291.78
308.6
289.18
291.8
308.73
289.95
291.43
308.38
290.0
290.92
307.3
289.82
289.9
306.23
289.28
289.11
305.03
288.95
289.2
304.2
288.8
288.73
303.47
288.52
288.68
302.85
288.6
288.5
301.98
288.38
288.28
301.25
288.28
288.1
300.43
288.07
287.96
299.8
288.11
287.88
299.02
288.72
287.76
298.39
288.12
287.84
298.41
288.02
287.76
299.49
287.83
288.1
300.72
288.18
288.52
302.31
288.63
288.65
303.78
288.94
289.75
305.09
289.65
291.09
306.02
290.24
291.64
306.9
290.88
293.1
307.71
291.25
293.68
308.11
292.59
293.95
308.32
293.45
294.12
308.14
293.32
293.72
307.15
293.17
293.08
305.87
293.0
292.06
304.59
292.18
290.46
303.64
291.0
290.1
302.92
290.07
289.05
302.15
289.81
288.56
301.96
289.05
287.93
301.7
289.0
287.6
301.2
288.24
287.09
300.52
287.71
286.94
299.63
287.04
286.55
299.0
287.16
286.43
298.86
287.2
286.31
299.83
286.7
286.89
300.95
286.99
287.67
302.21
287.64
288.44
303.23
288.63
289.84
304.35
289.38
290.6
305.42
290.24
290.9
306.4
290.56
291.94
306.9
291.84
292.59
302.92
292.6
292.14
297.27
292.42
292.56
296.85
292.19
292.38
296.88
291.61
291.77
296.77
290.55
290.83
297.02
290.44
289.96
297.12
289.87
288.91
296.55
288.72
288.05
296.42
288.06
287.86
296.37
287.76
287.0
296.19
287.15
286.63
295.68
286.65
286.92
295.35
286.56
286.37
295.04
286.55
286.07
294.89
286.54
285.84
295.63
286.7
286.08
297.43
286.35
286.9
299.71
287.34
287.74
301.82
288.7
288.66
303.25
290.05
289.45
304.32
292.03
290.5
305.37
292.91
291.42
306.13
293.38
292.39
306.79
293.29
292.77
307.1
294.0
293.86
307.4
293.98
293.91
307.06
294.38
293.79
306.28
294.08
293.16
305.06
293.8
291.76
303.53
293.04
289.95
302.76
291.88
288.74
302.33
290.77
288.67
301.83
290.28
287.58
301.25
289.13
286.95
300.43
288.81
286.41
300.14
288.35
285.82
299.41
287.92
285.68
299.03
287.82
286.03
298.47
287.65
286.0
298.61
287.42
285.93
299.37
286.9
286.37
300.28
287.67
286.95
301.47
288.49
287.66
303.3
289.28
288.46
304.96
289.54
289.08
306.26
290.13
290.33
306.95
290.77
291.34
307.77
291.42
292.29
308.09
291.87
293.26
308.15
292.04
293.59
307.87
292.4
293.9
307.05
292.14
293.8
305.99
291.88
293.17
304.74
291.21
291.8
303.88
290.2
289.77
303.25
289.4
288.95
302.25
288.64
288.86
301.31
288.46
288.27
300.5
288.06
287.72
299.67
287.74
286.72
299.15
287.55
286.89
298.58
287.48
286.62
298.14
287.26
286.62
298.14
287.08
286.52
299.26
287.18
286.883112523
300.033905238
288.14
288.41
301.57
288.95
289.71
303.37
289.28
290.94
304.72
290.22
291.238720892
304.988517609
291.53
293.14
306.41
292.7
294.18
307.26
293.18
294.87
307.66
293.77
295.015038449
307.633328877
294.09
295.81
307.51
294.17
295.35
306.72
294.15
294.13
305.58
294.02
292.89
304.55
293.47
291.94
303.61
292.39
290.01
302.99
291.69
288.58
302.69
290.97
288.01
302.19
289.92
287.47
301.34
289.43
287.21
300.52
289.0
286.84
299.88
288.25
286.95
299.16
288.46
286.63
298.33
288.24
286.31
298.79
287.72
286.39
300.03
287.32
286.646919402
300.53546788
288.44
287.86
302.94
289.24
288.99
304.49
290.3
289.94
305.95
291.56
290.045715818
306.086459262
291.6
292.06
307.73
292.15
293.51
308.98
293.35
293.69
309.35
293.94
293.822059612
309.34672642
293.78
294.63
309.33
294.67
295.32
308.44
294.47
295.37
307.71
294.57
294.54
307.29
291.38
293.28
304.73
291.38
293.28
304.73
287.821
289.621
303.871
287.821
289.621
303.871
287.821
289.621
303.871
286.306
287.006
301.956
286.306
287.006
301.956
286.306
287.006
301.956
285.802
285.352
300.702
285.802
285.352
300.702
285.802
285.352
300.702
288.468
288.718
302.918
288.468
288.718
302.918
288.468
292.535
302.918
291.285
292.535
306.385
291.285
292.535
306.385
291.285
292.535
306.385
292.104
294.804
308.604
292.104
294.804
308.604
292.104
294.804
308.604
292.334
295.434
308.284
292.334
295.434
308.284
292.334
295.434
308.284
291.169
293.619
302.119
291.169
293.619
302.119
291.169
293.619
302.119
288.24
291.19
301.74
288.24
291.19
301.74
288.24
291.19
301.74
286.599
289.499
301.549
286.599
289.499
301.549
286.599
289.499
301.549
285.794
287.594
299.794
285.794
287.594
299.794
285.794
289.372
299.794
288.272
289.372
302.372
288.272
289.372
302.372
288.272
289.372
302.372
291.045
292.045
305.145
291.045
292.045
305.145
291.045
294.282
305.145
291.932
294.282
306.932
291.932
294.282
306.932
291.932
295.23
306.932
292.431
295.23
306.431
292.431
295.23
306.431
292.431
295.23
306.431
291.52
294.17
303.22
291.52
294.17
303.22
291.52
294.17
303.22
288.805
290.205
301.505
288.805
290.205
301.505
288.805
290.205
301.505
287.387
287.337
300.237
287.387
287.337
300.237
287.387
287.337
300.237
286.532
285.932
299.782
286.532
285.932
299.782
286.532
285.932
299.782
289.478
288.428
303.028
289.478
288.428
303.028
289.478
292.864
303.028
292.264
292.864
306.664
292.264
292.864
306.664
292.264
292.864
306.664
293.567
295.567
308.517
293.567
295.567
308.517
293.567
295.567
308.517
294.094
296.694
308.094
294.094
296.694
308.094
294.094
296.694
308.094
293.051
295.451
304.351
293.051
295.451
304.351
293.051
295.451
304.351
289.482
290.632
302.532
289.482
290.632
302.532
289.482
290.632
302.532
288.571
288.421
300.821
288.571
288.421
300.821
288.571
288.421
300.821
287.871
286.971
300.471
287.871
286.971
300.471
287.871
286.971
300.471
290.109
288.709
304.109
290.109
288.709
304.109
290.109
288.709
304.109
292.945
292.045
307.195
292.945
292.045
307.195
292.945
292.045
307.195
293.551
294.351
308.651
293.551
294.351
308.651
293.551
294.351
308.651
294.15
295.65
307.95
294.15
295.65
307.95
294.15
295.65
307.95
293.15
294.3
304.85
293.15
294.3
304.85
293.15
294.3
304.85
289.044
291.294
302.594
289.044
291.294
302.594
289.044
291.294
302.594
288.469
288.769
300.969
288.469
288.769
300.969
288.469
286.608
300.969
288.208
286.608
300.008
288.208
286.608
300.008
288.208
288.025
300.008
288.775
288.025
303.925
288.775
288.025
303.925
288.775
288.025
303.925
289.942
291.242
306.542
289.942
291.242
306.542
289.942
291.242
306.542
290.884
293.784
307.784
290.884
293.784
307.784
290.884
293.784
307.784
291.088
294.188
307.588
291.088
294.188
307.588
291.088
294.188
307.588
291.088
294.188
307.588
291.088
294.188
307.588
291.088
294.188
307.588
291.088
294.188
307.588
291.088
294.188
307.588
291.088
294.188
307.588
291.088
294.188
307.588
291.088
294.188
307.588
291.088
294.188
307.588
291.088
294.188
307.588
291.088
294.188
307.588
291.088
294.188
307.588
291.088
294.188
307.588
291.088
294.188
307.588
291.088
294.188
307.588
291.088
294.188
307.588
291.088
294.188
307.588
291.088
294.188
307.588
291.088
294.188
307.588
291.088
294.188
307.588
291.088
294.188
307.588
291.088
294.188
307.588
291.088
294.188
307.588
291.088
294.188
307.588
291.088
294.188
307.588
291.088
294.188
307.588
291.088
294.188
307.588
291.088
294.188
307.588
291.088
294.188
307.588
291.088
294.188
307.588
291.088
294.188
307.588
291.088
294.188
307.588
291.088
294.188
307.588
291.088
294.188
307.588
291.088
294.188
307.588
291.088
294.188
307.588
291.088
294.188
307.588
291.088
294.188
307.588
291.088
294.188
307.588
291.088
294.188
307.588
291.088
292.598
307.448
292.198
292.598
307.448
292.92
294.82
308.82
292.92
294.82
308.82
292.92
294.82
308.82
293.51
295.66
308.311
293.51
295.66
308.311
293.51
295.66
308.311
292.708
294.358
304.308
292.708
294.358
304.308
292.708
294.358
304.308
289.674
290.174
302.674
289.674
290.174
302.674
289.674
289.7
300.75
288.98
289.13
300.51
288.77
288.14
300.08
288.04
287.35
299.55
287.95
286.6
299.14
286.8
286.31
299.05
286.61
285.87
300.92
287.73
288.18
302.89
289.65
290.82
304.97
291.7
292.26
306.4
293.26
293.69
307.54
294.98
295.28
308.54
296.34
296.81
309.12
297.23
297.48
309.63
298.06
298.54
309.9
298.55
299.62
309.95
298.94
299.86
309.63
298.79
299.76
308.62
298.61
299.18
307.17
298.12
297.68
305.14
