270.1
269.825
270.515
269.58
269.14
270.43
268.76
268.24
270.43
268.06
267.27
270.39
267.84
266.58
270.47
267.22
265.63
270.53
267.14
264.97
270.53
266.19
264.56
270.54
267.22
264.0
270.61
267.3
263.78
270.9
267.37
263.78
270.81
267.7
264.21
270.94
267.89
265.39
270.98
268.0
266.06
271.04
268.09
266.62
271.31
268.47
266.82
271.47
268.73
267.04
272.29
269.04
267.3
272.93
269.44
269.82
273.87
269.94
271.39
274.92
270.77
273.29
274.82
272.14
273.8
275.28
272.26
273.69
274.69
271.82
272.51
274.69
271.185
271.23
274.435
270.55
269.95
274.18
269.67
268.76
274.26
269.56
268.09
274.18
268.93
267.7
274.4
268.52
267.05
274.07
268.27
266.84
273.95
268.94
266.28
273.89
269.75
266.15
273.39
269.91
266.05
273.26
269.91
266.13
273.34
270.2
265.93
273.63
270.3
265.89
273.95
270.54
266.23
274.19
270.65
266.64
273.94
270.56
267.81
273.78
270.22
266.078
273.995
269.94
269.46
274.21
270.54
270.47
274.71
270.97
270.9
274.4
271.15
271.63
274.22
271.24
272.0
274.09
271.19
272.33
274.2
271.85
272.07
274.09
271.58
271.97
274.05
271.31
271.87
274.01
271.44
272.31
274.14
271.5
271.54
273.75
271.36
272.18
273.32
271.59
272.3
272.53
271.71
271.95
271.85
271.76
272.19
271.25
271.76
272.28
270.47
272.38
272.28
269.8
272.03
272.42
269.18
272.13
272.54
268.52
272.13
272.43
267.95
272.19
271.8
267.45
272.61
272.3
267.59
272.62
272.22
269.05
272.655
272.71
270.59
272.69
273.3
272.09
273.44
273.73
273.59
273.35
274.81
274.43
274.16
275.65
275.14
274.3
276.13
275.89
274.31
276.58
275.89
274.12
275.97
273.59
274.14
275.785
273.085
274.16
275.6
272.58
274.12
275.17
272.17
274.38
275.58
271.79
274.28
274.44
271.44
274.56
274.3
271.65
274.48
273.2
271.65
274.57
272.54
271.71
274.36
272.12
271.64
274.15
271.87
271.35
274.29
271.57
271.48
274.58
270.93
271.2
274.29
271.53
270.35
273.88
271.09
270.61
274.11
269.31
270.97
274.28
271.46
271.51
274.17
271.4
274.28
274.2
271.48
276.66
274.56
272.64
277.63
275.24
274.68
278.23
275.77
275.67
278.93
275.97
276.51
278.92
276.56
276.89
278.39
275.83
277.01
276.73
275.05
275.8
275.34
275.1
274.1285
275.005
274.935
274.95
274.67
274.77
274.55
274.29
274.3
273.93
274.35
274.33
273.88
274.28
274.03
273.83
273.71
274.01
273.72
272.62
273.89
273.57
272.02
273.73
273.25
271.59
274.06
273.2
271.18
273.72
273.18
270.76
273.38
273.11
270.32
273.97
272.89
270.06
273.65
273.18
270.75
274.62
272.15
282.1565
275.08
272.15
293.563
276.85
272.15
293.563
276.81
275.15
293.563
276.66
275.15
293.563
276.82
276.15
293.563
277.39
276.15
293.563
278.15
276.68
293.563
276.93
276.67
293.563
276.68
277.38
293.563
276.78
277.15
293.563
277.89
277.63
293.563
277.05
277.15
280.15
277.27
277.63
280.15
277.28
277.15
280.15
277.76
277.15
279.15
276.636
277.58
279.15
277.76
277.48
279.15
276.93
278.15
279.15
277.77
278.68
279.15
277.76
278.69
286.3565
276.93
278.14
293.563
277.15
277.15
293.563
277.16
278.72
293.563
277.42
279.13
279.15
277.24
279.15
279.65
278.32
279.15
280.15
278.33
279.86
280.15
278.93
279.15
279.58
279.09
280.15
280.15
278.36
280.62
280.15
278.45
281.65
280.15
278.54
281.15
280.7
279.09
281.15
287.1315
278.87
281.15
293.563
278.05
280.15
281.15
278.27
280.15
281.15
278.25
281.11
281.15
278.25
281.16
282.15
278.25
281.06
281.63
278.28
280.46
280.66
278.26
280.15
280.0
278.05
280.15
278.48
278.28
279.67
279.49
278.48
280.15
280.15
278.48
279.67
279.59
278.78
280.15
280.15
278.46
279.15
279.82
279.39
279.66
280.15
279.33
279.15
279.62
279.76
279.71
279.075
279.99
279.15
293.563
280.14
280.15
293.563
279.76
281.15
293.563
279.41
280.15
278.77
279.975
280.15
286.1665
280.54
280.15
293.563
280.62
280.62
293.563
280.15
280.15
293.563
280.15
280.15
293.563
280.38
280.15
275.15
280.38
281.73
275.15
280.15
280.15
274.15
280.52
280.65
274.15
280.33
280.68
274.15
280.72
281.54
274.15
280.5
280.04
274.15
279.93
280.48
283.8565
280.38
279.15
293.563
280.45
280.9
293.563
280.6
280.67
293.563
280.83
280.15
293.563
280.5
280.6
293.563
280.74
280.15
293.563
280.95
280.15
293.563
280.95
281.15
293.563
280.89
281.15
293.563
281.38
283.27
293.563
281.52
283.15
293.563
281.495
283.15
293.563
281.47
283.58
293.563
280.62
281.67
293.563
279.89
281.58
293.563
279.82
282.15
293.563
278.92
281.15
282.15
279.38
281.61
279.15
279.45
281.6
280.15
278.93
281.63
281.15
278.76
281.15
280.15
278.26
280.15
280.15
277.67
280.64
279.15
277.59
280.15
279.15
277.52
280.15
286.3565
277.3
279.15
293.563
275.265
278.8175
293.563
276.47
279.2
275.72
276.5
278.79
277.93
276.37
278.57
281.62
277.48
279.05
286.54
278.26
279.25
288.42
277.492
279.885
289.79
279.4
280.52
291.16
279.92
280.96
291.93
279.86
281.05
291.76
278.644
280.185
289.01
279.6
279.32
286.26
279.45
278.29
285.22
278.2
277.79
284.62
277.555
277.715
284.165
276.91
277.64
283.71
276.57
277.0
283.02
276.23
277.1
282.28
275.97
277.08
280.8
275.4
276.82
279.16
275.425
276.75
278.48
275.45
276.8
277.79
275.44
276.62
276.38
275.48
276.75
275.64
275.71
276.69
275.59
275.71
276.65
276.935
276.06
276.61
278.28
276.41
276.64
282.02
276.62
276.89
286.52
276.95
276.94
289.41
277.45
277.42
291.76
277.075
277.57
293.05
277.53
277.85
293.62
277.96
278.01
293.35
278.34
278.27
290.59
278.31
278.215
288.275
278.28
278.16
285.96
277.66
278.33
283.62
278.34
278.65
282.04
278.14
278.85
280.86
277.703
279.07
280.21
278.41
279.22
279.51
278.6
279.14
278.75
278.77
278.91
277.53
278.52
278.99
277.04
278.54
278.92
276.39
277.8705
278.76
275.99
278.35
278.64
275.54
278.33
278.4
275.74
278.15
278.47
276.22
277.67
278.46
279.02
277.73
278.49
284.16
277.855
278.53
287.71
277.98
278.43
291.27
277.98
278.45
292.9
277.2695
278.54
293.87
278.62
278.47
293.77
277.19
278.39
292.86
277.78
277.95
290.43
277.68
277.455
289.835
276.066
276.96
289.24
276.57
276.13
288.08
280.9565
281.9365
290.8215
285.343
287.743
293.563
285.343
287.743
293.563
285.343
287.743
293.563
285.343
287.743
293.563
273.73
287.743
293.563
272.2
274.02
285.15
273.11
274.14
285.01
271.86
273.74
285.02
271.78
273.12
284.98
271.7
272.48
284.98
271.39
271.81
284.95
271.32
271.14
285.9
271.25
271.39
286.73
272.3
271.44
288.82
273.6
273.1
290.88
273.59
274.19
292.06
273.58
274.71
293.54
274.81
275.48
294.56
274.26
275.79
294.82
274.43
275.47
294.21
273.85
275.175
293.79
273.68
274.88
293.37
272.2385
274.29
292.81
274.15
273.85
292.09
272.3985
273.39
292.06
274.0
272.86
292.03
274.06
272.95
292.19
271.677
273.06
292.34
272.28
272.46
292.75
271.87
272.59
292.69
271.96
272.87
292.64
271.8
272.8
292.34
271.74
272.53
292.3
271.775
272.67
291.63
271.81
272.48
291.9
271.68
272.58
292.0
272.0575
272.68
292.1
272.77
273.0
292.64
273.015
273.58
292.49
273.26
274.14
292.07
273.505
274.54
282.06
273.75
275.05
281.19
274.14
275.42
279.92
274.01
276.14
278.0
273.66
276.25
277.685
274.54
276.36
277.37
274.45
276.61
276.94
274.415
276.87
276.79
274.38
277.1
275.9
274.105
277.33
275.48
273.83
277.51
274.63
273.85
277.72
274.54
274.135
277.73
274.93
274.42
277.58
275.39
274.45
277.71
275.89
274.1
277.47
275.93
273.93
277.71
276.42
272.2185
277.32
276.66
274.03
277.11
276.95
274.16
276.95
277.24
274.29
276.92
278.16
274.7
277.05
279.0
274.75
277.41
279.75
275.08
277.75
280.64
275.71
278.14
282.05
275.645
278.47
283.75
275.58
278.61
284.16
275.28
278.98
283.03
275.25
278.94
282.405
275.22
278.9
281.78
274.66
278.9
280.92
275.43
279.04
280.37
275.255
279.12
280.6
275.08
279.16
280.47
275.38
279.06
279.78
275.28
279.16
278.82
274.82
279.37
277.27
274.81
279.26
276.6
274.82
279.71
276.43
275.15
279.76
275.76
275.2
279.81
275.09
274.82
279.82
274.44
274.8975
280.02
273.35
275.19
280.02
273.3
275.37
280.19
273.99
275.6
280.29
274.82
276.19
280.53
275.59
276.45
280.77
276.36
276.493
281.26
277.34
277.09
281.25
278.01
276.58
281.41
277.92
276.54
281.64
276.57
276.76
281.655
276.055
276.98
281.67
275.54
276.72
281.64
274.65
277.0
281.87
274.26
276.4755
281.85
273.18
276.97
281.99
272.04
277.21
281.92
271.78
277.72
281.97
271.21
277.82
281.93
270.89
278.035
281.93
270.45
278.25
282.03
270.17
279.21
281.99
269.81
280.4
282.06
269.56
280.19
282.09
269.42
279.98
282.14
269.36
280.225
282.12
270.58
280.47
282.0
272.09
281.05
282.04
274.5
281.53
282.27
276.14
280.2135
282.57
278.01
281.77
282.94
279.02
281.91
283.08
280.15
281.97
282.69
280.27
281.54
281.88
278.74
280.94
281.255
277.84
280.34
280.63
276.94
279.81
279.79
275.66
279.22
279.33
275.44
278.0385
279.0
274.86
279.22
278.67
274.12
278.24
279.08
272.42
277.46
278.55
271.51
278.16
278.11
271.33
277.7
277.94
270.75
277.45
277.71
270.49
277.13
277.5
270.11
276.81
277.17
269.7
277.29
276.92
269.54
277.23
276.84
269.24
276.82
276.8
270.9
277.31
276.52
273.95
277.55
276.42
276.41
277.79
277.3
278.79
278.27
278.59
281.08
278.92
279.27
282.34
279.11
279.85
283.42
279.3
279.87
283.71
278.91
279.46
281.91
278.475
278.63
281.295
278.04
277.8
280.68
275.743
276.63
279.98
277.92
275.97
279.18
277.24
275.86
278.62
276.93
275.75
278.05
276.49
275.23
277.49
273.6215
274.78
277.13
275.55
274.64
276.75
275.45
274.32
276.13
272.752
273.57
275.52
274.64
273.55
275.35
273.69
273.18
274.9
274.3
272.95
275.02
274.51
272.94
275.57
274.72
272.78
277.26
274.99
273.08
280.23
275.43
273.17
282.64
275.72
274.29
284.39
276.01
275.13
285.53
276.69
275.67
285.9
277.52
276.26
285.57
276.4145
276.83
284.63
277.52
277.21
282.84
277.55
276.71
281.685
277.58
276.21
280.53
277.25
275.14
277.4
277.29
274.95
277.055
277.33
274.76
276.71
277.27
274.22
276.17
277.3
274.4
275.33
277.25
274.48
274.7
276.96
274.77
274.43
277.4
274.61
273.73
277.29
274.79
272.86
276.161
274.78
272.06
277.42
274.7
271.96
277.52
274.75
271.93
277.51
274.9
272.14
277.68
275.03
273.61
277.93
274.56
276.42
278.34
274.62
278.44
278.88
275.23
280.56
277.6375
275.73
282.72
279.28
276.58
284.03
280.51
277.52
284.06
278.207333333
278.22
284.57
278.913666667
278.27
282.915
279.62
278.32
281.26
278.99
277.06
279.68
276.8855
275.99
278.45
278.67
275.48
276.86
278.44
275.31
276.06
277.44
275.04
275.72
277.52
274.69
275.33
276.65
274.49
274.79
276.36
274.35
274.69
276.23
274.13
273.9
276.56
273.97
273.78
276.47
273.98
273.5
276.45
274.09
272.77
276.83
274.0
272.59
277.21
274.0
272.94
277.38
274.24
274.78
277.65
274.65
279.27
277.92
275.03
283.02
278.61
276.16
284.86
278.59
277.69
285.83
279.17
278.8
286.32
279.69
279.1
286.8
281.24
279.49
287.01
280.81
279.68
284.58
280.39
279.58
283.285
278.4755
279.48
281.99
279.92
278.81
281.34
279.435
278.81
280.145
278.95
278.81
278.95
276.5715
278.0265
278.71
278.69
278.73
278.47
278.55
278.42
278.31
277.81
278.68
278.23
278.195
278.73
277.27
278.58
278.78
276.48
278.01
278.71
275.88
277.89
278.63
275.61
278.2
278.83
275.13
277.2175
278.86
275.33
278.26
278.68
277.22
277.0575
278.54
281.72
277.88
278.75
284.3
278.77
279.01
286.67
279.04
279.45
287.83
279.31
279.76
288.5
279.18
280.27
288.54
279.05
280.32
288.3
279.68
280.37
286.46
279.5
279.75
285.66
279.32
279.13
284.86
278.45
278.13
284.13
278.6
277.21
283.63
278.54
276.88
283.04
278.15
276.46
282.15
278.1
276.06
281.48
277.66
276.29
280.56
277.21
276.01
279.19
276.83
275.99
278.46
277.04
275.81
278.01
276.945
275.7
277.17
276.85
275.7
276.64
277.185
275.72
275.95
277.52
275.57
275.92
277.4
275.63
277.36
277.28
275.77
279.19
277.65
275.92
281.11
277.94
276.24
282.41
276.715
276.76
281.3
278.25
277.35
278.86
278.32
277.71
276.98
278.76
278.16
276.17
278.44
278.45
274.67
278.59
278.27
273.86
277.127
278.09
273.05
278.14
277.91
272.87
278.34
277.79
272.57
278.23
277.43
272.27
278.1
277.23
272.59
278.07
276.99
272.69
277.92
276.67
272.69
277.87
276.45
272.56
277.89
276.31
272.44
277.75
276.34
272.45
277.86
276.26
272.33
277.88
276.11
271.87
277.84
276.13
271.51
278.08
276.14
271.38
278.05
276.18
271.83
278.2
276.26
272.87
278.83
276.64
274.62
279.18
277.72
276.42
279.41
278.23
277.57
279.75
278.54
278.49
280.04
278.58
278.82
280.21
278.72
278.61
280.14
278.77
278.19
279.94
278.68
276.52
279.58
278.52
275.47
279.49
278.68
274.01
279.27
278.81
272.98
279.2
278.62
272.55
279.26
278.65
271.94
279.12
278.68
272.27
278.91
278.88
272.21
279.07
278.92
272.02
279.17
279.04
271.03
278.9
279.07
270.45
278.88
279.0
270.17
279.06
279.07
270.17
278.315
279.14
270.17
279.17
279.16
270.4
279.18
279.25
272.94
279.18
279.31
278.47
278.3885
279.141
280.205
279.44
279.49
281.94
279.43
279.61
283.18
279.83
279.92
284.21
279.79
280.09
284.58
280.24
280.14
285.02
279.218
280.3
284.08
279.87
280.25
281.98
279.77
279.82
280.83
279.64
279.43
279.79
279.26
279.23
279.29
278.255
278.8
279.15
279.03
278.08
278.46
278.95
277.76
277.72
277.808
277.33
276.71
278.64
276.97
276.07
278.33
276.8
275.63
277.95
276.6
275.32
277.79
276.71
274.7
277.63
276.29
274.79
277.51
276.1
274.71
275.56
276.12
275.09
277.25
276.06
275.68
276.91
275.91
280.54
277.59
275.98
284.05
277.87
276.34
286.66
278.15
277.06
289.02
279.05
278.11
290.44
279.35
278.67
291.79
279.82
278.92
292.59
279.36
279.02
292.79
279.39
278.84
291.15
279.17
278.63
288.36
278.8
278.43
285.97
282.0715
283.0865
289.7665
285.343
287.743
293.563
278.69
287.743
293.563
278.655
277.99
274.53
278.62
277.96
273.03
278.8
278.05
271.8
278.91
278.03
271.22
278.86
278.07
270.45
278.95
278.11
270.01
278.69
278.22
269.4
278.82
278.28
268.97
278.86
278.27
268.65
278.85
278.28
269.12
278.835
278.35
270.87
278.82
278.63
272.31
279.35
279.05
274.43
279.485
279.66
275.63
279.62
280.34
276.99
279.64
280.98
277.91
279.66
281.56
278.15
279.84
282.17
276.68
279.54
282.03
275.78
279.805
281.89
274.88
280.07
281.64
274.27
280.0
281.24
272.56
280.16
281.09
271.3
279.51
280.74
271.13
279.16
280.565
270.58
278.81
280.39
270.03
278.47
279.86
270.13
278.39
278.72
270.34
277.7
277.79
270.19
276.94
277.18
270.12
276.57
276.83
270.19
276.2
276.41
269.74
276.06
276.67
270.15
276.11
276.34
272.37
276.08
276.09
275.15
276.05
276.4
276.67
276.36
277.11
278.41
277.1
277.93
280.74
278.39
278.59
281.95
279.46
279.24
283.15
280.09
279.3
283.23
279.825
279.39
282.69
279.56
279.04
281.61
278.01
277.78
280.61
276.22
276.62
279.75
275.9
276.179930575
279.629947237
275.47
275.93
279.44
275.04
276.06
279.37
274.605
275.94
279.1
274.17
275.73
278.68
274.91
275.15
278.14
274.11
275.01
277.82
273.31
274.8
277.32
274.4
274.49
277.39
273.92
274.69
277.18
273.0995
275.0
277.35
274.38
274.88
277.66
273.23
274.61
278.75
273.135
273.68
281.59
273.04
273.64
284.08
275.44
274.96
287.36
275.835
276.13
289.33
276.23
277.21
290.97
277.02
278.14
292.68
277.97
278.75
293.15
278.1
277.86
291.24
277.275
277.16
290.66
276.45
276.46
290.08
274.33
275.27
289.09
274.185
274.72
288.58
274.04
274.5
287.59
273.65
273.96
286.65
273.26
273.72
285.54
273.0
273.15
282.65
272.93
272.61
277.76
272.66
272.59
275.77
272.32
272.07
274.53
270.5495
271.86
273.99
271.51
271.5
272.89
271.47
271.53
271.9
271.3
271.38
271.36
271.38
271.42
271.01
271.74
271.4
271.39
272.92
271.79
271.95
274.65
272.94
273.28
275.5
275.14
274.68
276.35
276.5
275.66
277.21
277.53
276.03
277.67
278.38
275.87
276.9
278.57
274.87
276.19
278.04
273.65
275.1715
276.98
272.18
274.79
276.21
271.14
274.16
275.76
269.93
272.551
275.6
269.11
273.11
274.96
267.84
272.985
274.84
266.56
272.86
274.56
265.99
272.71
274.44
265.15
272.33
274.24
264.73
272.34
274.07
264.28
272.12
273.99
263.95
272.32
273.68
263.99
271.0145
273.6
263.71
272.15
273.09
263.71
272.08
272.62
264.39
272.01
272.34
265.71
272.83
273.01
266.77
273.765
273.85
268.7
274.7
275.38
270.15
275.155
276.0
271.4
275.61
277.01
272.0
276.8
277.0
272.36
276.62
276.87
272.16
276.44
276.83
271.22
275.59
276.97
270.19
275.755
277.12
268.88
275.92
277.14
268.62
275.95
277.25
268.37
276.25
277.49
267.97
275.93
277.63
267.63
275.64
277.82
268.22
275.92
277.9
267.97
275.96
277.41
268.11
276.15
277.19
268.0
275.0195
277.17
268.09
275.96
277.22
268.25
275.93
277.28
267.92
276.31
277.43
268.27
276.76
277.56
270.22
276.585
277.73
272.85
276.41
277.94
275.89
277.17
278.49
277.85
277.305
278.98
279.42
277.44
279.48
280.86
