293.16
291.15
300.34
292.35
292.12
300.86
292.69
292.58
301.55
293.35
293.37
302.09
294.57
294.24
302.72
294.73
294.7
302.42
294.71
295.28
302.29
293.87
294.81
302.02
293.43
294.58
301.09
292.16
293.7
300.1
290.89
290.71
299.56
288.88
288.71
298.65
287.1
288.02
298.42
286.64
286.15
297.95
287.12
285.51
297.69
286.95
285.13
297.09
286.73
284.51
296.44
285.93
285.35
295.93
285.91
285.65
296.09
286.53
285.58
296.75
285.66
285.7
298.64
287.47
286.14
300.14
288.56
286.26
301.77
288.83
287.27
303.28
289.71
287.79
303.69
289.99
288.26
303.9
291.01
289.92
304.95
291.01
290.7
304.7
291.51
292.04
302.87
292.34
292.81
300.74
292.66
293.24
300.65
292.65
294.39
300.76
294.42
294.9
300.52
292.97
294.27
299.95
291.42
292.85
298.88
291.32
290.39
298.46
289.08
289.03
298.03
288.57
288.01
297.15
287.24
287.13
296.89
286.58
285.9
296.35
285.91
285.39
295.93
286.73
284.67
295.62
286.56
284.56
295.46
285.42
284.22
295.96
285.26
284.97
297.35
286.12
286.01
299.28
287.47
287.03
300.28
288.47
287.93
301.9
288.98
288.36
302.15
289.5
288.91
303.15
289.9
289.65
304.03
290.8
290.48
304.58
291.48
291.4
304.62
293.25
291.78
304.82
293.53
291.92
304.65
293.38
292.46
303.97
294.48
292.27
302.84
294.32
292.15
301.1
293.15
291.37
299.96
291.63
290.15
299.47
289.86
288.37
298.79
289.08
287.49
298.76
288.49
285.37
297.61
289.14
285.04
297.08
288.95
284.48
296.61
288.13
284.52
296.21
287.55
283.92
296.65
287.29
283.92
297.4
286.51
285.26
298.08
287.64
285.35
298.62
289.2
286.43
300.15
290.67
288.69
301.28
291.22
290.25
302.65
292.52
291.48
303.83
293.09
293.25
304.78
294.1
294.89
305.46
294.76
295.81
306.02
295.97
297.15
306.09
296.19
297.53
305.65
295.88
297.78
304.96
295.73
297.17
303.46
295.07
295.43
302.34
293.58
293.57
301.77
292.04
291.56
301.15
290.95
291.42
301.29
290.15
289.71
301.08
288.96
288.7
300.55
288.4
288.36
300.119293056
287.78
287.15
299.58
287.34
286.65
299.55
286.96
285.77
300.15
286.53
284.78
300.37
286.5
285.14
300.65
288.96
287.47
301.48
289.68
289.69
302.95
291.86
292.13
303.75
292.42
293.25
304.9
291.36
294.9
305.71
294.42
296.16
306.55
295.91
297.92
306.61
296.9
299.52
307.21
297.59
299.89
307.58
297.87
301.52
306.9
297.71
301.15
305.84
297.38
299.77
304.46
295.91
297.52
303.52
293.13
294.52
303.28
292.88
291.58
301.76
289.28
291.35
299.7
288.0
288.63
297.96
287.75
287.41
296.3
288.2
286.82
295.94
287.18
286.02
295.58
285.66
285.93
295.01
286.39
285.71
294.82
286.55
285.65
294.95
286.4
285.65
295.21
286.61
286.02
295.34
287.8
285.93
294.94
288.14
286.7
295.21
288.82
287.14
296.52
289.82
287.92
297.41
290.66
288.81
297.48
291.15
290.65
298.4
292.15
291.48
299.15
292.31
292.59
300.22
292.97
295.28
301.08
293.32
295.65
300.43
293.14
295.02
299.28
293.38
293.37
298.15
292.1
291.25
297.75
290.83
291.14
297.55
289.59
289.48
297.42
288.76
287.92
296.95
288.1
287.03
296.55
287.44
286.36
296.48
288.602939383
286.234665718
296.961389538
289.830316041
286.093840683
297.49892128
291.057692699
285.953015647
298.036453022
292.285069356
285.812190612
298.573984764
294.15
285.59
299.42
287.31
285.81
299.95
288.49
286.47
301.27
289.48
287.36
302.77
290.99
288.14
304.22
291.65
289.69
305.01
292.64
291.01
305.9
293.47
293.14
306.62
293.8
294.03
306.84
294.84
295.92
307.09
295.0
296.6
307.02
295.3
297.04
305.69
296.1
296.48
303.95
295.04
295.15
302.95
293.02
293.39
302.28
291.59
292.47
301.75
289.99
289.7
301.08
288.98
289.03
301.22
288.48
288.7
300.75
287.97
287.81
300.16
287.15
286.93
299.76
287.59
286.69
299.3
287.71
286.35
298.76
287.78
285.89
298.84
287.14
286.03
299.55
287.97
286.27
300.41
288.98
286.48
301.65
289.83
287.14
303.95
290.31
287.58
304.15
291.3
288.6
304.68
291.81
290.01
305.48
292.67
290.37
306.08
293.17
291.14
306.35
295.0
291.82
306.42
295.03
292.71
306.08
294.71
293.37
305.22
293.46
293.04
303.55
293.5
292.15
302.21
291.76
290.37
301.55
290.45
288.36
300.81
288.7
288.17
300.54
287.96
286.36
299.57
287.95
286.37
296.03
286.96
285.72
293.93
286.46
285.27
293.89
286.3
284.58
293.81
285.8
284.04
294.02
285.76
283.17
294.58
286.5
282.92
295.15
287.41
285.02
296.21
288.97
287.25
298.08
290.48
289.68
300.08
291.03
291.27
302.22
292.03
292.26
303.68
293.19
293.59
304.68
293.7
294.9
305.35
295.04
295.48
305.53
295.38
296.15
305.94
296.98
297.7
305.88
296.56
297.59
305.02
296.01
297.37
303.01
295.17
296.15
302.08
294.02
293.03
301.58
292.02
291.25
301.48
289.35
289.04
301.36
289.32
288.35
301.29
288.47
287.59
301.01
288.11
286.25
300.55
287.59
285.8
300.29
286.45
283.69
299.88
286.43
283.02
299.35
285.59
283.25
299.08
284.79
283.36
299.15
288.32
287.53
300.29
290.01
288.98
301.62
291.53
292.11
302.49
292.97
294.64
303.4
293.86
295.48
304.16
295.21
296.81
305.09
297.15
297.9
305.84
297.62
299.48
306.35
298.21
300.92
305.42
298.74
301.6
302.49
298.54
302.03
300.49
298.01
301.37
299.08
298.37
299.71
297.84
296.68
296.26
296.95
294.82
293.81
296.42
291.78
292.48
296.43
290.75
292.37
296.28
291.33
290.49
296.22
290.52
289.26
296.02
289.74
288.37
296.15
288.93
287.36
296.08
287.45
286.26
296.09
287.95
285.61
296.41
287.48
285.03
297.65
288.99
286.93
299.39
290.67
288.9
300.84
292.31
290.02
301.79
293.47
292.58
303.28
294.49
294.87
304.72
295.18
296.14
305.35
295.86
297.7
306.29
296.87
299.51
306.29
297.53
300.52
305.6
300.34
301.4
305.44
297.64
300.95
304.29
297.48
300.63
302.08
296.21
298.74
300.88
295.04
295.93
300.35
292.61
293.48
299.88
291.77
291.81
299.15
290.79
291.7
299.15
290.29
290.14
298.69
288.97
289.03
298.69
289.14
287.24
298.29
288.96
286.82
297.88
288.48
285.89
297.84
287.98
285.4
298.27
289.12
285.58
300.34
289.49
286.51
301.95
292.1
287.92
303.74
291.82
289.9
305.01
292.65
290.37
306.21
291.81
291.02
306.75
292.17
292.47
306.95
292.71
293.53
305.09
294.68
293.59
302.86
294.76
294.25
302.04
295.1
294.77
302.65
295.28
294.65
302.27
294.79
294.14
301.09
293.97
293.4
300.46
292.26
291.25
300.02
290.83
291.14
299.27
289.59
288.69
299.15
288.43
288.35
299.03
287.94
287.92
298.84
287.27
287.26
298.84
286.94
286.81
298.34
286.78
285.65
298.03
287.09
286.25
297.66
285.95
285.65
297.54
286.14
285.36
299.58
287.63
286.91
301.87
289.33
288.91
303.68
290.83
290.36
305.33
291.83
291.52
306.03
292.52
293.92
307.15
293.37
294.9
307.71
294.36
296.37
308.21
295.53
297.7
307.76
295.69
298.48
303.82
296.71
299.15
299.75
296.3
298.93
299.84
297.18
298.52
299.61
295.84
297.15
299.15
294.16
293.59
298.71
292.99
292.48
298.4
291.53
292.37
298.34
290.74
291.14
298.16
290.34
290.37
297.53
289.56
289.25
297.4
288.75
288.37
297.22
288.35
287.81
296.84
287.82
287.27
296.53
288.55
286.27
296.9
288.65
285.52
297.81
288.97
288.03
299.81
289.35
289.59
301.61
291.32
291.27
303.07
291.83
292.4
303.88
292.49
294.27
303.74
293.14
295.59
303.5
294.47
296.58
304.02
295.32
297.52
304.29
295.15
298.01
303.8
295.49
298.64
300.21
295.84
297.61
298.9
296.98
297.27
298.27
295.98
295.04
297.59
293.99
294.02
297.35
292.8
292.03
296.88
291.22
290.69
296.52
290.39
290.7
296.29
289.74
289.8
296.02
289.31
289.03
295.34
288.81
288.91
295.34
288.41
288.02
295.21
288.13
287.46
295.28
287.59
287.04
295.55
287.29
287.228239144
296.65
288.563089849
287.437329215
298.264038408
289.98
287.67
300.27
290.81
289.15
301.86
291.32
289.59
303.21
292.0
291.14
304.48
292.62512792
292.083304566
305.287567492
293.31
293.24
306.27
293.18
294.92
306.79
292.68
295.27
306.65
292.66
295.66
306.34
291.65
294.48
305.15
291.74
294.07
303.21
291.32
292.64
302.21
291.33
290.02
301.21
289.95
288.14
300.55
287.94
287.14
299.59
287.34
287.14
299.42
286.74
286.25
298.84
285.93
285.92
298.28
284.92
285.36
298.09
284.74
284.7
298.03
284.55
284.14
298.09
286.81
284.02
298.21
284.8
283.89
299.65
286.31
285.36
301.08
287.79
286.77
302.41
289.31
287.58
304.01
289.98
289.13
305.35
290.96
291.02
306.55
291.98
291.27
307.08
292.98
293.03
307.58
293.15
294.4
308.01
293.82
294.92
307.71
294.5
295.78
306.88
294.66
296.27
305.78
294.48
296.02
303.84
293.64
294.77
302.96
292.31
291.37
302.15
290.64
290.03
301.52
289.33
288.92
300.77
289.76
288.82
300.78
289.07
287.03
299.97
287.36
286.92
299.89
286.93
286.25
299.15
286.32
285.37
298.48
286.13
284.36
297.77
286.54
284.47
299.28
286.65
285.14
300.58
287.95
285.7
301.21
289.65
288.15
303.71
290.99
288.25
303.78
291.98
290.15
305.45
292.8
291.37
305.9
293.29
293.13
306.35
294.16
294.4
306.88
294.66
295.28
307.15
296.31
297.4
307.15
296.39
297.26
306.65
296.28
298.01
306.51
296.13
297.15
303.59
294.72
295.04
302.59
293.16
295.27
302.47
291.7
292.36
301.15
290.61
291.26
300.46
290.28
288.48
299.96
290.12
288.03
299.65
289.64
288.14
299.75
289.47
287.14
298.96
288.96
287.26
298.59
288.81
286.64
298.21
288.8
286.76
298.34
289.85
287.47
300.08
290.14
287.82
301.61
289.96
288.47
303.2
291.7
289.77
304.52
293.27
290.13
305.58
293.37
290.91
306.15
294.25
292.13
306.77
294.67
293.37
307.15
295.4
293.8
307.58
295.53
294.91
307.55
293.98
295.39
307.15
294.55
295.52
305.96
293.97
294.65
303.84
293.13
294.52
302.52
292.14
292.59
301.83
290.72
290.37
301.21
288.95
288.51
300.72
288.56
287.71
300.53
287.75
287.15
300.34
287.54
286.37
299.9
286.96
284.52
299.53
285.71
284.7
299.15
285.56
283.91
298.59
285.17
283.35
299.21
285.13
283.13
300.87
286.48
285.34
302.68
288.0
287.8
304.57
289.12
289.76
305.61
290.8
291.25
306.65
291.51
292.48
307.08
292.69
294.14
307.52
293.52
295.28
308.03
294.21
296.25
307.95
294.84
297.59
307.95
296.1
298.72
307.46
295.98
299.03
306.08
296.0
299.15
305.03
295.83
298.64
303.59
294.34
296.49
302.76
292.14
293.6
301.9
290.44
291.78
301.08
289.77
290.03
300.59
289.61
288.92
300.29
288.77
287.92
299.96
288.42
287.25
299.56
288.42
286.02
299.23
287.59
285.89
299.02
287.15
284.47
299.44
287.65
284.14
300.08
288.48
286.47
300.16
289.99
288.25
299.89
291.5
289.76
300.02
292.82
290.53
301.59
293.65
292.28
304.15
294.98
293.65
305.77
295.83
294.59
305.77
295.98
295.93
305.94
296.27
296.9
306.08
295.99
296.65
306.01
295.71
296.51
305.15
294.82
294.26
302.81
294.19
292.37
301.36
292.73
290.4
300.77
291.15
290.27
300.21
290.83
288.7
299.27
290.47
288.59
299.03
290.0
287.48
298.9
288.97
286.48
298.34
288.15
285.65
297.83
288.31
285.92
297.61
287.62
285.92
297.09
287.93
285.58
297.38
287.8
285.47
299.94
289.83
286.78
301.77
290.75
286.92
303.68
290.45
287.9
304.84
291.45
289.53
305.55
291.63
290.36
306.48
292.46
291.4
306.95
293.11
292.59
307.47
294.91
293.37
307.36
294.27
295.02
306.97
295.12
294.72
305.95
294.34
295.28
304.75
295.13
294.04
303.15
294.15
293.27
301.71
292.27
293.14
300.77
291.11
290.59
300.27
289.94
289.4
300.03
289.24
288.15
299.59
288.75
287.48
299.15
287.9
286.27
298.78
287.75
284.8
298.21
287.09
284.36
297.75
285.74
283.47
297.53
284.13
283.0
297.83
284.95
282.36
299.39
287.11
284.72
301.21
289.14
289.7
303.71
290.13
289.7
304.15
291.99
292.05
305.9
293.2
293.85
306.65
293.81
295.26
306.88
294.62
295.65
307.15
295.24
296.59
307.22
295.19
296.7
307.35
295.81
297.48
307.15
296.2
297.34
306.53
296.0
297.59
305.37
295.41
296.55
303.76
293.97
295.25
302.66
291.58
292.67
301.76
289.71
289.84
301.03
289.16
288.34
300.4
288.38
287.74
300.09
287.67
286.73
299.48
287.59
286.21
299.36
286.41
284.93
298.34
285.65
284.33
298.15
285.44
283.94
299.68
285.49
286.04
301.55
288.32
288.74
303.4
289.94
290.85
304.65
291.58
293.14
305.62
293.4
294.35
306.4
293.76
296.05
306.96
295.23
297.26
307.22
295.57
298.7
307.84
296.63
299.48
308.09
297.2
299.59
307.48
297.64
300.03
307.48
298.01
300.25
307.15
297.79
300.14
305.72
296.38
298.69
304.16
295.6
296.47
303.36
293.74
292.36
302.09
291.93
290.34
301.46
290.91
289.65
300.84
290.42
287.74
300.27
289.88
287.53
300.22
288.66
286.63
300.09
288.39
285.43
299.09
287.16
285.24
299.08
286.9
284.84
299.03
287.14
284.44
300.53
288.36
287.23
303.88
289.95
287.84
304.15
291.16
289.14
305.55
292.34
291.45
306.75
293.61
292.65
308.21
294.18
293.83
308.22
295.58
295.48
308.71
295.99
296.27
308.59
296.01
297.59
308.86
295.96
297.7
308.87
295.56
297.16
306.4
295.16
296.94
306.15
294.55
295.17
303.65
293.56
294.25
303.47
291.94
291.36
301.96
291.41
291.04
300.82
290.62
289.48
300.46
290.63
289.05
300.27
290.39
289.15
300.02
289.88
289.14
299.4
289.63
288.44
298.96
289.68
288.54
298.84
289.15
288.54
300.4
289.15
288.54
302.42
289.57
288.74
304.55
290.37
289.44
305.96
290.17
290.34
307.15
291.39
292.05
308.15
292.33
292.95
308.84
293.56
293.75
309.15
293.96
294.65
309.68
295.18
295.48
309.71
295.6
295.48
309.62
295.17
295.03
308.9
294.97
295.48
306.86
294.37
294.45
305.68
294.4
293.59
304.41
292.81
291.65
303.88
291.81
289.95
302.52
290.69
289.34
301.77
289.95
288.64
301.15
288.91
287.14
300.72
288.2
286.54
300.55
287.65
285.54
299.77
287.4
285.24
299.34
287.13
284.44
299.09
286.67
284.53
300.34
286.75
285.74
302.02
287.91
287.92
304.4
289.33
289.93
306.08
290.36
291.25
307.42
291.16
293.25
308.46
291.56
294.45
309.28
291.96
295.35
309.59
292.96
296.45
309.96
292.59
297.15
309.96
292.18
297.85
309.65
292.37
297.55
308.78
292.18
297.81
307.15
291.99
297.04
305.46
291.99
294.71
304.55
291.39
292.55
303.4
291.01
291.85
302.4
290.46
291.24
302.15
290.19
291.25
301.15
290.19
290.94
300.34
290.19
290.65
299.65
290.17
290.44
299.4
289.42
290.54
298.77
289.19
290.7
298.52
288.91
290.59
299.84
289.15
291.04
301.88
289.34
291.37
304.15
290.15
292.93
305.75
290.34
294.15
307.28
290.55
296.37
308.65
291.54
297.6
309.34
292.72
299.04
309.78
293.54
300.15
310.22
293.55
301.38
310.08
293.77
301.92
309.84
293.74
302.15
309.15
294.18
300.15
307.65
294.15
298.53
305.84
294.19
296.4
304.78
293.4
294.02
304.03
292.57
293.15
303.4
292.19
292.14
302.46
291.91
291.7
301.51
290.94
291.03
300.52
290.94
290.59
299.9
290.72
289.74
299.46
290.2
289.44
299.09
290.2
289.48
299.02
290.17
289.7
299.95
290.15
289.81
301.59
290.15
290.37
303.08
290.37
290.75
305.34
290.98
291.71
306.72
292.01
292.45
308.28
292.81
294.04
309.08
293.81
294.15
309.65
294.61
295.6
310.15
294.81
295.85
309.69
295.22
296.45
309.29
295.44
296.37
308.42
295.84
296.65
307.16
294.81
295.96
305.48
294.64
294.65
304.15
292.48
292.75
300.56
290.23
291.05
296.72
288.94
289.94
296.08
288.18
289.44
295.86
287.7
289.15
296.08
287.3
287.94
296.15
288.3
287.25
296.29
287.81
286.92
296.51
287.31
285.46
296.34
286.78
284.84
296.78
287.28
285.45
297.21
288.09
289.81
298.21
289.74
291.35
299.21
291.36
292.24
300.65
292.77
294.37
302.22
293.99
295.65
303.4
294.6
296.59
304.75
295.21
296.84
305.28
295.61
298.93
305.78
296.4
298.75
305.96
296.62
299.15
305.09
295.98
299.35
303.82
297.03
299.45
302.28
296.22
298.65
301.4
295.22
297.37
300.68
292.37
295.05
299.97
289.64
291.64
299.46
289.62
291.09
298.96
288.84
289.43
298.84
288.6
288.63
298.65
288.12
287.83
298.34
288.63
287.03
298.09
288.38
286.34
297.72
287.84
286.38
298.53
287.1
286.64
300.21
289.62
290.81
301.71
291.35
292.25
303.68
292.17
294.14
304.75
293.36
296.37
305.68
293.98
297.75
306.71
295.19
299.6
307.48
295.99
299.59
307.55
296.01
300.54
307.95
296.43
302.15
308.03
298.84
302.26
307.65
298.78
302.37
307.65
298.7
302.37
306.09
297.29
299.35
304.35
295.12
296.7
303.75
292.8
295.87
302.46
291.14
294.04
301.82
290.15
293.05
302.02
289.18
290.84
301.15
288.66
289.34
300.35
287.88
288.35
299.82
287.92
288.24
299.59
287.54
286.48
298.75
286.65
285.82
299.46
286.34
286.16
300.88
287.14
288.05
302.42
288.95
289.35
304.35
290.54
290.81
305.48
292.13
293.6
306.48
293.12
294.47
307.22
294.33
295.14
308.35
295.54
296.54
308.95
296.17
297.94
309.02
293.72
299.14
309.22
293.77
300.7
308.46
295.72
300.69
307.27
294.96
300.36
305.52
294.74
298.53
304.46
293.96
297.24
303.71
291.95
293.65
303.4
290.41
291.87
302.84
290.13
290.2
302.15
289.13
288.45
301.27
288.9
288.18
300.59
288.13
287.17
299.9
287.38
287.24
299.21
286.92
286.82
298.42
286.9
286.71
299.77
286.34
286.71
301.65
