277.47
280.99
285.35
277.82
280.91
288.87
278.99
280.76
292.23
279.71
280.52
294.85
280.53
281.59
296.25
281.9
282.44
297.27
282.2
283.08
297.76
282.7
283.26
298.05
282.34
283.41
297.53
283.2
283.52
296.52
282.37
281.09
295.11
281.54
280.91
293.06
280.73
280.57
291.93
279.95
280.53
291.28
279.73
280.07
290.74
279.32
280.25
289.8
278.52
279.02
289.2
278.17
279.25
289.3
278.06
279.21
289.02
277.61
279.13
288.3
276.92
278.68
287.58
276.7
277.48
286.97
276.79
277.12
286.69
276.61
277.21
287.79
276.69
276.96
289.68
277.79
278.65
291.75
279.75
279.28
293.75
281.17
280.18
296.04
282.58
281.83
297.69
283.45
282.94
299.06
283.86
284.01
299.93
284.19
284.56
300.55
284.43
285.19
300.96
284.26
285.53
298.95
283.76
284.84
295.65
282.53
283.9
294.44
280.71
282.84
293.44
279.76
281.96
290.92
279.33
281.06
287.98
278.72
280.5
285.97
278.1
279.79
284.48
277.29
279.62
283.73
276.82
279.04
283.21
276.8
278.38
282.75
276.49
278.0
282.1
276.05
277.32
281.18
275.53
276.28
280.41
275.49
277.35
280.86
275.5
276.69
282.19
276.84
278.04
283.75
279.67
279.5
285.59
281.22
281.54
286.59
283.19
282.74
287.7
283.63
284.13
288.65
284.01
285.48
289.38
284.64
287.22
289.38
284.52
288.32
289.08
283.35
288.57
288.14
280.33
288.56
286.16
279.61
286.22
284.62
278.42
284.12
283.56
278.11
283.07
282.26
277.69
282.67
280.99
277.19
281.11
280.19
277.2
280.49
279.14
276.91
280.19
278.33
278.18
278.88
277.4
278.01
278.15
277.01
277.88
278.41
276.61
277.07
278.2
276.07
276.93
277.69
276.22
276.71
277.16
279.08
276.57
277.37
284.03
277.39
278.69
287.4
278.35
280.21
289.49
280.03
280.87
290.65
280.85
282.45
291.15
281.21
283.66
292.15
281.74
285.03
292.78
281.82
286.07
292.83
282.81
285.73
292.15
282.77
285.8
291.15
281.88
285.83
289.06
281.69
285.35
287.79
281.51
284.28
286.94
276.94
283.66
286.81
277.88
283.16
286.13
277.4
282.55
285.84
276.61
282.03
285.09
280.41
281.55
284.44
280.28
281.96
283.91
280.45
282.08
283.16
280.36
282.28
282.59
280.17
282.72
282.33
280.16
282.45
282.13
280.1
282.62
283.42
280.03
282.86
286.24
280.2
282.66
288.39
281.24
283.91
290.59
282.79
284.67
291.75
283.81
286.08
292.85
284.66
286.65
293.89
283.4
287.37
295.0
283.64
287.65
295.14
284.41
286.2
294.79
284.35
286.68
294.1
284.31
285.51
292.73
283.31
284.2
291.92
282.98
283.3
291.27
282.26
282.83
290.64
281.58
282.27
290.26
280.75
281.43
289.68
280.55
280.89
289.46
280.41
279.83
288.99
280.27
279.69
288.87
280.26
279.31
288.7
280.36
279.67
289.05
279.98
279.86
289.12
280.1
279.8
289.05
279.98
279.57
288.97
279.95
280.05
289.35
279.81
280.15
289.91
280.26
281.02
290.54
280.38
281.72
291.07
280.65
283.06
291.12
280.24
283.79
292.16
279.89
285.4
291.59
279.83
287.44
290.93
279.97
287.62
290.18
279.93
287.53
287.22
280.01
286.75
287.44
280.05
286.43
286.89
280.48
285.26
286.73
280.85
284.71
285.64
281.59
283.98
285.93
280.87
284.64
285.33
281.08
284.45
285.49
281.45
284.25
285.15
281.73
283.64
286.17
281.74
282.84
286.18
281.1
282.39
286.15
280.4
281.85
286.13
280.23
281.4
281.87
279.96
280.5
281.15
279.92
280.48
281.26
280.05
280.35
280.79
280.05
280.42
280.39
280.08
280.51
279.84
280.11
280.66
279.54
280.2
280.61
278.97
280.29
280.56
278.5
280.68
280.52
278.48
280.6
280.48
278.33
280.44
280.14
278.22
280.26
279.86
278.22
280.07
279.26
278.39
279.7
278.64
278.7
279.35
278.28
279.04
278.83
277.92
279.2
278.21
277.62
279.21
278.23
277.59
279.08
278.05
277.76
278.45
277.79
277.58
277.6
277.48
277.46
276.83
277.29
277.17
276.1
276.98
276.73
275.5
277.04
276.47
275.14
277.07
276.28
276.34
277.05
276.3
278.73
277.65
277.19
280.65
278.25
278.64
282.43
278.96
279.76
284.35
279.83
280.52
285.78
280.14
281.22
287.31
281.23
281.22
288.42
281.72
281.6
289.25
281.83
281.77
289.03
281.96
281.72
287.95
281.57
281.43
286.63
280.49
280.31
285.46
278.83
278.98
284.5
277.85
278.05
283.94
277.04
277.56
283.58
276.65
277.16
283.29
276.03
276.77
283.4
275.59
276.71
283.25
275.62
276.61
283.17
275.52
276.64
283.13
275.44
276.6
283.21
275.87
276.61
283.03
276.12
276.57
283.06
276.21
276.64
284.59
276.35
276.9
287.44
276.98
277.59
289.85
278.12
278.7
292.75
279.26
279.73
295.74
279.57
280.48
297.47
280.05
281.26
299.12
280.36
281.81
300.31
280.57
282.15
300.8
280.89
282.27
299.61
280.97
282.33
298.59
280.75
282.32
296.98
280.43
281.93
296.11
279.83
281.5
295.6
279.43
281.1
292.79
279.01
280.87
291.42
279.03
280.79
290.03
278.94
280.71
287.89
278.6
280.48
284.66
278.64
280.47
283.56
278.68
280.41
282.24
278.77
280.27
281.19
278.82
280.13
280.44
278.74
280.09
280.15
278.85
279.89
280.65
278.75
279.94
282.15
279.03
280.05
283.95
279.53
280.55
285.71
280.11
281.04
286.97
280.71
281.36
288.77
281.23
281.54
289.69
281.45
281.77
290.63
281.99
280.95
291.02
281.55
280.23
290.87
281.17
279.81
290.16
280.07
278.96
288.13
279.33
278.21
286.24
278.81
277.65
284.99
278.46
277.09
283.51
278.56
276.65
282.52
277.68
276.15
281.7
277.34
275.65
280.72
276.98
275.51
280.13
276.81
275.28
279.53
276.69
274.99
278.78
276.19
274.82
278.44
275.39
274.8
277.33
274.8
274.7
277.48
274.61
274.76
281.65
275.2
274.94
285.64
276.13
276.02
288.98
277.71
277.32
290.76
278.85
278.17
291.65
280.76
280.23
293.34
281.02
280.96
294.2
280.58
281.43
294.76
281.27
282.23
295.48
281.35
282.65
295.14
280.38
282.66
294.64
280.33
280.86
290.91
279.61
280.47
290.01
278.69
279.25
288.86
277.8
278.22
288.07
277.14
277.75
286.94
276.98
277.21
285.91
276.02
276.76
285.49
275.3
276.29
285.73
275.23
275.82
285.38
275.27
275.39
285.12
275.13
275.01
285.35
274.8
274.73
285.44
274.9
274.43
285.45
274.44
274.11
286.84
275.02
274.4
289.15
276.5
275.53
293.37
278.27
277.59
296.09
279.4
279.13
297.68
280.52
280.48
298.68
281.37
281.52
299.29
281.85
282.36
299.47
281.58
282.83
299.26
281.99
283.05
298.26
281.88
282.78
297.18
281.14
281.96
296.18
280.09
280.84
295.04
278.97
279.19
294.17
278.18
278.18
293.49
277.45
277.12
292.93
277.14
276.38
292.04
276.52
275.83
291.25
275.75
275.12
290.77
275.27
274.57
290.58
275.06
273.89
290.37
275.3
273.55
289.6
275.1
273.47
289.05
275.3
273.01
288.75
275.33
272.83
288.55
275.61
273.49
288.72
276.35
275.55
289.02
276.97
277.56
289.06
277.19
279.57
289.37
277.42
281.09
289.19
277.47
282.22
288.32
277.08
283.35
287.52
277.01
284.04
286.57
276.97
284.03
285.73
277.23
283.65
284.73
277.36
283.0
283.73
277.3
282.24
283.57
276.86
281.08
283.92
276.28
280.24
284.23
276.11
279.51
284.39
276.01
279.09
284.39
276.08
278.88
284.4
275.98
278.84
284.3
275.69
278.68
283.95
275.3
278.47
283.05
274.88
278.03
282.63
274.53
277.72
282.17
274.19
277.3
281.62
273.88
277.25
281.08
274.17
277.31
280.91
275.92
278.36
281.59
277.82
279.99
282.73
279.61
281.16
284.69
280.67
282.24
285.59
281.36
283.17
286.07
281.93
283.88
286.74
282.26
284.41
287.04
282.7
284.62
286.99
282.52
284.66
286.16
281.87
283.92
285.01
280.86
282.47
283.78
279.64
280.81
282.5
279.03
279.82
281.77
278.81
279.03
281.0
278.56
278.61
280.13
278.07
278.53
279.69
278.07
278.35
278.9
278.21
278.12
278.32
278.17
277.95
277.78
278.02
277.5
276.99
277.9
277.11
276.54
277.86
276.94
277.1
277.84
276.7
280.43
278.07
277.05
284.02
278.77
278.92
285.8
280.1
281.27
287.41
281.29
283.68
288.83
282.46
286.09
290.06
284.14
288.1
290.96
285.18
290.25
291.81
286.21
291.26
292.23
287.08
292.37
292.01
287.55
292.54
291.2
287.43
291.48
289.23
285.66
290.23
287.2
284.24
287.83
285.72
283.41
287.21
284.52
283.37
286.46
283.44
283.4
286.14
282.6
283.16
285.52
282.4
282.58
284.98
281.14
282.53
284.66
280.27
282.45
284.23
279.19
282.61
283.84
278.8
281.54
283.61
278.09
281.4
283.22
278.37
281.19
282.43
279.63
281.09
281.81
282.4
281.4
281.5
284.52
281.23
281.89
286.43
281.33
282.51
287.49
281.92
283.28
288.71
282.16
283.76
289.4
281.81
283.69
289.93
281.66
284.7
290.15
281.87
284.96
289.55
282.29
284.54
288.41
282.08
284.07
286.67
281.78
283.3
285.33
281.72
282.46
284.34
281.75
281.66
283.52
281.71
281.31
282.92
281.28
280.88
282.29
280.68
280.47
281.6
280.14
280.11
280.99
279.74
279.68
280.76
279.91
279.43
280.8
279.76
278.98
280.8
279.47
278.76
281.05
279.35
278.32
281.58
279.13
277.92
282.25
279.33
278.1
282.42
279.21
279.24
282.21
279.21
280.42
283.86
281.84
280.86
284.76
282.18
282.82
285.34
283.26
282.93
285.35
283.83
283.22
286.27
283.88
283.33
288.16
283.47
283.12
288.43
283.48
282.55
288.62
283.4
281.95
288.6
282.39
281.43
288.32
281.59
281.04
288.05
280.9
280.71
287.82
280.65
280.43
287.65
280.49
280.0
287.44
280.22
279.95
287.34
280.04
279.72
287.41
279.8
279.57
287.43
279.76
279.43
287.51
279.49
279.43
287.75
279.34
279.43
287.96
279.26
279.4
288.09
279.1
279.41
288.41
279.1
279.72
289.22
279.31
280.09
290.63
279.81
280.61
292.47
280.31
281.2
294.45
281.07
282.04
296.21
281.72
283.01
297.72
282.34
283.85
299.58
282.88
284.42
299.6
283.1
284.54
299.41
283.67
284.38
298.72
283.59
284.0
297.13
282.72
283.16
296.16
282.21
282.29
295.15
281.95
281.57
294.32
281.56
281.14
293.59
281.14
280.92
292.8
280.75
280.53
292.37
280.65
280.65
292.09
280.58
280.5
292.57
280.46
280.43
292.45
280.29
280.25
292.05
279.9
280.24
291.82
280.05
280.0
292.05
279.9
279.76
293.07
279.92
279.84
294.34
279.76
280.16
295.89
279.61
280.78
297.12
279.76
281.31
298.35
280.49
281.67
298.3
280.79
282.14
294.45
280.88
282.12
292.73
281.33
282.45
292.61
281.5
282.93
292.07
281.07
283.36
291.66
281.01
283.69
290.33
281.29
283.4
288.28
280.86
282.81
286.97
280.96
282.23
285.83
281.01
281.9
285.02
280.96
281.49
284.34
280.78
281.05
283.6
280.63
280.81
283.12
280.73
280.77
282.19
280.62
281.0
281.4
280.9
280.97
280.96
280.36
280.66
280.56
280.24
280.69
280.5
280.15
280.77
282.27
280.14
280.66
285.38
280.46
280.34
288.62
280.77
280.38
290.81
281.5
280.84
293.31
282.51
280.65
294.6
282.37
280.79
295.42
282.67
281.7
295.97
282.2
282.56
296.01
281.88
283.05
295.66
281.66
282.59
294.64
281.96
281.79
292.4
281.8
281.17
289.79
281.42
280.54
288.02
280.94
280.38
286.93
280.77
280.45
285.99
280.61
280.34
285.11
280.46
280.23
284.03
280.5
280.22
283.57
280.33
280.06
283.42
280.04
279.84
282.69
279.85
279.7
282.56
279.85
279.47
282.04
279.68
279.12
282.6
279.56
278.86
286.9
279.32
279.11
290.61
279.68
279.74
293.38
279.6
280.44
294.9
279.92
281.42
296.36
280.58
282.33
297.27
281.33
283.31
298.12
282.25
283.7
298.28
283.37
283.83
298.15
283.44
284.02
297.35
283.23
283.38
296.38
282.71
282.52
294.46
281.84
281.78
293.58
280.56
280.9
292.58
279.53
279.99
291.88
279.25
279.09
291.14
278.92
278.23
290.23
278.5
277.68
289.12
278.31
277.04
288.17
277.78
276.53
287.34
277.29
276.21
287.06
276.91
275.6
286.93
276.38
275.28
287.02
276.11
275.12
287.55
275.71
274.92
288.75
276.88
275.82
290.61
278.97
278.13
292.1
280.54
279.97
293.94
282.21
281.91
295.13
283.8
283.93
296.92
285.14
285.68
297.96
286.28
286.69
299.16
286.68
287.65
299.92
287.09
288.01
299.71
287.57
287.82
298.89
286.79
287.12
297.17
284.77
285.83
296.2
283.3
284.23
295.59
282.23
283.15
294.66
281.5
282.24
294.19
280.77
281.47
293.57
280.1
280.92
292.43
279.43
280.34
291.95
279.14
279.98
291.52
278.66
279.72
291.57
278.4
279.65
291.74
277.04
279.32
291.78
276.94
279.13
292.04
276.55
278.78
292.62
278.52
279.27
293.41
280.83
280.65
294.64
282.37
281.92
295.54
283.81
283.32
297.38
284.43
284.56
299.33
285.69
285.72
300.52
286.74
286.34
300.84
287.02
286.95
300.79
286.86
287.16
300.11
286.55
287.41
299.16
286.1
286.7
298.13
284.92
285.69
297.4
283.4
283.76
296.74
281.8
282.34
296.04
280.8
281.22
295.48
279.73
280.27
295.04
279.61
280.03
294.74
278.65
279.72
294.74
278.57
279.34
294.53
278.15
278.96
294.28
277.85
279.19
294.19
277.36
279.24
294.36
277.17
279.46
294.57
277.06
279.53
295.05
278.49
279.82
295.66
280.09
280.35
296.6
281.44
281.34
297.65
282.81
282.44
297.7
283.94
283.55
299.29
284.8
284.62
299.9
285.4
285.96
300.4
285.62
286.83
300.02
285.695
287.055
299.612
285.77
287.28
298.24
285.04
286.91
297.4
284.27
285.73
297.03
283.58
284.28
296.82
282.39
282.63
296.53
281.58
281.63
296.36
281.01
281.0
296.24
280.24
280.47
296.22
280.08
280.07
296.37
279.92
279.92
296.44
279.78
279.42
296.42
279.74
279.02
296.36
279.59
278.7
296.36
279.38
278.83
296.39
279.48
278.82
296.28
280.1
279.39
296.23
280.57
280.62
296.65
281.56
282.07
297.52
281.92
283.66
298.35
282.61
284.93
299.28
282.91
286.09
300.76
282.79
286.11
301.13
282.42
284.52
300.56
281.76
282.93
299.63
281.08
282.69
299.02
280.68
282.29
295.85
280.59
281.87
292.47
280.43
281.4
291.91
280.07
281.27
292.21
280.01
281.16
289.7
280.23
281.03
287.54
280.57
280.88
285.9
280.39
280.7
284.72
280.59
280.31
283.84
280.57
280.07
282.03
280.36
279.72
281.13
280.18
279.6
280.38
280.14
279.31
280.37
280.08
279.11
281.63
280.23
279.8
283.48
280.79
280.57
285.37
281.61
281.73
287.16
282.2
282.68
288.78
283.31
283.68
289.96
283.91
284.42
291.05
284.14
285.14
291.62
285.4
285.47
292.01
285.29
285.66
291.74
284.92
285.01
290.53
284.11
284.17
289.21
283.5
283.06
287.61
282.66
282.05
286.28
282.15
281.45
284.68
281.7
281.06
284.01
280.87
280.79
283.39
280.4
280.69
282.77
279.83
280.6
283.09
279.79
280.6
283.33
279.29
280.45
283.37
279.19
280.38
283.34
279.37
280.32
283.19
279.54
280.23
283.29
279.85
280.27
283.85
280.09
280.78
284.35
280.57
281.56
284.95
281.38
282.54
285.36
282.07
283.0
285.74
282.13
283.25
286.01
282.04
283.22
285.83
282.02
283.75
285.51
281.9
284.18
285.41
281.78
283.92
285.89
281.55
283.6
285.34
281.49
283.41
284.84
281.19
283.48
284.2
281.22
283.33
283.93
281.28
282.9
283.61
281.1
282.48
283.51
280.88
282.02
283.2
280.73
281.69
283.1
280.7
281.51
282.8
280.62
281.39
282.72
280.8
281.28
281.87
280.91
281.25
281.61
280.57
281.08
281.38
280.21
281.05
281.02
280.13
280.98
280.99
280.45
281.13
281.35
281.24
281.57
281.52
282.05
282.38
282.04
282.56
283.01
282.46
283.79
284.05
283.21
284.27
284.5
283.52
284.78
285.07
283.63
284.99
285.52
283.67
285.0
285.88
283.46
284.93
286.33
283.15
284.38
286.16
282.73
284.13
285.78
282.52
283.47
285.22
282.47
283.26
284.68
282.53
282.78
284.31
282.63
282.34
284.09
282.61
282.23
283.9
282.59
281.58
283.85
282.53
281.38
283.73
282.52
281.25
283.43
282.32
281.21
283.21
282.0
281.16
283.06
282.19
281.23
282.85
282.58
281.31
282.8
283.5
281.66
283.28
284.6
282.05
285.15
285.65
282.82
286.73
286.07
284.11
288.7
287.07
285.76
290.37
288.18
286.72
291.64
290.21
288.38
292.83
291.4
289.41
293.72
291.98
289.24
294.61
292.47
289.17
294.71
291.75
288.97
293.96
288.0
287.64
292.71
286.15
286.55
289.95
285.38
285.58
287.81
285.16
284.84
286.78
284.95
284.6
286.08
284.14
284.68
285.67
284.09
284.66
284.96
283.86
284.26
283.92
283.91
284.03
283.38
283.49
283.85
282.94
283.36
283.51
283.08
282.9
283.4
283.05
283.12
283.14
283.11
284.51
283.17
283.93
286.14
283.43
284.75
288.16
283.63
286.16
290.01
283.77
287.07
291.32
284.39
288.05
292.61
284.99
288.72
293.5
285.99
288.67
294.02
286.7
287.54
294.23
286.63
285.91
294.22
285.71
284.79
293.26
285.37
284.28
291.09
284.89
284.11
289.11
284.54
283.71
287.11
283.25
283.0
285.77
283.1
282.32
284.55
282.9
281.52
283.79
281.84
280.9
282.76
281.15
280.59
282.33
280.71
280.07
281.86
280.56
279.69
281.2
280.24
279.35
280.55
279.14
278.77
280.32
278.78
278.33
282.07
278.89
278.5
286.93
280.29
279.32
290.88
280.9
280.71
293.67
282.11
281.91
295.66
283.38
282.75
296.99
283.87
283.58
298.49
284.6
284.7
299.16
284.97
285.57
299.85
285.13
286.06
300.12
284.29
286.64
300.02
283.85
286.39
298.77
283.36
285.87
296.24
283.36
284.66
294.89
282.17
283.7
293.99
281.53
283.24
293.4
281.11
282.65
293.14
280.95
282.04
292.72
280.52
280.67
291.29
278.63
280.15
290.91
278.15
279.83
290.11
278.0
279.1
289.51
277.62
278.71
288.75
