279.1
275.799
274.499
279.1
276.037666667
274.279333333
278.831
275.978333333
274.086666667
278.831
275.5345
274.1845
278.673
275.603333333
273.895
277.972
275.287666667
273.896
278.673
276.5475
275.185
278.689
275.706666667
274.756666667
278.226
276.441333333
275.616333333
278.689
277.565
276.265
278.658
278.17
277.195
278.658
279.164
277.914
278.658
278.478
276.7655
278.658
280.032
278.107
278.78
279.906
277.581
278.78
278.9525
277.0775
278.703
279.102333333
276.544
278.703
278.424666667
276.033
278.703
278.1935
276.106
278.909
277.367
275.400333333
278.909
276.987
275.278666667
278.909
276.3465
274.934
278.824
276.053333333
274.886666667
278.824
275.499666667
274.616333333
278.824
275.2265
274.5515
278.872
274.579333333
274.212666667
278.603
274.212666667
274.079333333
278.603
273.8935
274.706
278.64
273.511
274.319333333
278.341
273.176
274.692666667
278.464
274.378
275.978
278.435
273.530666667
276.047333333
278.435
274.220333333
277.028666667
278.435
275.3205
276.733
279.2
275.873333333
278.14
279.2
276.836666667
278.27
279.2
276.748
277.7105
278.861
278.062
278.070333333
278.861
278.324
277.740666667
278.861
276.711
277.3735
278.264
277.598
277.056333333
278.264
276.61
276.701666667
278.264
276.32
276.4575
278.351
275.099333333
276.066
278.351
274.576666667
275.785
278.351
274.3845
275.697
278.325
273.751666667
275.351666667
278.325
273.449333333
275.199333333
278.325
273.2865
275.0115
278.325
272.937666667
274.871
278.293
272.728333333
274.695
278.293
272.88
275.33
278.507
272.550333333
274.883666667
278.507
272.581666667
275.248333333
278.507
273.8665
277.529
278.689
273.48
277.255
277.752513259
274.347
278.897
278.827887944
275.399
279.3615
276.896
276.204333333
281.396
278.003
277.194666667
282.253
277.529
276.8665
280.054
279.163
278.296333333
281.929666667
279.216
278.407666667
280.749333333
279.319
279.4675
278.9675
279.971
279.262666667
277.987666667
279.971
280.006333333
276.406333333
279.971
279.9865
276.299
279.971
280.984666667
274.226333333
280.739
281.219333333
273.627666667
280.739
281.619
273.7815
280.921
281.798666667
272.932
280.921
282.143333333
272.835
280.921
281.244
272.4315
281.669
282.003333333
272.436666667
281.669
281.518666667
272.135333333
281.669
281.2275
274.1775
281.058
280.678333333
273.095
280.417
280.322666667
274.356
281.058
280.778
279.4155
280.879560464
280.152
279.410333333
280.027
280.337
283.203666667
280.027
280.89
282.3775
280.638
280.952333333
287.710666667
280.638
281.382666667
288.424333333
280.638
280.914
286.039
280.638
281.644
287.785666667
280.881
281.475
286.433333333
280.881
279.8105
284.6355
280.228
280.14
283.431666667
280.228
278.974
281.782333333
280.228
278.865
281.7775
280.228
277.346666667
279.58
279.888
276.885333333
279.027
279.888
276.2475
279.285
280.003
275.845
278.461666667
280.003
275.266
278.449333333
280.003
275.3635
278.251
280.003
274.559
278.300666667
279.74
274.431
278.164333333
279.74
275.081
279.1815
280.008
274.693666667
278.660666667
280.008
275.084333333
279.293333333
280.008
275.3995
282.837
279.196
275.815333333
282.499333333
279.196
276.155666667
285.072666667
279.629
276.689
284.6145
279.253
276.965
288.198333333
279.253
277.434
288.750666667
279.253
277.5405
287.2905
279.253
278.130333333
288.513666667
279.535
278.357666667
287.724333333
279.535
279.2645
285.502
279.087
279.265333333
285.190333333
279.087
279.945666667
283.445666667
279.087
280.91
283.035
278.732
281.495666667
280.845666667
278.732
282.365333333
279.990333333
278.732
282.8935
279.006
278.732
283.877
278.193666667
279.309
284.519
277.252333333
279.309
282.858
275.9205
280.978
284.267666667
275.109333333
280.978
283.374333333
273.907666667
280.978
283.669
276.569
282.581
282.379666667
274.079666667
282.581
282.278333333
275.453333333
282.525961837
282.468
280.8555
282.33
282.269666667
280.886333333
282.33
282.362333333
284.945666667
282.33
282.3685
284.306
281.435
282.49
289.931666667
281.435
282.525
290.858333333
281.435
281.8545
288.0545
281.435
282.124666667
290.224666667
281.654
281.689333333
288.664333333
281.654
281.741
287.3785
281.654
281.143333333
285.726666667
281.299
281.032666667
284.349333333
281.299
280.982
284.782
281.299
280.851333333
282.801333333
280.974
280.780666667
282.630666667
280.974
280.777
281.977
280.872
280.684
281.967333333
280.872
280.658
281.474666667
280.872
280.539
281.114
280.872
280.544
280.577333333
280.718
280.456
280.172666667
280.718
280.0185
281.306
280.17
280.047
280.388666667
280.17
279.726
281.009333333
279.939177026
280.3135
284.5635
277.814666667
279.689666667
284.206333333
278.224333333
279.974333333
286.782666667
279.2115
280.649
287.1865
279.428666667
280.803666667
290.487
280.223333333
281.348333333
291.615
280.818
281.004
288.704
280.792967886
281.845
291.178333333
280.674
281.797
289.613666667
280.674
280.6895
287.1895
280.06
280.994666667
285.911333333
280.06
280.240333333
283.773666667
280.06
280.303
283.2155
279.567
279.276333333
280.551333333
279.567
279.066666667
279.466666667
279.567
279.011
279.5985
279.567
278.75
278.108333333
279.187
278.643
277.834666667
279.116706878
277.798
277.698
278.838
277.937
277.378666667
278.838
277.338
277.196333333
278.838
277.5645
279.352
278.674
276.690333333
278.390333333
278.674
276.641666667
279.766666667
278.634633803
277.6375
284.0
278.518
277.240666667
284.424
278.886
277.888333333
287.705
278.886
278.679
287.304
279.74
279.279
291.812333333
279.74
280.022
292.638666667
279.74
279.3605
290.4855
279.744799003
280.571666667
292.305
280.01
280.378333333
291.145
280.01
279.338
289.288
279.91832798
279.427
288.360333333
279.347
278.669
286.735666667
279.335591229
278.4245
286.087
279.108
277.495333333
284.137
278.407781422
277.079666667
283.163
279.108
276.905
282.505
278.635
276.409
281.425666667
277.636096774
276.154
280.662333333
278.635
275.7865
279.999
278.573813321
275.569
279.202333333
278.043
275.239
278.505666667
278.034540634
274.7295
280.017
277.688
274.459333333
278.584333333
277.522045516
274.009666667
279.359666667
277.688
275.361
282.361
278.188
274.311
282.394333333
278.188
275.062
284.653666667
278.221626502
276.0545
284.0795
278.699
276.725
287.283333333
278.699
277.637
287.653666667
278.699
277.299
285.949
278.91
278.627666667
287.011
278.91
278.706333333
285.998
278.91
278.0925
286.53
279.291
278.402
285.002
279.291
278.019
285.019
279.291
278.165
283.8525
279.117
277.605666667
284.264
279.117
277.575333333
283.492
279.117
277.714
283.2515
278.502
277.627333333
282.302333333
278.502
277.709666667
281.884666667
278.502
277.7355
281.398
278.181
277.836666667
281.003333333
278.181
277.881333333
280.539666667
278.181
277.741
279.741
278.594
277.847333333
279.389
278.594
277.768666667
278.702
278.915
278.266
278.691
278.931469446
277.995333333
277.778666667
279.206
278.300666667
277.542333333
279.214809479
278.9495
277.962
278.382592664
279.140333333
277.507
279.459
279.674666667
277.708
279.459
279.5185
277.3185
279.459
280.283
277.716333333
279.656
280.357
277.523666667
279.672648977
279.9605
277.748
279.919
280.191333333
277.416333333
279.719170499
279.951666667
277.501666667
279.919
280.161
277.511
279.924294507
279.771666667
277.621666667
279.966
279.831333333
277.656333333
279.966
279.9315
277.4315
280.045
279.977666667
277.552666667
279.832073826
280.064333333
277.414333333
280.045
280.092
277.4045
280.05224289
280.198333333
277.223333333
280.111
280.245666667
277.170666667
280.110965005
280.299
277.5735
280.109
280.344333333
277.369
280.087590604
280.395666667
277.62
280.146
280.85
278.9125
280.151683258
280.767
278.816333333
280.216841629
281.087
279.761666667
280.507
281.3675
280.2045
280.734712292
281.700666667
281.317333333
281.063
281.994333333
281.927666667
281.063
282.284
280.4965
281.063
282.579
281.787333333
281.236
282.87
281.036666667
281.235908074
283.227
279.2395
281.186
283.496
278.837666667
281.422592765
283.831
277.389333333
281.186
283.909
277.2215
281.378
284.329666667
275.346333333
281.378
284.493333333
274.751666667
281.388678867
284.448
275.073
281.51
284.681333333
274.173
281.51
284.705666667
274.189
281.51
284.634
273.9465
281.589
284.690333333
274.048666667
281.589
284.650666667
273.892333333
281.589
284.673
275.098
281.816
284.612666667
274.487666667
281.972785952
284.614333333
275.239333333
281.44
284.918
278.543
281.482670478
284.819
278.444
282.1
285.022
280.897
282.07795183
285.2425
281.3925
281.606
285.439666667
284.498
281.680034665
285.654333333
285.646
282.094
285.381
283.506
282.094713588
285.758333333
285.75
282.112
285.647666667
284.706
282.115564064
285.2975
282.91
282.158
285.266666667
282.116666667
282.31
284.996333333
280.571333333
282.31
284.595
280.3325
282.232
284.368333333
278.351666667
282.396
284.010666667
277.677333333
282.232
283.764
278.064
282.257
283.369333333
277.036
282.257
283.085666667
277.069
281.841
282.8395
276.927
282.069
282.543333333
277.018333333
281.584
282.284666667
276.934666667
282.069
281.8695
279.1445
281.784
281.663
278.296333333
282.087
281.3
279.741666667
281.784
282.6495
283.0745
282.009921529
281.715666667
283.890666667
283.091460765
282.494333333
286.594333333
281.795
283.639
284.9765
281.741
284.295666667
289.120666667
282.364920227
285.318333333
288.943333333
281.741
284.8665
287.479
281.732241001
286.380666667
287.730666667
281.66
286.420333333
286.695333333
281.66
283.846
284.9335
281.081
284.757
284.140333333
281.081
283.054
282.620666667
281.081
282.7435
281.206
280.799
280.576333333
279.651333333
280.799
279.801666667
278.201666667
280.799
279.469
277.469
281.208
278.547
275.780333333
281.208
278.067
274.808666667
281.208
278.3385
274.9135
281.069
277.608
273.583
281.069
277.629
273.329
281.069
278.6425
275.8925
281.438
278.332666667
274.699333333
280.211
279.015333333
276.323666667
280.211
280.6375
280.5125
280.152850104
281.007
281.282
279.675
282.316
284.616
279.833954627
283.3345
285.272
281.221
284.740333333
289.498666667
281.813754961
285.855666667
291.047333333
281.221
284.9375
288.9125
281.675
286.730666667
291.689
282.46983436
286.490333333
290.782
281.337970533
284.843
288.393
283.555
285.071666667
287.98
282.06
283.893333333
286.085
282.193
283.8555
285.0055
280.155333333
282.297
282.838666667
279.745666667
281.879
281.487333333
281.613
282.022
280.947
281.136
281.417
279.325333333
281.136
281.373
278.514666667
281.136
281.9215
278.8715
280.74
281.68
277.671666667
280.74
282.031
277.639333333
280.74
281.9355
280.248
280.718
282.435333333
279.335333333
280.917
282.488666667
281.063666667
280.917
282.8125
285.925
280.933146199
282.775666667
286.609
281.050573099
283.009333333
290.426
280.993
283.3745
289.687
281.332
283.564333333
295.022666667
281.389159353
283.885666667
295.802333333
281.332
283.6355
292.523
281.330252702
284.147333333
294.655666667
281.303
284.087666667
292.729333333
281.303
283.638
290.9755
281.03
283.708333333
288.991666667
281.03
283.388666667
287.180333333
281.03
282.8745
286.8745
280.611
282.619666667
284.561333333
280.611
282.170333333
283.753666667
280.611
281.3795
282.992
280.588
281.044
282.169
280.588
280.367
281.392
280.588
280.2785
282.116
280.639
279.405333333
280.838666667
280.639
279.120666667
281.062333333
280.561
279.76
282.985
280.405
279.167333333
282.642333333
280.405
279.498666667
283.998666667
280.364024607
280.0095
288.5845
280.008
280.281
288.864333333
279.898566038
280.732
292.373666667
280.008
281.394
292.0315
280.608
281.774666667
296.824666667
280.733023568
282.366333333
297.766333333
280.859031709
282.253
295.8405
281.454666667
283.079666667
297.738
281.476333333
283.201333333
296.768
279.538
280.8005
296.063
280.213
281.763
295.004666667
278.928
280.203
294.211333333
280.78681411
280.58
293.98
280.363
278.374333333
292.999333333
279.579392301
278.105666667
292.580666667
280.363
278.2715
291.5965
280.275
277.858
291.366333333
280.275
277.879
290.570666667
280.275
278.0095
289.147
279.675
277.994
288.560666667
279.675
278.088
287.346333333
279.675
277.9765
288.489
279.055
278.139
286.489
279.055
278.096
286.846
279.328
278.833
288.9705
279.709
278.53
288.738333333
279.25902343
279.007
290.273666667
279.709
279.9485
289.2735
280.569
280.270666667
291.654
280.538205298
281.057333333
291.499
280.569
280.4505
290.2005
280.600200226
281.701666667
290.426666667
280.867
281.559333333
289.509333333
280.867
280.2075
287.695
280.185
280.468333333
287.076666667
280.185
279.519666667
285.561333333
280.185
279.341
285.741
280.025
278.135666667
283.660666667
280.025
277.700333333
283.275333333
280.025
277.3785
282.741
279.776
276.905333333
282.405333333
279.776
276.545666667
281.920666667
279.776
276.401
280.5885
279.423
275.969666667
280.386333333
279.423
275.753333333
279.336666667
279.423
275.285
280.41
279.06
275.152666667
278.652666667
279.384
274.768333333
279.018333333
279.334086461
277.028
281.3155
279.072
275.762333333
281.037333333
278.717329466
277.140666667
282.690666667
279.072
278.198
283.223
279.310603125
279.683333333
285.25
280.462
280.847666667
286.156
280.478129099
280.3365
284.699
280.829
282.059333333
286.392666667
280.829
282.106666667
285.723333333
280.790094665
279.7115
284.624
280.209
280.573
284.098
280.209
278.992
283.142
280.209
279.0365
283.0615
279.942
276.913666667
281.813666667
279.942
276.416333333
281.441333333
279.942
276.133
280.7955
279.684
275.564333333
280.514333333
279.684
275.209666667
279.959666667
279.684
275.289
279.789
279.458
274.789666667
279.106333333
279.458
274.724333333
278.807666667
279.458
274.889
280.0015
279.334
274.747
279.205333333
278.973
274.835
279.901666667
278.656754577
276.27
281.2075
273.742333333
275.909
281.700666667
274.911666667
276.895
282.803333333
279.506
277.818
283.718
279.578061279
278.825
284.883333333
279.65803064
279.769
285.860666667
280.060188528
279.744
283.694
280.432
281.011
285.719333333
280.415462958
281.309
284.600666667
280.432
279.6835
285.4085
280.204
280.622666667
283.647666667
280.204
279.638333333
283.813333333
280.204
280.16
284.585
279.886
278.673666667
284.548666667
279.886
278.693333333
285.118333333
279.886
278.343
285.9555
280.054
278.486
286.436
280.054
278.259
287.184
280.054
278.313
286.5505
279.844
277.992333333
287.759
279.844
277.952666667
287.586
279.844
277.837
287.962
279.817133758
277.822666667
287.606
279.616
277.732333333
287.799
279.567433343
278.276
286.651
277.839028825
277.974333333
287.291
279.039
278.306666667
286.59
279.293
278.6055
286.018
279.044
278.949
285.274
278.82940146
279.259
284.659
279.044
279.4
282.675
279.161
279.766333333
282.516333333
278.799961039
279.963666667
280.988666667
279.012224842
280.0875
280.0375
278.067666667
280.309333333
278.317666667
278.374333333
280.457666667
277.174333333
278.875379802
280.7175
276.005
279.265
280.828666667
274.870333333
279.341
281.051333333
273.709666667
279.341
280.8895
272.7645
279.367
281.240333333
271.532
279.367
281.206666667
270.515
279.452
279.6525
270.165
279.554
280.125666667
268.925666667
279.31
279.078333333
268.353333333
279.31
278.8245
269.162
279.498
277.512666667
268.129333333
279.899
276.994333333
268.477666667
280.401
278.0015
270.464
280.370966427
276.974666667
270.266333333
279.997
277.473333333
271.706666667
280.007888257
278.3495
272.687
280.123
278.722333333
274.280666667
280.047260173
279.472666667
275.414333333
280.123
280.515
274.315
280.057141981
281.168
276.193
279.54507099
282.113
275.838
279.70919883
281.0745
274.2495
279.064
282.680666667
274.305666667
279.095
282.303333333
273.128333333
278.968
282.093
273.6555
279.051666667
281.66
271.91
278.977333333
281.394
271.869
279.0585
281.3085
271.8335
278.932333333
280.982333333
271.790666667
278.961666667
280.836666667
271.753333333
279.251
280.695
271.7325
279.252073816
280.548
271.689666667
279.255
280.405
271.663333333
279.255
280.334
273.384
279.523
280.167
272.775333333
279.677
280.072
273.913666667
279.677
280.328
276.7405
280.019
280.116
277.316
280.019
280.255
279.58
280.019
280.54
279.99
280.403
280.630333333
282.872
280.403
280.866666667
283.9
280.403
280.986
281.9485
280.453
281.261333333
283.969666667
280.453
281.419666667
283.011333333
280.453
281.1735
282.211
280.2
281.466666667
281.2
280.2
281.355333333
280.347
280.2
281.022
280.072
280.159
280.984666667
279.026333333
280.159
280.725333333
278.558666667
280.159
279.7915
278.179
280.165
279.757
277.682
280.165
279.048
277.273
280.165
279.148
277.3855
280.126
278.169333333
276.802666667
280.126
277.999666667
276.741333333
280.126
278.078
278.1655
280.065
277.825666667
277.609
280.092
277.821333333
278.538
280.092
278.3075
281.4575
280.385
278.139666667
281.723
280.385
278.462333333
283.979
280.408176684
279.001
284.6885
280.585
279.251666667
287.46
280.585
279.718333333
288.685
280.585
279.803
286.728
279.971
280.397
289.013666667
279.971
280.609
288.117333333
279.971
280.2845
286.647
279.827
280.675333333
285.942
279.827
280.529666667
284.663
279.827
280.8655
282.803
280.303
280.559333333
281.717666667
280.303
280.734666667
280.051333333
280.303
280.7915
279.604
280.189
281.006333333
277.531333333
280.189
281.102666667
276.677666667
280.189
281.139
276.289
280.327
281.255333333
275.280333333
280.327
281.311666667
274.736666667
280.327
282.0325
274.87
280.603
281.867333333
274.100666667
280.603
282.366666667
274.008333333
281.216
282.2815
274.9065
281.224764487
282.975666667
274.484
281.295
283.085333333
275.052
281.321151758
283.523
275.9605
281.555
283.523333333
276.415
281.482803067
283.851666667
277.21
281.555
284.4155
276.7155
281.603980431
284.665333333
277.940333333
282.011
285.150666667
277.875666667
282.011
284.9365
276.4615
282.372
285.655
276.846666667
282.372
285.674
275.882333333
282.372
285.599
276.1865
282.731
285.649333333
274.799333333
282.731
285.605666667
274.680666667
282.731
285.7985
272.9735
283.039
285.676
273.384333333
283.039
285.79
272.206666667
283.039
285.9355
272.7355
282.917
286.039
270.989
282.917
286.174
270.949
282.917
285.868
273.2305
283.471
286.15
272.416666667
283.471
285.991
273.924333333
283.461606126
285.9935
276.6185
282.845
285.780666667
277.730666667
282.95924859
285.729333333
280.029333333
282.853
285.8605
280.823
282.864176606
285.748333333
283.623333333
283.114088303
285.818666667
284.918666667
282.464
285.41
283.5725
282.642
285.64
285.748333333
282.642
285.391
285.282666667
282.642
285.28
283.3675
282.341
284.985
283.385
282.341
284.828
281.953
282.341
284.8815
282.219
282.724
284.654333333
280.221
282.724
284.637666667
279.921
282.724
284.262
279.8995
282.901
284.365
279.506666667
282.901
284.109
279.392333333
282.901
283.7615
279.0865
282.543
283.536
279.036
282.169
283.219
278.794
282.543
283.2575
280.045
282.211
282.822
279.305333333
281.937
282.742
280.058666667
282.332
283.2355
283.6355
281.944
282.964333333
283.447666667
282.051972665
283.266666667
286.083333333
281.944
283.328
287.0155
282.144
283.710666667
290.219
282.229101311
283.852333333
291.719
282.144
283.7235
290.2985
282.144
283.955333333
292.772
282.203
283.916666667
292.325
282.203394823
283.8055
290.868
282.414
283.791
290.757666667
282.364596045
283.704
289.637333333
282.414
283.487
289.937
282.373759633
283.443333333
288.343333333
281.932
283.269666667
288.169666667
281.925448817
283.3195
288.007
281.706
283.071333333
287.829666667
281.69506001
283.046666667
287.663333333
281.706
282.8965
287.259
281.706
282.913666667
287.172
281.733
282.805333333
286.847
281.733
282.244
287.9315
281.866
282.286666667
287.136666667
281.866
281.876333333
287.751333333
281.766
283.232
290.232
281.842
282.233
290.224666667
282.095
283.0
292.083333333
282.113565353
283.2
292.0125
282.459
284.156
294.514333333
282.820045722
284.545
295.086666667
282.459
284.357
293.482
283.122
284.938333333
294.78
283.122
284.942666667
293.901
283.122
284.588
290.313
282.866
284.712
290.337
282.866
284.477
287.652
282.866
284.2285
287.7535
281.994
283.998
284.139666667
281.994
283.754
283.312333333
281.994
283.6315
283.7315
281.87
283.347
282.488666667
281.87
283.184
282.492333333
281.87
282.609
281.659
281.371
282.583333333
281.941666667
281.371
282.145666667
281.387333333
281.371
282.2865
284.324
281.063
281.656
282.606
281.063
281.604
284.379
281.063
282.0275
286.9025
281.070372744
281.817
288.425333333
281.151
282.082
290.698666667
281.180329976
282.48
290.4925
281.558
282.700666667
293.592333333
281.569336032
283.054333333
294.212666667
281.558
283.237
292.0495
281.564823323
283.647666667
293.597666667
281.627
283.887333333
292.362333333
281.629473887
283.168
289.9055
281.648
283.727333333
289.077333333
281.648
283.327666667
287.027666667
281.648
283.5275
286.2025
281.638
282.928
283.744666667
281.638
282.928
282.511333333
281.638
283.062
282.662
281.638
283.017333333
280.967333333
281.638
283.106666667
280.656666667
281.638
283.161
280.586
281.638
283.262
280.195333333
281.496
283.328
280.044666667
281.496
282.9115
281.724
281.374
283.138333333
280.963333333
281.777
282.882666667
282.032666667
281.374
282.89
285.5775
281.786
282.546666667
285.821666667
281.523
282.466333333
288.541333333
281.565142879
282.756
289.056
282.06
282.552333333
292.510666667
282.06
282.718666667
293.760333333
282.06
282.8885
292.3885
282.241
283.053666667
294.512
282.241
283.222333333
294.014
282.224096815
281.8045
292.4045
282.08
282.502
292.277
282.08
281.613
291.038
282.08
281.424
290.8615
281.578
280.301666667
289.268333333
281.578
279.879333333
288.737666667
281.578
280.001
287.6885
281.186
279.397333333
287.330666667
281.186
279.337666667
286.454333333
281.186
278.9135
285.5885
280.911
278.975333333
284.708666667
280.911
278.672666667
283.839333333
280.911
278.4945
285.6695
280.859
278.150333333
283.900333333
280.491444921
277.930666667
284.830666667
280.711
280.067
287.2545
280.70682677
279.062
287.687
280.672913385
280.413
289.613
281.439
281.208
289.183
281.479053965
282.744333333
291.894333333
281.805
283.724666667
292.249666667
281.797829128
283.5255
290.7255
281.737
284.899
291.707333333
281.737
285.093
290.809666667
281.737
283.462
288.5495
281.353
284.264333333
288.106
281.353
283.241666667
286.3
281.353
283.4565
285.544
281.629
282.021333333
283.388
281.629
281.823666667
282.282
281.629
282.0855
281.673
281.968
281.734666667
280.401333333
281.968
281.843333333
279.626666667
281.968
281.6045
279.117
281.74
281.829
278.254
281.74
281.706
277.656
281.74
281.3725
278.51
281.751
281.319666667
277.428
281.751
281.056333333
277.798
281.751
281.9975
279.885
281.753
281.332666667
279.682666667
281.912
281.872333333
281.197333333
281.753
282.542
281.5295
282.116
283.038333333
283.438333333
282.116
283.664666667
284.164666667
282.116
283.602
282.877
282.092
284.458
284.274666667
282.272779944
284.625
283.658333333
282.092
284.2735
281.3735
282.043
284.613333333
281.313333333
282.043
284.434666667
279.584666667
282.043
284.0675
278.6175
282.23
283.951666667
276.635
282.23
283.647333333
275.414
