293.9
294.375
298.075
292.125
294.375
298.075
292.125
290.94
305.65
293.67
290.79
303.03
293.22
290.747457034
302.800960504
289.57
288.2
300.91
287.47
286.86
300.04
286.92
286.2
299.32
286.41
285.42
298.65
286.06
284.3
298.08
285.26
283.37
296.93
284.76
282.88
296.22
284.32
282.43
295.3
284.16
281.91
294.71
283.94
281.25
294.21
283.4
280.87
293.71
283.3
281.12
294.75
283.32
281.0
297.65
283.66
283.09
301.31
286.8
285.5
303.85
288.34
286.75
304.98
290.86
288.08
306.24
291.92
288.79
306.93
292.68
289.69
307.38
292.91
290.43
307.4
292.61
290.9
307.1
292.25
291.03
306.08
292.21
290.71
304.3
291.11
289.47
302.56
288.63
288.06
301.3
287.59
286.26
300.5
286.0
286.08
299.25
285.76
285.11
298.75
285.63
285.17
298.24
284.99
284.87
297.67
285.05
284.35
297.5
285.46
284.48
297.38
285.34
284.39
297.0
285.29
284.33
297.01
284.95
284.71
296.64
284.5
284.88
298.01
284.32
283.64
299.26
284.4
285.03
301.06
284.43
285.57
302.11
286.16
285.32
304.02
284.8
285.33
304.99
284.74
286.05
306.0
284.74
286.61
306.59
284.92
287.79
306.81
284.92
289.12
306.49
285.0
286.95
305.83
285.01
288.51
304.73
284.92
287.7
303.56
284.92
287.06
302.57
284.62
286.6
301.72
286.1
286.44
301.05
284.72
286.56
300.35
284.5
286.24
299.68
284.45
286.11
299.21
284.41
285.67
298.67
284.26
285.48
298.13
284.25
285.26
297.84
283.98
285.0
297.99
283.9
284.86
298.24
283.14
284.13
298.48
283.33
283.53
299.357412698
284.56
284.07
300.06
284.57
285.72
301.5
285.2
286.94
303.27
285.76
287.62
303.53
287.64
289.42
303.73
288.21
289.84
304.4
288.77
290.8
303.47
289.38
291.0
303.9
289.24
290.67
303.93
288.36
290.21
303.11
288.21
289.62
301.89
286.87
288.97
298.83
286.55
288.43
297.93
286.26
288.05
298.34
286.01
287.82
298.25
285.93
287.59
298.26
285.82
287.52
297.78
285.69
287.17
297.83
285.53
287.42
297.48
285.45
287.17
296.66
285.37
286.95
296.01
285.29
286.87
295.48
285.13
286.98
295.34
285.12
287.05
295.49
285.44
287.59
295.65
285.84
289.51
295.98
287.01
289.609470097
296.2
287.51
290.82
296.33
289.02
292.52
296.6
290.15
293.17
296.98
291.54
294.53
297.24
291.98
295.24
297.31
292.3
295.77
297.34
292.7
295.51
296.92
291.91
295.12
296.35
289.4
293.92
296.13
288.84
290.51
295.4
286.95
289.74
295.09
286.56
288.99
294.69
285.93
288.76
293.97
285.92
288.0
293.3
285.09
287.5
292.67
285.23
287.485051903
292.06
285.3
287.11
291.53
285.29
287.07
291.15
284.84
286.22
291.01
284.75
286.07
291.37
284.57
284.98
291.54
283.97
284.48
291.61
284.39
285.0
291.89
287.01
287.31
292.0
289.67
289.07
290.9
292.53
293.04
290.36
293.01
294.81
290.47
292.38
296.11
290.82
292.47
297.1
291.54
291.77
297.13
291.81
291.16
296.73
291.84
290.38
295.46
292.01
289.46
292.96
292.01
288.23
291.66
291.88
287.84
290.79
291.92
288.87
289.8
291.89
287.68
289.72
291.81
287.22
289.19
291.6
287.22
289.29
291.41
287.12
289.12
291.13
286.65
289.02
290.58
286.65
288.95
289.97
286.741542986
288.774131758
289.871997531
287.29
287.99
289.59
287.28
287.69
291.23
285.28
287.49
293.35
286.41
287.63
295.03
288.28
288.53
296.34
289.27
289.51
296.97
290.73
290.13
297.57
291.62
290.65
297.22
291.77
291.38
297.04
291.85
291.56
297.33
291.71
291.09
297.2
291.23
290.45
294.82
290.17
288.63
292.06
287.54
286.89
290.6
286.22
286.15
289.83
285.81
285.82
289.77
287.11
286.55
290.02
284.57
285.0
288.5
284.41
284.05
288.18
284.18
284.72
287.66
283.69
284.69
286.97
283.55
284.71
286.57
283.3
284.62
286.36
283.05
284.2
286.33
282.34
283.73
287.87
281.95
282.96
290.51
283.05
283.58
293.81
284.11
284.27
296.93
286.41
285.86
299.63
288.9
287.32
301.58
290.26
288.73
303.15
290.7
289.67
304.08
290.95
290.34
304.69
291.78
290.75
304.53
291.49
290.91
303.64
290.5
290.5
300.73
289.46
288.79
298.18
286.78
286.99
297.05
285.03
285.14
296.25
284.35
283.89
295.4
283.72
283.11
295.01
283.0
282.61
294.28
282.78
282.07
293.17
282.24
281.8
292.09
282.04
281.47
290.88
281.72
280.94
289.91
281.81
281.01
288.82
281.4
279.64
288.0
281.26
279.01
287.9
285.37
279.55
288.08
281.08
281.19
291.85
282.58
283.33
293.49
285.17
284.23
294.92
287.19
287.02
296.32
289.09
288.2
296.93
289.94
289.24
297.52
290.81
289.55
297.44
289.82
289.59
297.2
289.08
289.83
296.55
288.72
289.57
294.83
287.2
288.55
293.09
286.03
286.84
291.87
284.47
285.65
290.64
283.34
284.86
289.61
282.61
283.98
288.85
282.41
283.21
288.37
281.32
282.5
288.05
281.01
281.33
287.48
280.66
280.78
286.81
279.75
280.65
286.51
279.58
279.88
286.26
279.48
279.99
285.87
278.43
280.4
286.5
277.93
280.7
289.25
279.5
281.1
292.2
281.56
282.74
295.26
285.29
283.33
296.65
286.72
284.78
297.76
288.64
286.21
298.58
289.19
287.57
298.96
289.86
287.23
299.08
289.62
289.88
299.2
289.55
289.82
298.3
289.46
289.55
295.98
288.23
288.11
293.97
285.41
285.63
292.27
283.36
285.12
291.47
282.8
284.42
290.93
282.24
283.85
290.41
282.22
283.76
290.2
282.22
283.42
290.17
282.48
283.3
290.01
282.4
282.73
289.81
282.05
283.01
289.27
282.41
283.13
288.97
282.4
282.76
288.57
282.49
282.33
289.25
282.39
282.36
290.68
283.04
282.42
294.51
283.85
284.38
297.26
284.54
286.72
299.22
285.98
287.46
300.27
286.6
286.82
300.62
286.97
286.32
301.23
286.95
287.56
301.69
285.91
288.04
301.07
285.82
287.66
300.13
285.45
286.96
298.17
284.98
284.75
296.26
284.8
284.22
295.12
285.06
284.29
295.34
284.47
283.33
293.92
284.07
283.07
292.67
283.98
282.81
291.79
283.7
282.42
290.87
283.59
282.25
290.18
283.69
282.1
289.7
283.52
282.18
288.58
283.34
281.64
288.46
283.34
282.17
288.07
283.05
281.82
289.19
282.96
281.26
290.902374977
283.14
282.69
295.05
283.8
283.89
297.4
285.25
285.03
299.09
287.2
285.79
300.3
288.27
287.38
301.05
289.82
288.56
301.73
289.71
289.08
302.01
290.17
289.3
301.62
290.03
288.69
300.91
289.42
288.06
299.0
287.12
286.96
296.83
284.56
285.83
295.64
283.81
285.02
294.59
283.14
284.34
293.96
282.39
283.46
293.35
281.85
283.56
292.62
281.58
283.29
291.69
281.58
282.93
291.63
281.06
284.04
291.58
280.85
282.53
289.94
280.85
282.76
289.63
281.1
282.86
289.01
281.11
283.14
290.09
281.19
283.34
292.55
281.93
283.75
296.1
282.42
284.1
298.46
283.78
285.19
300.27
285.37
285.9
301.3
286.48
287.0
302.17
287.5
287.34
302.53
287.74
287.48
302.57
287.72
287.45
302.08
287.82
287.72
301.25
287.34
287.38
299.68
286.55
286.53
298.15
285.75
285.77
297.27
285.13
285.23
296.48
284.82
283.13
295.68
284.06
282.61
294.83
283.79
283.6
294.7
283.6
283.44
294.34
283.51
283.42
294.13
283.33
283.53
293.92
283.15
283.65
293.69
283.06
283.61
293.54
282.97
283.78
293.49
283.37
283.65
294.2
283.26
283.62
295.22
283.15
284.04
296.9
284.17
284.38
298.66
284.66
285.54
300.36
285.37
286.32
301.57
285.83
287.12
302.28
287.03
286.65
303.16
287.27
286.27
303.28
287.11
286.0
303.4
286.71
285.94
303.21
286.23
286.14
302.09
285.84
285.52
301.26
285.6
285.0
300.62
285.08
284.83
300.14
285.07
284.91
299.67
285.27
284.88
299.37
284.99
284.68
298.72
284.82
284.487
298.12
283.697
283.897
297.63
283.697
282.94
297.11
282.646
283.897
298.297
282.646
283.746
297.096
282.646
283.746
297.096
281.864
283.746
297.096
283.465
283.315
299.215
283.465
283.315
299.215
284.36
283.315
299.215
284.36
284.31
303.31
284.36
284.31
303.31
286.324
286.174
303.31
286.324
286.174
305.374
286.324
286.174
305.374
286.131
286.256
305.374
286.131
286.256
303.781
286.131
286.256
303.781
283.648
284.648
303.781
283.648
284.648
300.673
283.648
284.648
300.673
281.79
283.265
300.673
281.79
283.265
298.765
281.79
283.265
298.765
281.289
283.339
298.765
281.289
283.339
297.289
281.289
283.339
297.289
282.441
283.941
297.289
282.441
283.941
296.141
282.441
283.941
296.141
283.101
283.851
296.141
283.729
284.329
299.379
283.729
284.329
299.379
284.071
284.329
299.379
284.071
286.071
303.121
284.071
286.071
303.121
284.144
287.294
303.121
284.144
287.294
304.344
284.144
287.294
304.344
284.319
287.969
304.344
284.319
287.969
302.669
284.319
287.969
302.669
283.971
285.096
302.669
283.971
285.096
299.846
283.971
285.096
299.846
283.027
284.502
299.846
283.027
284.502
298.002
283.027
284.502
298.002
284.017
285.267
298.002
284.017
285.267
295.517
284.017
285.267
295.517
284.81
285.96
295.517
284.81
285.96
293.06
284.81
285.96
293.06
284.158
285.358
293.06
284.068
285.718
292.818
284.068
285.718
292.818
283.965
285.665
292.818
283.965
285.665
292.965
283.965
285.665
292.965
284.784
286.784
292.965
284.784
286.784
293.60384127
284.784
286.784
295.134
285.437
286.784
295.134
285.437
286.712
293.837
285.437
286.712
293.837
283.747
285.222
293.837
283.747
285.222
290.822
283.747
285.222
290.822
282.463
284.363
290.822
282.463
284.363
288.663
282.463
284.363
288.663
282.285
284.035
288.663
282.285
284.035
286.935
282.285
284.035
286.935
282.291
283.691
285.366
282.291
283.691
285.366
282.291
283.691
285.366
282.285
284.235
288.935
282.03
284.08
290.58
282.03
284.08
290.58
281.814
284.08
290.58
281.814
287.389
295.289
281.814
287.389
295.289
281.821764381
287.398416288
295.710038117
281.991
289.016
297.666
281.991
289.016
297.666
282.219
289.016
297.666
282.219
289.069
294.719
282.219
289.069
294.719
282.466
288.316
294.719
282.466
288.316
290.216
282.466
288.316
290.216
282.989
287.814
290.216
282.989
287.814
286.939
282.989
287.814
286.939
283.365
288.015
286.939
283.365
288.015
285.365
283.365
288.015
285.365
282.965
287.165
285.365
282.965
287.165
284.365
282.965
287.165
284.365
282.636
284.586
284.365
281.017
283.567
286.354696487
281.017
283.567
290.967
283.176
283.567
290.967
283.176
284.176
295.076
283.176
284.176
295.076
283.689
284.689
295.076
283.689
284.689
296.814
283.689
284.689
296.814
283.628
284.678
296.814
283.628
284.678
293.303
283.628
284.678
293.303
282.114
283.039
293.303
282.114
283.039
288.864
282.114
283.039
288.864
280.141
281.941
288.864
280.141
281.941
286.641
280.141
281.941
286.641
279.282
282.132
286.641
279.282
282.132
285.732
279.282
282.132
285.732
278.565
281.915
285.732
278.565
281.915
283.515
278.565
281.915
283.515
278.112
282.012
283.515
279.1
279.7
286.002763919
279.1
279.7
292.35
281.795
279.7
292.35
281.795
284.245
296.195
281.795
284.245
296.195
284.563
285.963
296.195
284.563
285.963
298.163
284.563
285.963
298.163
284.415
285.74
298.163
284.415
285.74
294.49
284.415
285.74
294.49
281.777
282.877
294.49
281.777
282.877
288.852
281.777
282.877
288.852
279.989
281.214
288.852
279.989
281.214
286.064
279.989
281.214
286.064
278.757
279.482
286.064
278.757
279.482
285.082
278.757
279.482
285.082
277.274
278.324
285.082
277.274
278.324
284.024
277.274
278.324
284.024
276.827
277.877
284.024
276.82
277.87
287.144121167
276.82
277.87
293.57
280.419
277.87
293.57
280.419
283.869
300.419
280.419
283.869
300.419
284.408
287.258
300.419
284.408
287.258
301.708
284.408
287.258
301.708
284.544
287.258
301.708
284.544
287.394
298.094
284.544
287.394
298.094
280.535
282.71
298.094
280.535
282.71
294.41
280.535
282.71
294.41
278.527
280.127
294.41
278.527
280.127
294.302
278.527
280.127
294.302
277.024
278.199
294.302
277.024
278.199
294.099
277.024
278.199
294.099
276.082
276.732
294.099
276.082
276.732
294.232
276.082
276.732
294.232
275.784
275.534
294.232
276.338
275.488
297.338
276.338
275.488
297.338
281.63
275.488
297.338
281.63
283.08
302.78
281.63
283.08
302.78
284.807
286.657
302.78
284.807
286.657
304.307
284.807
286.657
304.307
285.253
286.753
304.307
285.253
286.753
301.653
285.253
286.753
301.653
283.025
284.175
301.653
283.025
284.175
297.675
283.025
284.175
297.675
282.371
282.646
297.675
282.371
282.646
295.571
282.371
282.646
295.571
282.653
282.578
295.571
282.653
282.578
292.628
282.653
282.578
292.628
282.469
282.219
292.628
282.469
282.219
292.469
282.469
282.219
292.469
282.626
283.676
292.469
282.818
285.218
291.618
282.818
285.218
291.618
284.76
285.218
291.618
284.76
287.11
295.36
284.76
287.11
295.36
285.184
289.284
296.184
285.184
289.284
296.184
285.184
289.284
296.184
283.895
286.195
292.545
283.895
286.195
292.545
283.895
286.195
292.545
282.958
287.108
292.545
282.958
287.108
291.358
282.958
287.108
291.358
285.098
286.273
291.398
285.098
286.273
291.398
285.098
286.273
291.398
283.883
284.983
290.733
283.883
284.983
290.733
283.883
284.983
290.733
284.379
285.229
290.879
284.379
285.229
290.879
284.379
285.229
290.879
284.128
284.428
292.928
284.082087971
284.436046057
292.930643807
283.889
284.489
292.939
283.764
284.489
292.939
283.764
284.514
297.514
283.764
284.514
297.514
283.999
285.199
299.099
283.999
285.199
299.099
283.999
285.199
299.099
283.314
284.614
298.239
283.314
284.614
298.239
283.314
284.614
298.239
283.063
284.613
296.213
283.063
284.613
296.213
283.063
284.613
296.213
282.856
284.281
295.231
282.856
284.281
295.231
282.856
284.281
295.231
283.403
284.578
294.078
283.403
284.578
294.078
283.403
284.578
294.078
283.073
285.123
293.223
283.073
285.123
293.223
283.073
285.123
293.223
282.969
285.123
297.269
282.969
284.569
297.266010145
282.737
284.010940882
297.037
284.126
283.237
300.926
284.126
283.676
300.926
284.126
283.676
300.926
285.306
283.676
302.181
285.306
285.131
302.181
285.306
285.131
302.181
283.91
285.131
302.181
283.91
285.485
300.135
283.91
285.485
300.135
283.91
285.433157845
297.996
283.921
285.096
298.010320755
283.921
285.096
297.996
283.921
284.73
297.996
283.73
284.73
296.93
283.73
284.73
296.93
283.73
284.73
296.93
283.441
284.941
296.466
283.441
284.889466055
296.242184593
283.514
284.203264682
296.097538462
283.514
284.639
295.564
283.514
284.639
295.564
282.852
285.052
295.564
282.675
284.475
298.575
282.675
284.475
298.575
283.172
284.475
298.575
283.172
285.072
302.222
283.172
285.072
302.222
283.622
285.522
303.922
283.622
285.522
303.922
283.622
285.522
303.922
282.896
284.646
303.922
282.896
284.646
302.096
282.896
284.646
302.096
282.176
284.276
302.096
282.176
284.276
300.126
282.176
284.276
300.126
281.768
283.993
300.126
281.768
283.993
298.568
281.768
283.993
298.568
281.473
283.798
298.568
281.473
283.798
297.498
281.473
283.798
297.498
281.389
283.889
297.498
281.389
283.889
296.364
281.389
283.889
296.364
281.515
284.315
299.015
281.874
283.774
298.724
281.874
283.774
298.724
282.344
283.774
298.724
282.344
284.444
302.594
282.344
284.444
302.594
283.073
285.473
304.373
283.073
285.473
304.373
283.073
285.473
304.373
283.59
285.44
304.373
283.59
285.44
302.69
283.59
285.44
302.69
283.148
283.773
302.69
283.148
283.773
300.923
283.148
283.773
300.923
282.059
282.659
300.923
282.059
282.659
299.584
282.059
282.659
299.584
280.773
282.298
299.584
280.773
282.298
298.398
280.773
282.298
298.398
281.815
282.615
298.398
281.815
282.615
297.265
281.815
282.615
297.265
281.931
282.831
297.265
281.931
282.831
299.781
281.931
282.831
299.781
282.602
283.552
299.781
282.602
283.552
303.102
282.602
283.552
303.102
283.384
285.234
303.102
283.384
285.234
304.084
283.384
285.234
304.084
283.634
285.134
302.234
283.634
285.134
302.234
283.634
285.134
302.234
282.528
283.553
299.978
282.528
283.553
299.978
282.528
283.553
299.978
281.887
283.337
298.337
281.887
283.337
298.337
281.887
283.337
298.337
282.111
283.536
298.337
282.111
283.536
296.936
282.111
283.536
296.936
282.35
283.425
296.936
282.35
283.425
296.15
282.35
283.425
296.15
282.303
282.553
296.15
282.136284702
282.498798521
296.794822994
281.04
282.14
298.94
282.889
282.14
298.94
282.889
284.189
302.939
282.889
284.189
302.939
283.727
285.127
302.939
283.727
285.127
303.877
283.727
285.127
303.877
281.646
283.646
303.877
281.646
283.646
301.546
281.646
283.646
301.546
281.131
282.881
301.546
281.131
282.881
298.156
281.131
282.881
298.156
280.823
282.773
298.156
280.823
282.773
295.173
280.823
282.773
295.173
280.814966151
282.830617513
295.173
280.76
283.086379595
294.906284339
280.76
283.342141677
294.177221029
280.905
283.805
292.985
280.905
283.805
292.13
280.905
283.805
292.13
281.202
285.727
292.13
281.370365416
285.766532701
292.237792351
282.56
286.085
292.66
283.226
286.085
292.66
283.226
286.426
293.314320351
283.226
286.426
295.076
284.237
286.737
295.076
284.237
286.737
295.737
284.237
286.737
295.737
283.732
286.282
295.737
283.732
286.282
292.607
283.732
286.282
292.607
282.678
284.603
292.607
282.678
284.603
289.903
282.678
284.603
289.903
280.955
282.955
287.905
280.955
282.955
287.905
280.955
282.955
287.905
280.973
282.973
285.823
280.973
282.973
285.823
280.973
282.973
285.823
280.514
282.939
283.639
280.514
282.939
283.639
280.514
282.939
283.639
280.361
281.761
287.286
280.220662986
281.848257406
287.398117483
279.224
282.674
287.874
281.864
282.674
287.874
281.864
284.639
292.564
281.864
284.639
292.564
283.113
285.988
294.138
283.113
285.988
294.138
283.113
285.988
294.138
282.788
284.313
289.913
282.788
284.313
289.913
282.788
284.313
289.913
281.866
283.866
284.616
281.866
283.866
284.616
281.866
283.866
284.616
281.934
282.984
284.616
281.934
282.984
282.959
281.934
282.984
282.959
281.455
282.53
282.959
281.455
282.53
280.88
281.455
282.53
280.88
281.426
282.776
280.88
281.426
282.776
280.351
281.426
282.776
280.351
281.313
282.563
288.863
281.29099241
282.129
289.093456397
281.129
282.129
289.929
282.243
282.129
289.929
282.243
285.118
295.343
