289.517
289.3565
298.6365
289.394666667
289.2772
299.0932
288.4615
289.251333333
294.918
289.15
289.179666667
294.713
289.244
289.19325
300.5284
288.245
289.15
299.32
289.432
289.15
304.132
290.15
289.15
304.132
288.9065
289.15
304.132
290.064
289.406
308.114
291.15
290.5
308.05
291.4055
291.14
307.986
291.661
291.645
309.061
291.661
292.15
309.061
291.661
292.15
309.061
292.002
294.3
308.052
292.25
291.15
308.052
291.5935
290.4185
308.052
290.906
289.856
302.656
290.906
289.856
302.656
290.906
289.856
302.656
288.47
289.12
301.22
288.47
289.15
304.15
288.47
288.15
303.15
288.114
288.15
300.615
289.132
288.15
302.15
290.15
287.15
301.15
289.126
286.676
299.276
289.5968
287.2568
301.5968
288.323666667
286.607
299.023666667
288.545333333
287.012
300.645333333
289.539
289.089
302.914
289.503333333
288.936666667
304.32
290.239666667
290.456333333
306.373
290.9075
290.9075
305.7075
291.666666667
292.783333333
308.666666667
292.357333333
293.590666667
308.907333333
292.462
293.378
308.278
292.889
294.525333333
308.808666667
293.2095
294.652666667
308.469333333
292.889
294.27875
308.12875
292.889
294.239
307.789
291.082
292.182
301.882
291.082
289.15
303.15
291.082
288.15
302.15
288.961
288.64
300.99
288.28425
288.818
300.4516
287.204666667
289.36
299.188
286.729333333
289.59
298.546
286.025666667
288.569666667
297.425666667
285.797333333
287.319333333
296.947333333
287.3262
288.538
300.23
286.805
286.464666667
298.498
288.041
286.860333333
300.527
288.041
289.8055
302.336
288.041
289.351333333
304.438333333
290.26
291.446666667
306.320666667
291.0815
293.203
308.203
291.903
293.203
308.203
296.21
295.63
309.265
296.105
295.98
308.68
296.0
297.11
308.62
294.51
297.74
308.18
295.8
297.8
307.68
294.77
297.25
306.45
293.53
296.11
304.73
293.11
293.43
303.34
291.7
291.98
303.07
290.9
290.87
302.38
289.83
290.03
301.68
289.42
288.99
300.6
289.48
288.6
299.86
288.915
288.025
299.04
288.35
287.45
298.22
287.92
287.27
297.29
287.46
286.82
296.4
287.04
286.98
296.69
286.49
286.8
299.19
287.5
287.15
301.505
288.51
287.5
303.82
290.53
288.05
305.13
291.96
289.17
306.17
293.02
290.45
306.71
294.72
292.8
307.44
295.72
294.42
307.98
295.73
296.21
307.81
296.21
296.61
307.58
295.93
296.56
306.58
295.16
296.11
305.41
294.01
294.89
304.66
292.77
292.96
303.6
291.53
291.21
302.55
290.82
290.2
301.36
290.07
289.38
300.57
289.32
288.56
299.78
288.51
287.93
299.24
288.11
287.485
298.83
287.71
287.04
298.42
287.46
286.58
297.73
286.97
286.26
297.46
287.15
286.4
297.29
287.03
287.051
298.671
288.4
287.133333333
300.263333333
289.77
287.5
301.75
293.35
288.62
303.7
294.49
290.93
305.66
293.968
292.13
306.13
294.92
293.33
306.6
296.6
294.82
306.76
298.28
296.31
306.92
297.82
297.35
306.02
297.36
297.195
304.76
296.465
297.04
303.5
295.57
296.01
302.26
294.105
294.12
301.26
292.64
292.44
300.24
292.73
291.62
299.88
291.445
290.985
299.27
290.16
290.35
298.66
289.379
289.84
298.23
289.67
289.313333333
297.483333333
288.889
288.704
296.194
289.18
288.26
295.99
288.67
288.055
296.175
288.16
287.85
296.36
287.59
287.58
298.45
290.91
288.775
301.79
294.405
289.97
304.044
297.9
293.03
305.37
296.99
297.59
306.053333333
296.08
302.15
307.111
297.215
304.15
307.42
298.35
305.15
304.15
297.71
305.15
302.15
297.94
305.15
303.856
298.17
305.15
306.894
297.58
302.73
306.894
296.381
300.15
303.14
294.28
293.15
302.15
293.3835
292.15
302.15
291.585
291.647
300.847
292.2325
289.483333333
301.483333333
292.88
288.15
301.15
291.593
288.6205
299.2205
290.306
286.15
299.15
290.306
287.15
299.15
289.525
287.3595
298.0595
289.525
287.675
300.185
289.2495
287.8845
299.0945
289.78
288.2
301.22
291.48
288.63
302.64
291.708
289.06
304.06
293.959
291.935
305.71
293.674
293.0724
304.8924
296.770333333
296.237
306.953666667
297.330666667
297.664
306.547333333
297.0225
297.4725
306.7225
297.872333333
299.439
306.122333333
297.853666667
299.787
306.103666667
295.339
296.639
303.889
296.152333333
298.152333333
304.602333333
294.469666667
296.169666667
303.119666667
294.44875
293.85375
303.72625
293.32
291.76
302.94
291.48
290.28
301.87
290.96
289.785
301.485
290.51
289.29
301.1
290.06
288.71
299.83
289.6785
289.43
301.15
289.297
288.79
300.15
288.799
287.15
298.4245
288.799
287.15
296.699
288.799
287.81
296.699
289.502
287.5295
301.052
288.15
288.15
301.052
288.15
289.07
301.052
289.15
288.15
305.403
289.816666667
289.15
305.403
292.1655
291.9405
306.251333333
291.15
291.15
307.099666667
294.15
291.15
306.037
297.5365
291.15
305.4485
300.15
292.15
302.949
293.68
291.15
302.949
293.164
291.15
305.15
291.451
291.2285
300.8785
289.8005
289.6
303.15
288.15
290.15
302.15
288.15
289.65
301.65
288.15
289.15
301.15
289.15
289.15
300.15
287.9885
287.9885
297.7635
288.726
289.15
299.483333333
287.5645
289.15
299.15
288.302
289.15
297.3845
288.226
289.15
298.384666667
288.15
289.15
298.002
287.828
288.1405
300.767
288.816666667
289.15
300.767
289.15
289.028666667
300.767
291.0995
290.926333333
301.658
291.420666667
289.15
302.293
292.556
290.21
303.056
294.9
292.18
305.6
294.9
294.15
305.6
294.9
294.15
305.6
289.15
293.07
304.055
289.15
294.15
304.055
292.8135
292.15
304.055
289.15
290.15
299.782
288.48
287.15
302.15
288.49
286.15
301.15
289.15
286.15
301.15
290.1425
287.26
300.15
291.135
287.46
300.15
290.324
287.82
298.82
290.324
286.15
299.15
290.324
285.888
296.37
288.894
285.626
296.067
289.15
284.15
293.83425
287.807
287.76
292.888
288.15
287.153
299.326
290.529
287.965
300.679666667
292.0415
287.358
301.9665
295.287
288.17
303.387
289.15
289.07
306.298
288.15
288.65
306.298
289.15
288.9
303.424
289.65
289.15
303.424
290.15
289.63
303.424
292.008
289.86
305.478
290.53
290.09
305.15
289.95
289.68
303.7025
289.15
290.09
302.255
288.15
290.14
304.15
287.778666667
289.0215
303.65
287.674333333
289.86
303.15
289.15
288.15
302.15
287.86
288.63
301.15
288.15
288.625
299.57
288.15
288.62
300.15
288.15
288.83
299.15
287.806
287.846
297.906
288.15
287.71
300.384
288.15
287.15
299.14
288.15
287.15
301.618
288.15
287.15
301.618
288.899
289.38
301.618
289.648
289.15
305.998
289.648
289.15
305.998
289.648
290.12
305.998
290.15
290.311
306.814
290.132
289.916
306.61025
290.114
290.204666667
306.601
289.1065
289.907333333
306.3
289.060666667
289.61
306.13
288.534
288.87
305.15
288.172
289.247
305.15
288.4
288.55
305.15
288.16
287.58
305.15
287.92
286.865
300.8895
287.92
286.15
303.15
287.92
286.15
303.15
287.15
286.15
302.15
286.65
286.15
301.15
286.15
285.15
301.15
287.15
285.899
298.199
287.15
285.15
300.1228
285.299
285.899
296.359333333
285.5
285.15
297.470666667
285.15
286.15
301.633
286.691
288.22
301.633
288.15
287.685
305.855
288.15
287.15
305.855
288.15
287.66
305.855
288.65
287.337
307.336
289.15
289.15
307.336
289.15
287.15
307.336
289.15
287.15
306.847
289.495
287.15
306.847
289.84
288.41
306.847
289.11
287.15
303.248
288.38
286.15
304.15
287.105
286.15
303.15
285.83
285.6855
302.65
285.83
284.15
302.15
285.83
285.5055
301.65
285.83
285.79
301.15
285.83
286.12
300.15
285.83
286.21
300.15
285.91
284.9215
299.1915
285.91
285.64
302.256666667
285.91
285.15
303.31
285.91
285.4
303.31
285.91
285.65
303.31
285.91
286.15
303.31
287.216
287.3705
306.866
287.216
286.816666667
306.866
287.216
287.15
306.866
287.557
288.8285
307.207
287.557
289.15
307.207
287.557
290.8285
307.207
288.128
291.15
306.359
288.611
290.8305
305.511
288.611
290.511
305.511
286.712
289.87
302.712
286.712
286.51
302.712
286.712
283.15
304.15
285.123
282.15
303.15
285.123
282.15
302.65
284.2865
282.15
302.15
284.363
283.15
302.15
284.363
283.15
301.15
284.363
281.918
299.601
283.656
281.034
299.15
283.926333333
280.15
299.1565
283.708
280.15
298.858
284.263
281.2165
300.813
285.322
285.483333333
301.4815
285.3115
288.15
302.15
287.44
290.15
303.261
287.44
292.15
303.71
287.44
292.424666667
304.49
289.432
292.699333333
304.982
289.806
297.15
304.089333333
290.989
297.15
303.889
290.989
297.15
303.807
292.073
297.15
299.7185
291.31
296.15
295.63
290.39
290.15
296.13
290.98
286.15
296.15
288.1095
285.15
296.15
286.749
283.15
296.14
286.749
283.15
296.145
286.843
283.15
296.15
286.937
283.6195
296.15
286.937
281.15
296.15
286.937
281.15
296.15
285.804
282.269
295.094
285.804
280.483333333
296.15
285.2525
280.15
296.15
285.367
281.15
296.15
285.367
286.15
296.49
285.367
287.15
296.15
290.02
288.7655
297.1405
290.02
292.15
296.51
290.02
293.15
296.15
291.724
292.998
296.798
291.552666667
293.15
296.49
291.528
293.15
296.66
291.21
292.6285
296.5085
288.15
287.15
296.15
289.586
286.15
296.15
288.315
286.15
295.99
288.37
286.15
295.83
287.0125
286.15
294.65
286.745
286.15
294.15
287.15
286.15
293.15
286.556
287.06
292.66
287.15
285.15
292.15
287.15
286.01
291.65
287.15
286.87
291.15
287.15
286.643
290.258
286.65
286.13
291.7385
286.15
285.76
290.8465
285.898
286.228
292.327
286.0448
286.7508
293.567
285.726333333
287.209666667
294.293
285.806666667
287.723333333
295.79
286.543
287.9515
296.1265
286.404666667
288.560333333
298.010333333
286.922333333
288.883666667
298.733666667
287.44
289.1935
297.0605
287.571333333
289.521333333
298.582666667
287.702666667
289.835666667
297.708333333
287.7445
290.15
296.97375
287.846
289.15
296.146
285.705
288.7915
289.905
285.705
287.15
296.15
285.705
286.15
295.15
284.214
286.795
294.15
287.15
287.44
293.15
285.56
286.87
292.15
283.97
286.7705
288.8605
284.17225
286.4736
289.0616
285.207
286.407
285.190333333
284.993
286.143
284.809666667
285.96775
285.53025
290.3722
286.15
285.15
289.001
286.15
285.567
293.573
286.15
285.15
293.573
284.991666667
286.008333333
293.573
284.949333333
286.032666667
295.765
285.871
285.696
296.581
286.15
285.6
298.773
285.385
286.375
299.589
287.15
287.15
299.589
285.2685
287.8
299.589
285.917
287.3345
297.192
287.15
287.15
297.192
285.323
286.15
297.192
285.277
285.65
290.777
287.15
285.15
296.15
284.8085
285.15
295.15
285.516
285.456
291.131
285.516
285.416666667
293.816666667
283.9675
285.55
293.15
285.173
285.701
289.451
285.222
285.5672
291.186
284.461
285.765666667
286.581333333
285.32
285.679333333
287.410666667
285.16
285.5988
288.24
283.9915
285.5115
289.755
284.84
285.43
291.27
284.51
285.80675
293.39925
284.825
286.247666667
295.597666667
285.14
286.592333333
297.692333333
285.87
286.9512
300.64
286.6
287.2935
300.8235
289.05
287.65
301.86
289.13
287.76
301.933333333
288.4065
287.3565
301.9815
289.28
287.98
302.08
287.44
287.236666667
300.226666667
286.666
286.351
298.036
287.13
285.75
296.52
285.89
285.18
295.89
284.65
284.61
295.26
284.4
284.16
294.46
283.4
283.93
293.936666667
282.343
283.763
291.548
282.58
283.47
292.89
282.67
283.18
292.13
281.9695
283.1595
291.875
283.07
283.1
291.62
283.07
283.01
292.243333333
283.11
283.0015
290.9315
283.15
282.83
293.49
283.626666667
283.516666667
296.833333333
283.558
283.963
301.053
284.58
284.89
303.52
285.94
285.77
304.15
284.305
287.2
305.54
286.24
288.04
306.41
286.85
288.286666667
306.25
285.5485
288.016
305.8785
288.07
288.78
305.93
287.835
287.455
303.745
287.6
286.13
301.56
286.39
285.32
299.59
285.32
284.65
297.85
284.39
283.98
296.11
284.31
283.68
295.07
283.8
283.47
293.54
283.34
283.26
292.01
282.87
283.13
291.1
282.4
282.9
289.72
282.005
282.86
288.5095
281.61
282.79
288.98
280.7
282.87
288.605
280.56
282.95
288.23
280.16
282.81
291.5
282.01
283.02
295.69
283.435
283.23
299.88
284.86
283.65
302.42
286.8
283.82
305.09
287.16
284.29
305.99
288.92
284.69
306.9
289.276666667
285.38
306.503333333
288.6615
287.0465
305.8715
289.99
286.76
305.71
289.4
286.59
304.02
287.1955
286.42
302.33
286.71
285.36
299.32
285.37
284.25
298.763333333
284.018
282.793
296.778
284.13
282.03
297.65
283.71
281.63
297.095
284.59
281.23
296.54
284.08
281.12
295.87
283.08
280.73
294.91
283.06
280.63
294.46
280.87
280.32
294.34
280.52
280.05
293.32
280.805
280.26
293.07
281.09
280.24
295.23
280.22
280.56
298.83
284.18
281.35
301.38
285.51
282.38
304.0
286.84
283.78
305.85
287.375
285.21
307.01
287.91
286.38
307.39
290.1
287.36
307.35
289.77
288.17
307.07
288.6985
288.54
306.51
289.06
288.4
304.81
287.15
288.26
303.11
286.29
286.21
301.51
285.43
284.7
299.9
284.53
283.66
299.15
283.98
283.17
298.34
283.34
282.71
297.62
284.18
282.65
297.31
282.7215
282.77
296.79
283.76
282.94
296.07
284.53
283.21
295.57
284.71
283.53
295.01
283.98
283.95
293.74
283.1215
283.88
294.22
283.92
284.22
295.95
283.845
284.075
298.07
283.77
283.93
300.19
283.33
284.25
302.22
283.39
284.8
302.845
283.45
285.35
303.47
283.84
285.95
303.51
283.65
285.98
303.71
283.627
285.92
303.5
283.83
285.79
303.43
283.97
285.9
302.22
284.43
285.15
304.8535
284.6
285.15
304.625
284.95
285.15
301.15
284.72
285.64
301.15
284.72
285.71
300.15
284.72
285.15
299.66
284.84
285.15
299.49
284.62
285.15
298.75
284.4
285.15
299.15
284.4
285.15
299.15
284.27
284.64
300.15
285.15
284.73
299.15
284.5345
284.83
298.726
283.919
284.15
300.15
283.57
285.15
301.15
283.71
286.65
301.15
283.449
287.219
301.57
283.83
287.45
301.99
284.46
288.17
297.38
287.15
287.15
297.15
286.15
287.72
296.91
285.83
288.139
298.004
285.51
288.46
296.69
286.17
286.24
295.64
285.72
284.6
294.75
285.23
284.875
294.3595
284.74
285.15
292.82
284.49
284.17
293.63
284.615
284.67
293.15
284.74
283.15
292.84
284.4
283.71
292.69
284.4
283.15
291.15
284.4
284.15
291.64
284.17
284.15
291.15
283.6155
284.15
292.4935
283.94
283.15
293.837
283.57
284.257333333
293.837
283.565
284.203666667
293.404
283.56
284.15
293.404
283.7
284.15
293.404
284.05
284.61
295.155
284.4
284.15
295.155
284.02
284.15
295.155
284.1255
285.0905
295.695
284.29
284.15
295.695
284.52
284.15
295.695
284.28
284.15
295.524
284.29
284.15
295.524
283.51
284.15
295.524
283.72
284.15
294.697
283.61
285.02
295.15
283.79
285.1
294.15
283.75
284.73
294.15
283.71
282.15
293.15
283.997
281.15
293.15
284.284
281.828
292.15
283.06
281.15
291.15
283.06
282.78
290.15
282.695
282.8925
288.39
282.573333333
282.62
287.803333333
282.33
283.139
286.63
282.5435
283.273
291.1685
282.885
283.866
293.635
283.0985
283.9235
298.1735
283.44
284.44
300.64
284.046666667
284.32025
300.8515
283.699
284.012333333
300.487333333
285.26
283.986666667
300.986666667
284.86
285.3145
302.3745
285.07
285.74
303.17
283.9525
284.9625
300.6025
284.416666667
284.866666667
300.163333333
284.09
284.43
298.66
283.72
283.93
297.38
283.555
283.445
296.64
283.39
282.96
295.9
282.0455
282.9305
293.7505
283.19
282.8276
293.9616
281.8455
282.810333333
291.418666667
282.99
282.719666667
291.236333333
282.43175
282.454
291.029
280.555
282.421666667
290.855
280.656
282.214333333
290.656
282.116
282.1925
293.355
282.67
281.923333333
292.19
282.34
281.839666667
293.923
281.971
282.6105
296.3105
280.792
282.242
297.825333333
280.828
282.728
299.994666667
281.2195
283.157
299.907
281.137
283.662
302.828666667
281.41
284.11
303.493333333
281.7345
283.6095
301.8595
281.990333333
284.373666667
303.290333333
282.297666667
284.189333333
302.422666667
282.0532
284.1092
301.5972
282.4525
283.9075
300.7225
282.3
283.81
299.89
282.175
283.75
299.67
282.05
283.69
299.45
281.4705
283.753
297.8455
281.91
283.5772
298.0032
281.3305
283.68
296.105
281.77
283.544
295.969
281.47275
283.336
295.3485
280.615666667
283.224
295.374
280.598333333
283.04
294.915
280.583
283.0205
295.8705
280.565
282.781666667
294.94
280.549
282.707333333
295.424
280.967
283.017
296.992
280.806333333
282.814666667
297.114666667
281.079666667
282.996333333
298.321333333
281.4792
282.5665
299.354
281.7315
282.952
300.618666667
282.11
282.726
301.709333333
282.18
282.8535
300.4535
282.579666667
282.509666667
302.326333333
282.979333333
282.519333333
301.852666667
281.5275
282.4375
300.4625
282.544333333
282.477666667
300.294333333
281.709666667
282.426333333
299.209666667
281.95475
282.31975
299.36975
281.48
282.25
298.7
280.099
281.434
297.609
280.52
281.95
297.433333333
280.04
281.8
296.8
279.56
282.16
296.84
279.65
282.31
296.885
279.74
282.46
296.93
279.57
281.88
297.35
278.545
281.845
297.27
277.52
281.81
297.19
278.14
281.65
297.5
278.515
281.865
298.965
278.89
282.08
300.43
281.02
283.31
302.22
282.205
284.23
303.42
283.39
285.15
304.62
284.06
285.71
304.86
284.67
285.91
305.08
285.28
286.11
305.3
285.45
286.65
304.44
285.73
286.9
303.03
284.42
286.46
302.04
283.31
284.77
301.12
282.41
282.98
300.37
281.95
282.12
299.69
281.54
281.06
299.24
281.21
280.56
298.72
280.88
280.06
298.2
280.04
279.93
297.81
280.175
279.16
297.425
280.31
278.39
297.04
279.6
278.14
296.81
278.95
277.92
296.56
278.61
278.04
296.56
278.92
277.19
297.32
279.6
278.76
298.655
280.28
280.33
299.99
281.97
280.98
301.74
283.68
284.16
302.93
285.39
287.34
304.12
285.05
289.12
304.46
285.36
290.045
304.46
285.67
290.97
304.46
285.41
291.19
303.63
285.74
290.57
302.53
285.08
289.64
301.56
284.59
286.03
300.93
284.245
284.925
300.395
283.9
283.82
299.86
284.26
283.04
299.38
284.03
282.33
299.08
284.03
281.67
298.81
284.02
280.98
298.62
284.02
280.99
297.78
284.68
277.15
298.15
283.237
276.15
297.341
282.532
277.15
296.532
284.13
276.15
296.15
282.15
278.78
291.46
284.23
280.53
289.15
284.49
284.15
287.15
284.81
287.15
287.15
285.13
289.15
287.15
285.44
290.15
290.15
285.795
291.15
291.022
286.15
292.15
295.943333333
286.59
292.15
298.84
287.332
290.412
294.282
286.47
291.15
284.83
285.85
288.15
285.15
285.397
285.15
286.422
285.9
285.15
285.15
286.15
285.15
285.15
285.475
282.65
285.15
284.8
280.15
285.15
284.8
279.15
284.15
283.503
279.6155
284.2905
284.35
277.15
284.15
283.89
277.15
284.15
282.739
278.48
283.594
283.23
278.03
289.425
282.87
278.69
289.425
282.15
278.41
292.091
283.19
280.15
292.091
284.3
285.15
292.091
285.54
287.9
295.867
286.78
290.65
293.15
287.91
291.15
295.85
289.129
292.15
297.855
290.59
294.15
297.855
289.89
294.15
297.855
289.935
295.15
294.777
289.98
291.15
294.777
289.66
287.15
294.777
288.72
287.15
289.92
287.78
286.15
291.15
287.9
285.15
290.15
285.4705
284.65
286.4705
