286.7
286.1
296.75
288.56
288.48
299.12
289.98
290.39
300.73
291.34
292.61
302.14
292.83
294.12
303.88
293.68
295.28
305.01
294.77
296.6
305.9
295.89
297.8
306.11
296.31
297.97
306.0
296.79
298.25
305.2
296.82
297.87
304.22
296.06
297.02
303.0
294.19
295.43
302.16
293.25
293.06
301.49
291.01
291.05
300.68
289.31
289.4
300.25
288.3
288.26
299.74
287.84
287.21
299.11
287.62
286.36
298.36
287.74
285.76
297.64
287.46
285.16
296.9
287.37
284.53
296.15
287.09
284.58
297.28
287.54
286.05
298.34
288.41
287.83
298.85
289.3
289.68
299.91
290.59
291.83
301.89
291.82
293.18
303.14
292.76
294.58
303.72
293.19
295.75
303.08
294.27
296.16
304.32
295.22
296.99
305.5
295.35
297.38
305.73
295.51
297.07
305.24
295.48
296.14
304.26
294.48
294.94
302.81
292.99
293.04
301.47
291.59
291.46
300.96
290.58
289.82
300.28
289.56
288.64
299.43
288.9
287.92
298.98
287.66
287.23
298.59
286.64
286.14
298.1
286.55
285.49
297.05
285.95
284.9
294.61
285.68
284.23
293.57
285.3
284.02
293.48
286.58
285.2
293.34
288.07
287.53
294.29
290.03
289.29
296.24
292.55
291.11
296.12
292.6
292.62
295.35
293.93
294.8
294.53
294.54
296.23
294.92
296.3
297.25
295.97
296.79
298.38
297.55
296.42
298.36
298.16
296.51
297.76
298.03
296.09
297.53
297.26
295.5
295.99
296.15
293.88
294.14
295.5
292.74
291.87
294.73
291.77
289.72
293.95
290.96
288.73
293.11
290.23
287.8
292.36
289.49
287.27
291.73
288.96
286.74
291.15
288.58
285.35
290.56
287.97
285.92
290.35
287.58
285.87
290.63
287.79
285.93
292.28
287.28
286.32
295.03
286.6
287.21
297.24
285.95
287.9
298.65
285.38
288.68
299.5
286.22
289.56
300.22
287.33
290.01
300.78
288.32
291.43
301.58
289.89
292.02
301.57
290.12
292.28
301.64
291.29
292.58
301.31
291.81
292.21
300.57
292.21
291.47
299.58
291.87
291.1
298.01
291.12
290.29
296.63
290.18
289.2
294.86
288.93
288.03
293.75
287.42
287.17
292.82
286.87
286.39
291.99
286.17
285.82
291.44
285.11
285.38
290.85
284.93
285.13
290.43
284.49
284.88
290.25
284.38
284.82
290.39
284.43
284.69
293.07
284.71
284.86
296.31
285.41
285.31
298.64
285.88
286.17
300.13
286.25
287.41
301.07
286.5
288.23
302.08
287.53
289.24
303.24
289.14
289.8
303.8
289.22
290.86
303.8
290.11
291.5
303.86
290.67
292.08
303.73
290.7
292.16
302.99
290.2
291.8
301.88
289.43
291.15
300.7
289.21
289.78
299.74
288.36
288.46
298.8
287.0
287.3
298.15
286.65
286.67
297.86
285.93
286.35
297.65
285.56
285.89
297.05
284.77
285.48
296.63
284.97
284.95
296.72
285.08
284.37
296.16
284.72
283.81
294.52
284.97
283.68
293.29
285.31
284.36
293.3
285.9
285.17
293.81
286.84
285.93
296.26
287.19
286.39
299.08
287.62
286.99
300.15
288.72
288.34
301.35
290.15
289.77
302.61
290.91
290.99
303.65
291.3
291.48
304.43
291.99
291.56
304.35
291.73
291.46
303.67
291.37
290.83
302.67
290.95
289.94
300.75
290.3
288.13
299.34
289.06
286.47
298.07
287.61
285.5
297.08
285.85
284.69
296.08
284.96
284.18
295.52
284.07
284.19
295.12
283.15
284.12
295.02
282.82
283.94
294.9
281.99
283.075
294.84
281.4
282.21
294.78
281.24
281.79
296.73
283.03
282.93
299.2
284.99
284.06
301.32
286.38
285.82
303.59
287.66
286.77
304.84
288.97
288.13
306.25
290.19
289.25
307.43
291.35
290.59
308.61
292.13
291.47
309.14
292.9
292.36
309.44
292.91
292.67
309.26
293.3
293.01
308.19
292.45
292.8
306.87
292.46
292.37
304.78
291.17
291.29
303.57
290.15
289.34
302.6
288.97
287.48
301.5
288.05
286.24
300.58
287.24
285.61
299.43
286.43
285.43
298.63
285.9
285.02
298.19
285.72
284.73
297.66
285.69
284.34
297.27
285.7
284.03
297.2
285.67
283.56
298.63
285.67
283.96
300.11
285.72
284.63
301.76
286.08
285.35
303.47
286.59
286.18
304.99
287.15
287.42
305.79
287.72
288.04
306.06
288.51
288.54
306.34
289.51
289.35
306.65
290.08
289.66
306.85
290.25
290.55
307.01
290.47
290.63
306.5
290.47
290.57
305.53
290.19
289.86
304.22
289.14
288.86
303.18
288.26
287.5
302.27
286.99
286.21
301.4
286.85
285.11
300.65
286.33
284.51
299.75
285.87
283.93
299.12
285.59
283.66
298.63
285.155
283.525
298.41
284.72
283.39
298.19
284.16
283.95
297.74
284.37
284.06
298.53
284.38
284.46
299.72
284.61
285.44
300.81
284.81
286.74
302.5
286.8175
287.83
304.14
285.52
288.86
305.08
286.35
289.81
306.27
287.6
290.83
306.83
288.9
291.5
307.27
289.26
291.58
307.61
289.14
291.55
307.49
290.37
290.81
306.26
289.94
290.155
305.31
289.51
289.5
304.36
288.94
288.39
302.99
288.39
287.32
302.22
286.55
286.32
301.49
285.0
285.52
300.85
284.32
284.99
300.51
283.55
284.73
300.18
283.26
284.37
299.44
282.28
284.11
299.13
282.09
284.1
298.2
281.42
284.0
297.83
281.46
284.05
299.2
282.86
284.62
300.76
284.2
284.97
302.1
285.88
286.43
304.51
286.95
286.39
306.32
287.98
289.04
308.11
288.93
289.32
309.28
289.6
291.03
310.25
290.5
292.7
310.38
291.16
293.71
310.49
291.76
292.35
309.99
292.52
292.22
308.66
292.25
292.66
306.87
291.53
291.57
305.27
290.77
290.17
303.88
290.19
288.47
302.54
289.08
287.38
301.7
288.8
286.98
301.04
288.44
286.14
300.49
287.74
285.43
299.99
287.57
285.29
299.44
287.01
284.48
299.26
286.26
284.44
298.7
285.84
284.44
298.1
285.83
284.47
300.54
285.07
285.0
302.71
285.07
284.86
304.99
285.82
285.21
305.87
286.21
286.72
307.45
286.57
287.34
308.37
286.37
288.55
309.03
287.09
289.02
309.33
287.3
289.26
308.32
287.77
289.76
308.48
288.13
291.02
308.54
289.34
291.79
307.15
289.57
291.76
305.85
289.8
291.65
305.17
289.88
290.86
303.89
288.4
288.28
303.14
287.25
286.12
303.0
285.94
284.38
302.35
285.6
284.56
301.99
285.18
283.9
301.89
284.56
283.65
300.82
284.26
282.93
297.39
283.68
282.78
296.91
283.0
282.37
296.54
282.93
283.17
297.15
283.64
285.06
298.33
285.5
286.27
300.19
286.83
288.31
301.72
288.48
290.68
303.37
290.08
292.01
304.33
291.37
293.25
304.75
292.84
294.26
305.24
293.41
295.41
305.29
293.56
295.75
305.49
294.03
296.2
305.16
294.3
297.2
304.6
294.37
297.14
304.04
293.53
295.86
301.93
292.89
294.48
300.67
291.8
292.89
299.73
290.67
290.38
299.35
289.77
289.35
298.86
289.39
288.23
298.64
288.58
288.35
298.28
288.16
286.06
297.97
287.69
285.24
297.43
287.23
284.86
297.09
286.81
283.86
297.35
286.8
285.09
298.53
287.19
285.31
300.62
288.41
286.74
302.88
289.73
288.65
304.77
290.12
290.16
306.14
292.98
292.08
307.44
293.72
294.13
308.58
294.6
295.23
308.76
294.49
296.49
308.71
295.55
297.1
308.95
295.87
297.12
309.04
295.25
295.62
307.97
293.66
295.18
306.49
293.67
294.21
305.15
292.51
292.58
303.98
291.27
290.65
303.46
290.57
289.14
302.81
290.47
287.6
301.85
290.0
286.72
301.74
289.12
286.17
300.8
289.35
286.46
300.39
288.98
286.35
300.09
289.01
285.31
300.02
288.21
285.54
300.04
288.08
285.38
295.52
288.01
285.85
293.82
288.48
286.85
293.88
289.06
288.05
295.91
289.92
289.92
299.38
291.21
292.42
303.05
291.67
293.37
304.32
292.97
295.46
305.32
293.8
295.63
306.28
294.27
298.28
304.43
294.34
296.96
301.95
293.89
296.78
302.95
294.66
296.13
301.9
294.29
294.82
301.19
293.31
291.58
300.78
291.4
288.69
300.53
290.4
286.62
300.12
289.74
286.14
299.595
289.08
285.21
299.07
289.32
286.58
297.21
288.06
286.38
296.755
287.67
286.18
296.3
287.56
286.31
295.34
287.8075
287.0875
295.615
288.055
287.865
295.89
288.3025
288.6425
296.165
288.55
289.42
296.44
288.14
290.242
297.07
289.155
291.064
297.8975
290.17
291.886
298.725
291.505
292.708
299.5525
292.84
293.53
300.38
291.63
294.56
302.04
292.69
294.834
301.54
293.75
295.108
301.04
293.623333333
295.382
300.54
293.496666667
295.656
300.04
293.37
295.93
299.54
291.16
292.59
298.49
289.292
288.17
297.73
289.06
287.8675
297.42
288.393
286.766
296.795
287.140666667
286.596666667
297.95
286.766333333
285.628333333
296.435
286.89
284.66
294.92
286.66
284.36
294.85
285.3865
284.8865
296.1315
286.625
284.685
297.455
285.3515
285.2115
298.7365
286.59
285.01
300.06
287.38
285.69
301.43
287.29
286.3
302.72
287.71
287.07
303.59
287.97
288.07
304.0
288.43
288.462333333
306.203
288.89
288.854666667
306.75
289.8
289.6375
306.0715
290.71
290.16
306.21
290.71
290.36
305.17
290.96
289.469
304.6265
291.21
287.492666667
305.426
288.6655
287.144333333
304.211
289.77
288.44025
302.05775
288.72
288.64
300.53
288.31
287.78
299.93
287.97
287.38
299.74
287.71
286.89
299.3
287.13
286.56
298.94
286.893333333
286.20675
298.79175
285.1985
285.267
299.067
286.42
285.207
298.707
285.9845
285.7525
301.0775
284.024
285.490666667
299.807333333
284.351
285.834333333
301.267666667
285.73175
286.742
302.217
286.41
286.897666667
303.847666667
286.2985
287.617333333
304.967333333
286.405
287.599
305.794
286.2935
288.564666667
307.011333333
286.4
288.792333333
307.935666667
286.91
289.02
308.86
286.68
289.975333333
308.302
288.133
290.930666667
307.744
286.52
287.178
306.286
287.973
288.918
305.878
286.36
285.95
304.57
286.57
285.43
303.46
286.33
284.89
302.85
286.21
284.69
302.36
285.92
284.575
301.655
285.63
284.46
300.95
285.85
284.46
300.35
285.63
284.66
299.57
285.47
284.22
298.89
285.43
284.56
298.28
285.42
284.22
297.71
285.32
284.5
298.81
285.39
285.01
300.48
286.67075
286.71075
301.85075
287.863
289.263
303.813
289.188
290.538
304.888
288.07
291.1585
305.1585
291.018333333
292.651666667
306.501666667
291.523666667
293.490333333
307.040333333
291.2372
291.7812
307.5332
291.8745
293.0445
308.0795
291.72
291.76
308.58
290.8
292.0
307.66
292.216333333
294.791333333
305.749666667
291.555666667
294.455666667
304.622333333
290.17175
291.01925
304.03675
289.27
289.65
303.09
288.84
288.04
302.43
288.27
286.12
301.77
288.15
285.69
301.11
287.7
287.1855
301.1205
287.36
284.57
299.783333333
287.68
284.01
299.12
287.61
283.88
298.26
287.25
283.4
297.28
287.14
284.15
298.37
287.31
286.43
299.82
287.62
288.66
301.735
287.96
290.89
303.65
288.68
292.03
305.48
289.99
293.3075
306.255
292.560666667
293.367333333
306.614
293.240333333
295.253666667
307.597
293.92
297.14
308.58
293.41
298.47
308.77
293.77
295.2525
307.74
294.155
297.615
306.735
294.54
294.3975
305.705
294.22
296.76
304.7
292.97
295.46
303.71
292.41
293.49
303.19
290.47
291.55
302.44
289.45
290.745
301.695
288.78
289.94
300.95
288.13
289.47
300.67
287.71
289.38
299.99
287.2
289.46
299.25
286.98
288.43
298.59
286.2
288.1
298.33
286.09
287.88
299.08
287.72
288.13
300.54
288.67
288.79
301.99
290.48
289.95
303.71
290.06
290.51
305.07
290.88
291.17
306.76
292.15
291.74
307.71
291.57
292.2
308.03
291.58
293.8
308.94
291.73
293.84
308.93
291.68
294.1
308.66
291.82
293.55
307.71
292.1
292.78
306.12
291.71
291.59
304.93
291.71
291.39
303.76
290.58
290.63
303.3
289.75
289.74
302.38
290.27
289.19
301.66
289.06
288.84
300.95
288.95
288.23
300.45
288.78
288.13
299.58
288.66
288.28
298.75
288.78
288.03
298.31
288.78
288.17
298.08
288.88
287.68
298.98
288.73
287.77
300.12
288.51
286.59
301.53
288.42
286.88
303.53
288.5
288.66
305.07
288.85
289.17
306.75
288.44
290.27
307.59
288.0
290.77
308.15
288.28
291.78
308.43
288.58
292.37
308.71
288.98
292.61
308.57
289.64
291.49
308.17
289.56
291.72
306.42
289.37
289.98
305.32
288.72
288.99
304.2
288.9
288.35
303.75
288.14
287.69
302.9
288.04
287.56
302.35
287.72
287.12
301.6
287.4
287.02
300.95
287.18
286.89
300.05
287.23
286.67
299.35
287.12
286.38
298.7
287.19
286.17
298.8
287.33
286.07
299.49
286.87
286.21
300.13
287.06
287.41
302.31
287.27
287.72
303.75
287.91
288.89
305.1
288.64
291.21
307.21
288.95
293.31
308.43
289.72
293.22
309.26
290.52
294.51
309.52
292.17
296.64
309.7
292.03
295.5
309.08
291.63
293.4
308.65
293.39
289.16
307.35
292.0
288.68
306.42
291.25
288.03
305.15
290.45
288.03
304.47
289.6
287.4
303.64
288.8
286.59
302.88
288.8
287.25
301.99
288.03
286.47
300.9
288.04
286.67
300.1
287.75
287.17
299.48
287.51
286.6
298.9
287.32
286.68
298.33
287.15
286.68
298.91
286.92
287.06
300.35
287.14
287.46
302.11
287.91
288.64
304.48
288.365
290.06
306.253
288.82
291.48
307.37
289.88
292.44
308.82
289.49
292.48
309.92
290.24
293.01
310.76
291.11
293.5
311.04
292.04
292.08
310.54
292.45
292.64
309.38
291.73
292.52
308.04
291.57
292.06
306.73
291.12
291.05
305.15
290.33
289.98
304.25
289.39
288.91
303.8
289.54
288.65
302.98
289.05
288.65
302.44
289.01
288.63
301.69
288.71
288.5
301.15
288.67
288.41
300.29
288.76
288.08
299.75
288.81
287.68
299.33
288.46
287.89
300.04
288.06
288.64
302.49
287.68
289.77
304.82
288.34
289.15
306.423
289.36
290.09
308.026
290.38
291.03
307.75
290.98
291.59
308.74
291.57
292.46
309.84
290.98
293.27
310.85
291.07
293.67
311.02
291.9
293.73
310.65
291.68
293.77
309.96
291.86
293.57
308.5
292.02
293.05
306.63
291.52
292.74
305.35
290.82
292.12
303.75
290.61
291.46
302.83
290.38
290.91
302.42
290.06
290.36
301.34
290.08
290.18
300.9
289.93
289.9
300.17
289.72
289.76
299.35
289.26
289.48
299.5
289.08
289.1
299.53
288.81
288.53
300.19
289.24
289.12
301.63
290.17
290.29
302.86
290.58
292.13
303.4
290.95
295.58
308.52
291.725
296.99
309.605
292.5
299.06
310.69
292.35
300.51
311.99
293.4
302.13
312.4
293.7
302.41
311.9
293.73
302.59
310.98
293.73
302.44
309.56
293.46
301.04
306.97
293.826
299.75
306.0
293.21
298.46
305.03
292.69
295.3
303.74
291.86
294.21
302.22
291.47
292.8
300.81
290.83
291.57
299.39
290.6
291.78
299.11
290.52
291.32
298.72
290.37
291.31
298.23
290.34
291.57
298.15
290.21
290.81
298.89
290.01
290.21
300.29
290.5
290.66
302.79
291.1
291.86
305.01
292.19
294.28
306.54
294.27
295.61
307.65
293.91
296.96
307.91
295.15
297.31
308.76
296.35
300.44
309.37
296.74
302.15
309.65
297.31
303.39
309.44
298.51
301.9
308.77
298.43
301.33
307.7
297.68
301.1
306.26
297.49
300.57
304.75
297.51
299.18
303.02
295.41
296.55
301.84
294.04
294.26
300.26
293.49
293.18
299.06
292.46
292.21
298.35
292.03
291.85
297.91
291.39
291.48
297.34
291.01
290.97
297.83
290.16
289.81
297.65
289.24
286.15
296.7555
289.06
290.15
295.861
290.37
293.15
299.724
292.04
294.15
299.724
293.16
296.15
299.724
294.27
298.15
301.581
295.61
299.15
301.581
296.11
301.15
301.581
297.15
302.15
304.082
299.25
303.15
304.082
298.34
304.15
304.082
299.16
305.15
303.224
298.71
307.15
303.224
298.58
305.15
303.224
298.51
302.15
298.546
297.67
300.15
300.15
295.89
298.15
299.15
295.065
296.15
298.15
294.24
296.21
297.15
293.56
292.15
296.15
293.13
293.39
295.15
292.34
290.15
294.15
292.13
290.15
293.15
291.79
289.15
293.368
291.82
288.15
293.586
290.98
290.15
293.586
291.91
291.15
299.416
292.73
295.15
299.416
293.99
297.15
299.416
295.0
297.15
301.943
296.01
299.15
301.943
296.51
300.15
301.943
296.87
301.15
303.21
297.53
302.15
303.21
298.35
302.15
303.21
298.78
304.15
302.273
298.26
302.15
302.273
298.18
302.15
302.273
299.24
300.15
299.965
297.45
297.15
299.15
296.11
294.15
298.15
294.74
292.15
297.15
293.41
290.15
296.15
292.37
289.15
295.15
292.02
287.15
295.15
291.81
287.15
294.15
291.45
288.71
293.15
290.9
287.15
292.719
291.11
287.15
292.288
289.9
287.385
292.288
290.64
287.62
299.361
291.63
289.49
299.361
291.89
290.69
299.361
292.48
291.15
302.25
293.19
292.15
302.25
294.01
295.68
302.25
294.61
297.15
303.494
295.25
297.35
304.75
295.93
299.15
303.855
296.475
299.15
302.813
297.02
299.15
302.813
296.96
298.15
302.813
297.05
297.15
296.921
296.28
296.15
299.15
293.93
292.15
299.15
292.94
291.15
298.15
292.04
290.15
297.15
291.39
290.65
296.15
290.61
288.15
296.15
290.52
288.15
295.15
290.17
288.96
294.15
289.52
288.61
292.452
289.52
287.15
290.754
288.28
287.15
290.754
289.74
288.15
300.906
290.49
289.15
300.906
290.88
291.15
300.906
291.64
292.15
303.558
292.09
295.15
303.558
292.91
295.15
303.558
293.72
298.15
304.602
293.86
297.15
304.602
295.0845
297.15
304.602
296.309
297.15
303.959
295.71
297.15
303.959
295.85
296.15
303.959
294.83
295.15
296.782
293.6
294.15
300.15
292.97
290.15
300.15
289.682
289.022
298.84
291.36
289.04
297.53
290.15
288.07
297.34
289.3
287.52
296.99
288.04
287.26
296.76
287.56
286.72
296.35
286.87
286.08
295.67
286.5
287.71
295.17
286.62
286.02
297.14
287.79
286.39
299.21
288.52
286.62
301.16
288.94
287.04
303.47
289.86
287.36
305.42
290.57
288.62
307.1
291.48
289.57
308.46
292.3
290.38
309.23
293.39
291.43
309.46
293.84
292.4
309.11
293.95
293.31
308.87
293.95
293.28
305.37
294.18
293.49
303.39
294.37
292.52
302.04
293.36
291.67
301.03
291.89
291.25
300.15
290.78
290.0
299.34
289.99
289.06
298.55
288.78
288.13
297.77
288.64
287.99
297.18
288.12
287.17
296.85
287.8
286.39
296.39
287.36
287.33
295.88
