280.8705
280.8955
288.2455
279.786666667
281.336666667
285.895
279.649333333
280.724333333
285.041
279.543
280.9555
284.8055
279.395333333
280.062
283.745333333
279.278666667
280.012
283.303666667
278.514
279.2765
283.0765
278.613333333
279.455
282.563333333
278.064666667
278.948
282.264666667
277.601
278.9135
286.051
277.024
278.249
284.390666667
276.532
278.057
286.815333333
279.077
280.6895
288.2395
277.572666667
279.556
290.997666667
279.105333333
281.247
292.755333333
279.6075
281.17
292.9075
281.483666667
283.450333333
295.200333333
282.329333333
283.962666667
295.887666667
282.0705
283.6205
295.0455
283.284333333
284.417666667
296.242666667
283.393666667
284.360333333
295.910333333
281.919
283.544
294.044
282.556333333
283.739666667
294.223
281.609666667
283.176333333
292.868
280.6055
282.668
293.0805
279.678
282.086333333
291.203
278.693
281.559666667
290.893
278.5915
281.404
290.8415
277.312
280.753666667
290.445333333
276.916
280.474333333
290.307666667
276.97
279.8075
290.17
276.424
279.657333333
290.032333333
276.328
279.119666667
289.894666667
276.3145
279.327
291.6895
276.191
278.541
290.907666667
276.15
278.5
292.058333333
278.6085
280.546
293.621
277.734333333
279.809333333
294.634333333
279.359666667
281.159666667
296.059666667
279.6275
282.265
295.6775
281.705333333
283.697
297.705333333
282.425666667
284.884
297.925666667
281.843
284.1555
294.9055
282.997666667
285.981
296.206
282.849333333
285.891
294.266
281.8725
284.785
296.3975
282.000333333
285.033666667
293.100333333
281.299666667
284.266333333
293.874666667
280.797
283.547
292.3095
280.030333333
282.763666667
293.863666667
279.461666667
282.028333333
293.078333333
279.3445
281.5445
292.457
278.625333333
280.725333333
291.617
278.357666667
280.157666667
290.941
278.391
279.741
290.541
278.023
279.123
289.773
277.956
278.656
289.281
278.5125
278.6125
289.65
278.237666667
278.004333333
288.871
278.586333333
277.819666667
288.953
279.4175
281.0925
290.5925
279.605333333
279.755333333
290.155333333
280.275666667
281.875666667
291.275666667
280.767
281.792
291.4795
281.497
284.647
292.905333333
282.048
285.298
293.414666667
282.2045
285.0545
292.0545
282.887
286.003666667
293.187
283.175
286.058333333
292.45
282.2675
284.5425
291.38
282.954
285.120666667
290.754
282.445
284.128333333
289.795
281.8995
283.3745
289.6995
281.402666667
282.302666667
288.452666667
280.869333333
281.469333333
288.069333333
281.0315
281.3315
289.0565
280.266333333
280.266333333
288.216333333
280.196666667
279.896666667
288.746666667
280.189
279.814
288.614
280.098666667
279.348666667
289.365333333
280.070333333
279.170333333
289.453666667
280.0325
279.5325
290.1825
280.007333333
279.174
290.057333333
279.972666667
279.356
290.572666667
280.626
281.251
292.701
280.362
280.862
292.678666667
280.786
282.186
294.269333333
280.8905
283.3655
294.2155
281.421
284.737666667
296.354333333
281.632
285.965333333
296.848666667
281.4185
285.5185
294.8185
281.771
287.304333333
296.154333333
281.699
287.415666667
294.965666667
281.5475
286.2725
294.7475
281.502
286.802
293.235333333
281.377
286.077
292.693666667
281.228
285.678
291.978
281.111
284.844333333
291.494333333
280.97
284.336666667
290.836666667
281.0095
283.9345
291.1345
280.808333333
283.391666667
290.158333333
280.787666667
282.954333333
290.137666667
280.7905
282.0905
288.9155
280.762
281.795333333
289.295333333
280.757
281.073666667
288.473666667
281.269775889
281.7065
288.7315
281.52
280.533333333
287.55
281.784
280.714666667
287.448
282.146
283.24
288.64
282.146
282.64
288.106666667
282.478
284.384
288.867333333
282.478
283.041
288.991
283.22
285.814
289.964
282.936
285.5
290.3
282.936
285.4475
290.0725
282.883645529
285.046333333
290.596333333
282.800322765
284.906666667
290.556666667
282.836999704
285.38
288.905
282.719333333
285.036
289.402666667
282.721666667
285.305
288.288333333
282.68
285.305
288.33
282.697
285.663666667
286.830333333
282.67
285.753333333
286.486666667
282.3945
285.3695
286.6695
282.450333333
285.617
286.150333333
282.257666667
285.391
286.157666667
281.778
284.028
286.053
281.681
284.181
286.097666667
281.297
283.197
286.030333333
281.1795
283.1545
286.9295
280.706666667
281.856666667
286.54
280.500333333
281.500333333
287.117
281.528
282.753
287.653
280.910333333
281.860333333
288.243666667
281.526666667
282.576666667
288.793333333
281.2745
282.7245
288.2745
282.180333333
283.630333333
289.180333333
282.217666667
283.967666667
289.017666667
281.832
284.182
288.682
282.010333333
284.560333333
288.577
281.765666667
284.815666667
288.299
281.524
283.549
288.074
281.278333333
284.311666667
287.778333333
281.035666667
283.552333333
287.535666667
280.0405
283.1155
287.0655
280.048666667
282.248666667
286.898666667
279.304333333
281.704333333
286.504333333
279.193
281.593
286.418
278.237666667
280.904333333
285.921
277.915333333
280.648666667
285.732
278.203
279.778
285.653
277.677333333
279.727333333
285.427333333
277.761666667
279.061666667
285.311666667
277.6195
279.9195
285.5945
277.779333333
278.746
285.346
277.712666667
279.096
285.496
279.3215
280.3965
286.4465
278.696333333
280.429666667
286.329666667
279.746666667
281.413333333
287.013333333
279.9805
281.343
288.5555
281.303
282.678
288.953
281.809
282.959
290.209
280.9455
282.7455
289.7705
281.908
283.191333333
291.591333333
281.501
283.142666667
291.717666667
281.3745
282.462
288.9495
280.874
282.624
290.040666667
280.654
282.154
288.237333333
280.3835
281.6585
288.0585
280.180333333
281.197
285.713666667
279.926666667
280.71
284.993333333
279.351
280.801
284.901
279.204666667
280.121333333
283.971333333
278.736333333
280.019666667
283.669666667
279.1775
279.4775
282.9775
278.406
279.522666667
282.806
278.544
279.127333333
282.244
278.808
279.083
285.708
278.904
278.570666667
283.804
279.126
278.409333333
285.926
279.8125
280.6625
287.4625
279.879666667
279.696333333
289.779666667
280.411333333
281.144666667
291.511333333
281.044
281.269
291.744
281.542
283.158666667
293.975333333
282.141
283.724333333
294.707666667
281.8395
281.7145
293.6395
282.738666667
283.138666667
294.972
282.737333333
281.987333333
294.504
280.905
282.555
292.38
281.514
280.830666667
292.464
280.292
280.825333333
290.892
280.6835
280.2835
290.7835
278.923666667
280.457
288.723666667
278.777333333
280.094
288.127333333
278.7945
280.2195
288.1695
278.593666667
279.693666667
287.360333333
278.556333333
279.656333333
287.189666667
278.6195
279.5945
287.3195
278.548666667
279.565333333
287.048666667
278.578333333
279.511666667
287.078333333
278.7135
279.3385
289.4135
278.708
279.324666667
288.674666667
278.808
279.191333333
290.241333333
279.7885
279.8885
292.3635
279.595
279.478333333
293.745
280.282
279.898666667
295.682
280.3965
281.0215
296.2215
281.274333333
281.207666667
298.624333333
281.579666667
282.096333333
299.629666667
281.696
281.871
298.846
282.064333333
283.131
300.447666667
282.243666667
283.277
300.260333333
281.232
282.007
298.182
281.808333333
282.625
298.625
281.193666667
281.827
297.177
281.2655
281.1405
296.8655
280.422
280.305333333
295.038666667
280.265
279.581666667
294.348333333
280.1215
279.7465
293.4215
279.96
278.726666667
292.81
279.812
278.595333333
291.962
279.847
278.722
291.697
279.638
278.504666667
290.654666667
279.612
278.545333333
290.195333333
279.5285
278.6785
292.9035
279.521666667
278.688333333
291.388333333
279.457333333
278.790666667
293.040666667
279.927
279.502
294.202
279.684666667
279.401333333
296.018
279.976333333
279.909666667
297.343
280.0135
280.6885
296.8385
280.39
281.106666667
298.773333333
280.512
281.795333333
298.878666667
280.5115
281.9865
298.0365
280.674333333
282.841
298.457666667
280.714666667
283.198
297.931333333
281.076
283.601
297.101
281.009333333
283.942666667
296.676
281.263666667
284.330333333
295.947
281.2665
283.9165
295.3415
281.604666667
284.571333333
294.571333333
281.691333333
284.424666667
293.924666667
282.0555
284.2805
291.1555
282.049666667
284.133
291.216333333
282.321333333
283.988
289.154666667
282.3145
283.3645
288.6145
282.679
283.379
286.045666667
282.765
282.915
284.998333333
282.768
283.068
286.068
282.881666667
282.398333333
284.315
282.912333333
282.345666667
284.679
283.9405
284.478
286.1655
283.638666667
283.697
286.155333333
284.334333333
285.101
287.267666667
284.7435
285.4685
287.731
285.534666667
287.218
289.059666667
286.039333333
287.931
289.739333333
286.112
287.962
288.5245
286.760666667
288.902333333
289.835666667
286.977333333
289.160666667
289.252333333
285.8735
287.7985
287.236
286.530333333
288.597
287.130333333
285.866666667
287.775
285.591666667
284.831
286.3685
284.2685
284.291333333
285.741333333
282.658
283.379666667
284.529666667
281.263
283.2075
284.4825
281.4075
282.049333333
282.882666667
279.499333333
281.630666667
282.447333333
279.130666667
281.4925
281.9425
279.4675
280.980333333
281.530333333
278.863666667
280.748666667
281.048666667
278.965333333
281.086
281.486
282.586
280.664666667
280.698
281.514666667
280.812333333
280.829
283.962333333
282.9455
284.8955
284.9955
282.431333333
283.714666667
287.914666667
283.902666667
286.469333333
289.419333333
284.097
285.697
288.747
285.994
289.627333333
290.977333333
286.614
290.030666667
291.030666667
286.071
289.246
290.221
287.078666667
290.045333333
290.562
286.923333333
289.656666667
290.04
285.5435
288.6185
287.5185
285.796333333
288.446333333
287.663
284.824666667
287.624666667
285.808
285.0585
286.6835
285.1835
283.685
285.901666667
282.918333333
283.517
285.000333333
281.883666667
282.511
284.886
282.311
282.622333333
283.722333333
280.789
281.895666667
283.345666667
280.729
282.316
283.441
280.966
281.207
282.907
280.807
281.245
282.845
280.945
281.302
282.702
284.627
281.333666667
282.667
283.583666667
281.384333333
282.551
286.084333333
282.541
283.691
288.766
282.223
283.156333333
291.206333333
283.011
283.877666667
293.827666667
282.8615
283.9865
294.4865
283.962
284.912
297.762
284.125
285.225
299.075
283.1465
284.6215
297.7965
283.69
285.24
299.973333333
283.092
284.942
299.558666667
283.0195
285.1445
295.9695
282.246333333
284.679666667
296.613
281.998666667
284.715333333
294.082
281.768
283.393
294.343
281.514666667
283.881333333
290.881333333
281.278333333
283.011666667
290.211666667
281.2035
283.0035
289.5785
280.913333333
281.846666667
288.896666667
280.784666667
281.551333333
288.251333333
280.6215
281.8715
288.1965
280.504333333
281.371
287.354333333
280.352666667
281.486
287.102666667
280.362
281.562
290.087
280.156666667
281.69
288.756666667
280.112333333
281.779
290.662333333
280.847782684
283.1345
292.1845
281.168
282.801333333
294.218
281.218
283.734666667
295.868
281.218
283.823
296.673
282.63
285.038
298.604666667
281.528
285.408
299.691333333
282.64
284.769
298.694
281.77
285.475333333
300.475333333
281.77
285.172666667
300.172666667
281.77
285.023
298.998
281.77
284.669333333
298.986
282.21
284.468666667
298.102
282.01
284.2495
296.7995
282.118
284.055
296.055
281.98
283.842
294.892
281.979
283.072
293.297
281.979
283.044666667
292.278
282.076
282.460333333
290.827
282.076
282.2255
290.8255
282.076
281.524666667
288.891333333
282.372
281.173333333
288.406666667
282.372
281.5745
291.1995
281.96
280.972333333
289.622333333
281.95
281.122666667
291.322666667
282.220241817
283.2835
293.0835
282.380333333
282.763666667
294.763666667
282.987666667
284.254333333
296.504333333
283.586
284.711
296.736
284.196333333
286.546333333
298.979666667
284.797666667
287.347666667
299.714333333
284.74
287.465
299.14
285.561
288.494333333
300.311
285.723
288.839666667
300.173
284.7015
287.5765
297.7515
285.258
288.458
298.374666667
284.631
287.731
296.714333333
284.45
287.375
296.1
283.674333333
286.524333333
294.091
283.344666667
286.044666667
293.128
282.9775
285.0525
292.9775
282.660333333
284.743666667
291.743666667
282.305666667
283.922333333
291.322333333
281.483
283.3325
291.808
281.284333333
282.434
291.084333333
280.617666667
281.767
291.267666667
280.734
281.859
293.459
279.806333333
280.939
292.973
279.661666667
280.778
294.495
281.022
282.3965
295.022
280.375666667
281.642333333
296.875666667
281.234333333
282.667666667
297.734333333
281.074
282.624
297.124
282.272333333
284.005666667
298.472333333
282.451666667
284.318333333
298.351666667
281.8965
283.3965
297.7215
282.320666667
284.120666667
297.770666667
282.010333333
283.610333333
297.310333333
281.826
283.276
296.876
281.473666667
282.707
296.407
281.247333333
282.314
295.964
280.973
281.973
295.398
280.762666667
281.562666667
294.996
280.504333333
281.204333333
294.471
280.439
280.789
294.439
280.116333333
280.449666667
293.749666667
279.986666667
280.053333333
293.553333333
279.407
279.482
293.382
279.427333333
279.144
293.177333333
278.997666667
278.631
292.997666667
278.9055
278.9555
294.7055
278.363333333
278.163333333
293.896666667
278.158666667
278.208666667
294.975333333
280.589
280.914
295.314
279.506
280.072666667
296.639333333
281.058
281.891333333
297.224666667
280.7085
280.5335
297.3835
282.894333333
283.411
298.111
283.178666667
283.112
298.412
282.89
282.39
297.715
283.365333333
282.232
298.348666667
283.267666667
281.651
297.984333333
281.8895
281.4145
297.4145
282.218666667
280.718666667
297.118666667
281.267333333
280.367333333
296.617333333
280.2795
279.8545
296.4795
279.340333333
279.557
295.857
278.364666667
279.098
295.598
278.1715
278.4715
295.3465
276.935
278.068333333
295.085
276.481
277.497666667
294.831
276.4695
277.5445
294.5445
275.868
276.768
294.301333333
275.709
276.609
294.025666667
276.803
277.278
295.703
276.226333333
276.843
294.776333333
276.902666667
277.236
295.802666667
278.1705
278.8455
297.1955
278.649666667
278.833
298.099666667
279.720333333
280.037
299.370333333
280.2435
281.1935
300.0185
281.496666667
282.413333333
301.496666667
282.202333333
283.585666667
302.352333333
281.5765
283.1265
301.3265
282.726
284.842666667
302.809333333
282.544
284.927333333
302.410666667
282.0125
283.7375
300.7375
281.947
284.247
300.763666667
281.532
283.482
299.515333333
281.0205
282.6455
299.6955
280.637666667
281.904333333
297.971
280.158333333
281.091666667
297.675
280.007
281.182
297.232
279.418333333
280.068333333
296.985
279.157666667
279.857666667
296.591
279.1435
278.8185
296.1685
278.800666667
278.884
295.784
278.704333333
278.121
295.371
278.909
279.009
297.084
278.712333333
277.695666667
295.962333333
278.816666667
278.033333333
296.966666667
279.678
280.378
297.503
279.53
280.046666667
298.663333333
280.139
281.722333333
299.355666667
278.793
279.418
297.768
280.053666667
282.420333333
299.220333333
279.359333333
281.442666667
298.392666667
279.479
282.704
296.854
278.513333333
280.98
296.263333333
278.361666667
281.495
294.961666667
278.3015
280.7515
293.4265
278.119333333
281.686
292.202666667
278.028666667
281.362
290.745333333
277.009
280.909
290.359
277.228
280.628
288.544666667
276.518
280.218
287.801333333
277.431
279.606
287.181
276.18
279.263333333
286.396666667
276.552
278.718666667
285.735333333
276.451
278.401
285.476
276.980666667
277.780666667
284.680666667
277.037333333
277.387333333
284.287333333
277.17
278.445
285.645
277.201333333
277.568
284.668
277.308666667
278.142
285.442
278.554
279.929
286.429
278.282
280.098666667
287.132
279.148
281.481333333
288.048
279.328
281.528
288.403
280.422666667
283.356
289.506
280.831333333
283.848
290.048
281.0135
283.5385
289.5635
281.497666667
284.297666667
290.447666667
281.755333333
284.255333333
290.305333333
280.5945
282.9945
288.4445
281.325
283.358333333
288.875
280.637
282.503666667
287.587
279.267
280.942
288.392
278.806333333
280.323
286.406333333
277.663666667
278.997
286.513666667
277.5555
279.4555
286.3055
276.068
277.534666667
286.518
275.615
277.398333333
286.415
275.2645
276.6645
285.7145
274.777333333
276.727333333
285.810666667
274.392666667
276.192666667
285.309333333
274.9645
276.8645
285.5395
274.261
275.927666667
284.794333333
274.514
276.197333333
284.780666667
277.2235
279.2735
285.0735
276.657666667
278.607666667
284.957666667
278.548333333
280.748333333
285.148333333
279.015
281.115
285.49
281.380333333
283.847
285.630333333
282.321666667
284.805
285.921666667
282.391
284.3035
286.041
283.623
285.748
286.389666667
283.983
285.733
286.566333333
282.7115
284.6365
286.837
283.615333333
284.982
286.982333333
282.887666667
284.246
287.221666667
282.0635
282.626
287.4385
281.368
282.184666667
287.685333333
280.576
280.859333333
287.909666667
279.4045
281.2795
288.205
278.739
279.372333333
288.405666667
277.694
279.210666667
288.677333333
277.4785
279.4535
289.9535
276.157
279.157
289.890333333
275.665
279.265
290.831666667
276.5475
279.3475
291.3975
275.597333333
279.464
292.464
276.021666667
279.555
293.155
278.593
280.818
294.443
278.301666667
280.518333333
294.935
280.157333333
281.390666667
296.024
279.99
282.29
296.69
282.52
283.153333333
297.92
283.027
284.043666667
298.727
282.9555
283.7805
297.9055
283.655333333
285.055333333
299.255333333
283.776666667
285.176666667
298.976666667
282.322
283.572
298.047
282.968666667
284.268666667
297.985333333
282.039333333
283.239333333
297.272666667
280.7685
282.4435
297.2435
279.953
281.336333333
296.303
278.796
280.462666667
296.046
278.5925
280.9425
295.6925
277.117666667
279.617666667
295.467666667
276.596333333
279.646333333
295.146333333
276.3195
279.5945
294.9445
275.716666667
279.65
294.583333333
275.358333333
279.625
294.341666667
276.0845
280.2095
296.0095
275.364666667
279.981333333
295.131333333
275.729333333
280.362666667
296.162666667
279.2625
281.6375
297.3125
278.571
281.721
298.304333333
281.048
282.698
299.414666667
280.9555
282.9055
299.6305
284.289
284.139
301.039
285.053
284.603
301.553
284.6015
284.4515
300.9265
285.770666667
285.120666667
301.820666667
285.724333333
285.174333333
301.574333333
284.113
283.988
299.988
284.588333333
284.455
300.188333333
283.498666667
283.682
299.048666667
281.991
282.516
299.266
281.040666667
281.874
297.674
279.672333333
280.839
297.439
279.5295
280.4795
297.0545
277.752666667
279.219333333
296.869333333
277.201333333
278.634666667
296.534666667
276.926
279.051
296.051
276.282666667
278.132666667
295.766
275.915333333
278.215333333
295.332
276.6775
278.8025
296.7775
275.933666667
278.717
295.717
276.319333333
279.136
296.536
279.832
281.707
297.782
279.175333333
281.408666667
298.458666667
281.645666667
283.262333333
299.562333333
281.287
283.512
299.112
284.700333333
285.900333333
300.733666667
285.284666667
286.684666667
300.801333333
285.0195
286.1695
300.4695
285.887
287.387
300.670333333
285.905
287.305
300.471666667
284.063
284.863
299.088
284.701
285.567666667
299.284333333
283.479
283.912333333
298.295666667
281.9845
283.1845
298.6345
280.853333333
281.22
297.203333333
279.449666667
280.183
297.099666667
279.5785
280.2035
296.5535
277.664
278.814
296.597333333
277.282
278.482
296.198666667
277.2985
278.0235
295.6485
276.783666667
277.733666667
295.300333333
276.667333333
277.317333333
294.800666667
277.292
278.267
296.242
276.928666667
277.395333333
295.095333333
277.306333333
277.889666667
295.889666667
280.344
280.819
297.194
279.835
280.501666667
297.818333333
281.986
282.619333333
298.952666667
281.974
282.824
299.674
284.846
285.579333333
300.946
285.555
286.421666667
301.805
285.2495
286.274
298.8495
286.296666667
287.446333333
300.98
286.329333333
287.628666667
299.296
284.883
286.108
297.708
285.408666667
286.858
295.992
284.455333333
285.905
294.372
282.7085
284.508
293.5835
282.019666667
283.703
291.686333333
280.537333333
282.454
290.620666667
280.8905
281.8905
289.5155
278.796333333
280.413
288.463
278.537666667
279.621
287.371
278.522
279.547
286.897
278.182333333
278.515666667
285.599
278.085666667
278.202333333
284.919
278.951
279.651
286.201
278.533666667
278.750333333
284.867
279.078333333
279.611666667
285.495
281.4255
281.6005
287.3005
281.369333333
282.086
287.536
283.115666667
283.699
288.949
281.6425
283.4675
289.8425
284.462
285.695333333
291.428666667
284.062
286.078666667
292.495333333
282.7315
285.4065
291.7065
282.641666667
286.141666667
293.391666667
281.621333333
285.821333333
293.221333333
281.919
284.319
290.869
280.459333333
284.392666667
291.426
280.317666667
283.284333333
289.801
280.366
283.666
289.391
280.161
282.061
287.361
280.146
281.946
286.546
279.5375
281.4625
285.8625
279.720333333
281.470333333
285.003666667
279.309666667
281.109666667
284.276333333
278.9375
280.2875
284.5625
278.514
280.080666667
283.497333333
278.129
279.412333333
283.445666667
278.6995
279.9495
286.1995
277.996
278.879333333
285.212666667
278.248
279.014666667
287.031333333
278.8365
280.1865
288.1865
278.976333333
279.976333333
290.226333333
279.452666667
280.802666667
291.602666667
279.152
279.852
292.327
279.887333333
281.270666667
293.920666667
279.845666667
280.912333333
294.862333333
280.107
282.132
294.357
279.964333333
281.247666667
295.781
280.124666667
281.941333333
295.758
279.6385
280.8385
293.7635
280.014333333
282.131
294.397666667
279.743666667
281.627
293.060333333
279.3135
281.2635
292.9385
279.096
280.712666667
291.196
278.719
280.302333333
290.669
278.43
280.355
290.03
278.023666667
279.790333333
289.540333333
277.705333333
279.688666667
288.938666667
277.2935
279.4435
289.2935
277.006333333
279.389666667
288.373
276.625666667
279.192333333
288.409
277.561
279.736
290.336
276.741666667
279.291666667
289.741666667
277.238333333
279.588333333
291.038333333
278.539
281.114
293.139
278.767666667
281.001
294.167666667
279.800333333
282.117
296.000333333
278.401
282.251
296.051
280.244333333
283.694333333
298.477666667
279.655666667
284.155666667
299.122333333
280.062
283.612
298.087
279.141666667
284.408333333
299.291666667
279.216333333
284.199666667
298.816333333
279.345
283.92
297.945
279.401666667
283.735
297.601666667
279.512333333
283.479
296.862333333
278.748
282.398
296.573
279.150333333
282.417
295.683666667
278.677666667
281.611
295.244333333
278.7095
281.6095
295.0095
278.068666667
280.535333333
294.502
277.932333333
280.265666667
294.199
277.745
280.07
294.345
277.625666667
279.775666667
293.892333333
277.455333333
279.555333333
293.888666667
277.7115
280.2365
293.2365
277.399
279.715666667
293.449
277.513
280.096333333
293.013
278.5535
281.5535
293.7035
278.358666667
281.575333333
292.892
279.090333333
282.673666667
293.207
278.447
282.247
294.297
279.637
283.853666667
294.353666667
279.452
283.935333333
295.185333333
279.463
282.688
293.588
279.212666667
283.212666667
295.229333333
279.158333333
282.408333333
294.441666667
279.0315
281.4565
293.0815
279.001333333
280.701333333
292.484666667
278.898666667
279.798666667
291.315333333
278.7445
279.4445
291.6195
278.659
278.359
289.959
278.522
277.822
289.772
278.3805
278.4055
289.1805
278.245
277.495
289.128333333
278.105
277.705
288.671666667
277.6765
276.6515
288.2515
277.632666667
277.282666667
287.782666667
277.300333333
276.650333333
287.350333333
278.093
277.768
288.243
277.385666667
276.552333333
287.369
277.803333333
277.086666667
287.82
279.34
279.29
289.015
279.384666667
279.268
289.218
280.548333333
280.915
290.165
280.4895
280.1395
290.5145
282.060666667
282.594
291.660666667
282.409333333
282.626
292.209333333
282.5045
282.4545
291.6045
282.937666667
282.554333333
292.537666667
283.117333333
282.450666667
292.317333333
281.573
281.948
290.548
282.327333333
281.977333333
290.844
281.357666667
281.607666667
289.591
280.1285
280.6035
289.7785
279.245333333
280.445333333
288.045333333
278.102666667
279.652666667
287.752666667
277.8925
279.3175
287.2175
276.439
278.372333333
287.005666667
275.918
277.884666667
286.551333333
275.8755
277.4755
285.6755
275.195
276.961666667
285.361666667
274.993
276.526333333
284.626333333
276.2765
277.5265
287.5765
275.579333333
276.612666667
285.612666667
276.367666667
277.134333333
287.334333333
278.427
279.477
288.427
278.791666667
279.391666667
290.358333333
280.427333333
281.127333333
291.660666667
280.2045
281.1795
292.4295
282.459666667
283.476333333
293.909666667
282.856333333
284.089666667
294.856333333
282.7445
283.9695
294.2695
283.310666667
284.827333333
295.727333333
283.368333333
284.951666667
295.651666667
