287.15
287.04
303.34
288.78
287.49
305.35
290.37
287.54
306.46
290.96
288.45
307.59
291.54
289.26
308.69
292.53
289.63
309.55
293.33
290.45
309.62
293.53
290.8
310.15
293.93
292.34
309.75
294.3
293.82
308.9
293.92
293.27
307.55
293.93
293.7
305.15
293.14
293.46
303.65
291.77
292.15
303.02
290.17
290.93
302.9
289.17
289.15
301.9
288.17
288.17
301.52
287.69
287.74
301.08
286.91
286.96
300.72
286.93
286.67
300.75
285.89
286.74
300.55
285.63
287.16
299.84
284.89
287.03
300.28
284.53
287.15
301.46
285.92
288.03
303.59
287.14
288.03
305.72
289.13
289.13
307.42
291.14
292.26
309.03
290.95
293.04
310.22
292.58
294.92
311.02
293.57
295.14
311.02
294.77
295.75
311.42
295.16
298.15
311.22
295.59
298.26
310.08
296.57
298.37
308.02
296.57
297.37
306.09
294.97
296.14
304.65
293.93
296.03
303.65
292.16
293.38
303.08
290.13
291.09
302.55
289.68
289.26
301.81
288.65
288.24
301.65
288.4
287.24
301.46
287.89
286.78
301.15
286.65
286.44
300.48
286.65
285.88
299.72
286.15
284.64
300.03
284.72
284.64
301.44
286.76
286.36
304.02
289.15
287.84
305.41
290.37
289.7
306.5
291.94
290.84
308.02
293.52
293.32
308.59
293.94
294.64
308.84
295.34
295.59
309.09
296.14
297.04
308.68
297.13
298.55
308.02
297.34
299.92
307.4
297.13
300.25
306.15
296.57
300.25
304.59
296.34
299.47
303.52
295.14
297.92
302.87
293.38
295.37
301.95
292.19
293.24
300.96
291.42
292.14
300.52
290.68
290.94
300.09
289.92
289.84
299.75
289.42
288.84
299.46
288.92
288.34
299.21
288.65
287.83
298.78
288.92
287.48
298.84
288.16
287.16
300.22
288.55
288.25
301.48
290.75
289.43
302.46
291.97
290.26
303.9
293.14
291.14
304.77
294.13
294.03
305.59
295.52
295.47
305.82
296.16
295.74
306.02
296.58
296.59
306.08
297.16
297.15
306.15
297.37
298.64
305.55
297.57
299.03
303.9
297.19
298.92
302.02
296.16
296.04
300.95
294.76
295.93
300.84
292.76
292.95
299.21
290.88
291.64
298.21
289.9
290.18
297.71
289.13
289.49
297.15
288.38
288.59
296.21
287.38
288.48
295.96
286.9
287.92
295.4
286.11
286.33
295.02
285.61
286.33
296.59
286.33
286.73
298.77
288.93
289.92
300.4
290.93
290.03
301.39
292.33
291.44
303.15
293.56
293.45
304.02
294.78
295.15
304.68
295.99
296.94
305.08
296.8
298.04
305.71
297.46
300.14
306.08
298.0
300.25
305.75
298.59
301.25
305.29
297.98
301.25
303.94
299.21
300.65
301.86
297.8
299.66
300.84
296.2
298.54
300.03
293.76
295.95
299.02
291.84
294.59
298.59
291.08
292.58
298.09
290.35
291.74
298.08
289.88
289.38
297.84
288.83
288.78
297.71
290.04
288.27
297.83
289.56
286.93
297.59
289.05
287.07
298.35
289.49
286.85
300.55
289.89
288.32
302.52
291.93
291.47
303.9
292.75
293.34
304.21
294.18
296.25
304.46
295.42
297.75
304.28
296.41
298.64
304.71
297.03
300.92
304.4
298.22
301.04
304.68
298.66
302.25
304.15
298.83
302.25
302.84
299.4
302.6
301.46
300.03
302.36
300.28
298.61
300.94
299.22
296.19
299.24
298.03
294.79
297.04
296.75
292.12
295.53
296.33
291.37
294.13
296.21
290.89
293.14
296.02
291.07
291.51
295.9
291.31
291.52
295.96
289.81
290.42
295.71
289.81
289.53
295.71
289.55
288.93
296.15
290.36
289.16
296.09
290.78
290.03
296.15
291.93
292.73
296.29
293.37
295.75
296.84
295.19
296.91
297.4
297.22
299.92
297.27
298.69
300.23
297.47
294.15
303.15
296.5
300.07
303.36
298.52
300.95
303.69
299.15
301.13
303.66
299.58
301.36
303.57
299.35
301.11
302.26
298.35
299.31
301.61
297.97
296.51
300.45
297.08
294.634
294.934
296.034
290.17
296.39
296.59
289.06
295.03
296.4
292.1
294.43
296.08
291.4
292.53
296.15
291.14
292.42
296.15
290.85
291.69
295.68
290.31
290.93
295.65
289.51
290.63
295.65
290.58
289.93
297.47
291.29
292.02
299.01
292.34
293.8
300.36
294.2
296.03
301.48
295.42
299.25
302.88
296.83
299.44
303.95
297.88
300.75
304.84
298.65
303.23
305.02
299.69
304.35
305.21
300.31
305.7
305.28
300.45
305.85
305.02
301.03
305.85
303.59
300.01
305.7
301.52
298.99
304.48
300.59
297.21
301.86
299.84
294.98
299.44
299.65
292.41
298.05
298.9
291.15
296.65
298.53
291.15
294.24
298.09
290.67
293.33
297.72
290.41
292.13
297.15
291.15
291.43
296.65
290.11
290.34
296.46
289.07
289.75
297.59
288.92
289.72
299.96
289.28
289.72
301.9
290.72
293.14
302.57
292.37
295.47
304.78
293.37
299.37
305.53
294.38
300.71
306.28
295.2
300.59
306.62
296.22
302.34
306.82
296.96
304.26
307.08
297.42
305.26
307.08
297.62
305.26
306.09
297.63
305.44
304.75
297.03
304.38
302.59
296.83
302.83
301.4
295.02
299.92
300.68
292.99
296.83
300.03
291.67
294.33
299.59
291.14
292.23
298.68
290.84
291.03
298.52
290.09
289.81
297.77
289.61
288.92
297.71
289.42
288.48
297.27
288.9
287.26
296.55
288.42
287.15
297.96
287.93
286.74
300.15
288.75
287.24
302.28
289.13
288.71
302.49
290.36
290.15
305.65
291.34
291.26
306.78
292.58
294.65
307.36
293.32
294.7
307.82
294.34
296.38
308.02
294.92
297.94
308.28
295.36
299.45
307.84
295.52
300.48
306.62
295.52
300.48
305.46
294.52
299.62
304.55
293.94
299.03
303.59
292.57
296.55
302.71
291.16
294.04
301.95
290.13
292.74
301.46
290.13
291.94
301.08
289.13
291.04
301.08
289.13
289.59
300.4
288.65
289.44
300.15
287.61
288.65
300.22
287.65
288.04
299.9
287.16
287.74
300.15
286.9
286.8
301.08
287.14
287.35
302.95
288.53
288.85
303.08
290.18
290.64
305.61
291.74
292.64
307.69
293.16
293.94
308.69
294.0
295.84
309.15
295.78
297.34
309.15
297.0
298.93
309.3
297.6
300.16
308.51
298.4
300.04
307.35
298.2
300.03
304.27
297.4
299.25
302.77
295.99
297.85
301.55
293.8
296.05
300.2
291.97
294.15
299.07
290.15
293.35
298.58
290.12
291.84
298.4
289.39
290.74
298.14
289.18
289.94
297.77
288.4
289.44
297.52
287.92
289.15
297.29
287.13
287.94
296.95
287.11
287.37
297.08
286.93
286.94
298.08
286.91
287.35
299.34
288.92
288.54
300.48
290.73
289.84
301.27
292.74
293.24
303.09
293.76
295.01
304.15
295.78
296.93
305.08
296.8
297.75
305.51
297.42
299.74
304.46
297.86
300.44
303.09
297.82
301.71
301.9
297.61
301.56
300.81
297.61
300.51
300.22
296.61
299.76
299.55
294.61
297.89
299.34
292.38
295.89
298.65
290.86
293.37
298.15
290.39
292.24
297.84
290.62
291.97
297.52
289.36
291.34
297.4
288.65
290.82
297.46
288.39
289.54
297.4
288.09
287.94
297.21
287.84
287.44
297.15
287.92
287.55
297.62
288.91
288.05
299.03
290.12
289.32
299.08
291.61
291.69
301.35
292.89
295.01
302.08
294.37
296.69
303.22
295.79
298.01
303.9
297.05
299.7
304.28
297.8
300.65
304.62
298.46
301.85
304.42
298.82
302.85
303.59
298.44
302.57
302.36
298.23
302.44
300.48
296.8
301.7
299.71
294.99
299.35
299.14
293.35
296.7
298.15
291.63
294.49
297.46
291.2
293.68
296.84
290.65
292.48
296.4
289.62
291.54
296.21
289.41
289.44
296.33
289.14
289.46
296.15
288.15
288.44
296.27
287.83
288.14
296.95
287.52
287.93
298.65
287.92
288.43
300.02
290.12
290.69
300.81
292.14
292.43
300.95
293.37
294.47
302.88
295.56
296.84
304.28
296.19
298.94
304.59
296.96
300.7
305.37
299.0
302.14
305.22
299.61
303.35
305.21
298.97
304.16
304.72
299.81
303.55
303.29
297.71
302.93
301.84
298.19
300.91
300.88
295.96
299.55
300.08
293.41
297.04
299.28
292.67
295.24
298.59
292.16
293.73
298.15
290.87
292.64
297.59
290.14
291.19
297.27
289.38
290.14
296.58
289.15
289.84
296.51
288.38
289.04
296.4
288.12
288.56
297.4
287.51
287.84
299.76
287.92
288.14
302.08
289.75
289.14
302.57
291.33
290.76
305.48
293.33
295.48
306.07
294.6
295.15
307.43
296.32
297.24
307.69
297.89
298.93
307.81
298.81
300.74
308.86
300.0
302.25
309.07
300.02
303.14
307.71
300.19
303.54
306.48
299.22
303.26
304.75
298.0
300.61
303.84
295.6
298.94
303.49
293.36
296.04
302.27
292.12
294.33
301.84
291.4
292.83
300.96
290.12
291.94
300.4
290.12
291.36
299.9
289.12
290.03
299.65
288.63
288.87
299.21
288.12
288.63
299.27
287.36
288.04
300.35
287.12
286.7
300.84
287.32
287.34
302.02
288.31
288.44
303.42
290.38
289.46
304.95
291.92
291.06
305.88
293.29
293.41
305.88
295.46
294.84
308.21
296.1
296.96
309.34
297.11
297.63
309.95
297.72
297.74
309.8
297.88
298.26
309.02
297.41
298.25
307.03
295.89
297.46
304.87
294.4
295.85
303.56
293.46
293.54
302.22
291.61
292.22
301.88
289.89
290.61
301.55
288.41
288.93
300.76
288.66
288.23
299.89
288.41
287.62
299.15
288.4
287.81
298.84
287.95
287.73
298.47
287.14
287.47
298.09
287.42
287.44
298.27
287.78
287.26
299.81
288.15
287.36
302.2
288.75
287.71
304.2
289.75
288.81
305.78
290.76
290.48
306.88
291.61
291.13
306.9
292.39
292.85
308.15
293.99
294.61
308.09
294.98
295.26
305.82
294.8
296.83
301.72
294.98
296.62
300.96
294.38
297.47
300.16
293.81
296.16
299.02
292.58
293.67
298.48
291.98
291.26
298.08
291.8
290.35
297.95
291.39
289.65
297.75
290.43
289.14
297.59
289.17
288.94
297.55
288.9
288.54
297.42
288.66
288.73
297.42
288.39
288.92
297.59
288.65
288.74
297.95
288.65
288.64
298.02
288.73
288.63
298.29
289.15
289.14
298.72
289.56
289.59
300.21
290.98
290.37
301.22
291.6
291.58
301.46
292.59
292.22
302.01
292.77
292.74
302.41
293.58
293.4
303.68
293.38
293.75
304.28
293.97
294.8
304.48
294.14
294.71
304.62
294.38
294.37
304.72
293.59
292.78
302.65
292.99
291.68
301.15
291.18
291.16
300.47
289.96
289.96
300.04
288.62
289.34
299.41
288.65
288.53
299.28
288.41
287.52
298.97
287.88
287.0
299.22
286.91
287.46
299.4
286.88
287.01
297.88
287.15
286.66
296.41
286.92
286.57
296.52
286.11
286.11
297.09
286.5
286.19
298.28
287.73
287.83
299.75
288.75
289.03
302.01
289.96
289.93
302.57
291.37
291.65
304.54
292.17
292.64
305.34
292.78
292.7
305.28
293.17
293.84
305.56
293.19
294.25
305.65
293.79
294.81
305.66
293.2
295.04
305.08
292.99
294.79
303.53
292.6
293.38
301.96
290.41
291.08
301.03
289.21
289.77
300.65
288.42
288.84
300.4
287.91
288.03
300.52
287.86
287.42
300.65
287.62
286.2
300.68
286.13
285.19
300.4
285.65
284.32
299.9
284.92
283.68
299.65
284.43
283.3
299.28
284.13
283.38
299.68
285.69
284.86
300.15
287.95
288.02
300.95
289.96
291.05
302.88
291.19
291.81
304.08
292.2
293.44
305.0
293.39
294.04
305.52
294.2
295.45
306.27
295.17
296.55
307.15
295.6
297.26
307.41
295.42
297.75
307.14
295.8
297.82
306.75
295.6
297.38
304.88
294.41
296.16
303.42
292.43
293.48
302.85
290.6
291.37
302.78
289.67
290.85
303.09
289.13
289.94
302.75
287.053
285.503
300.953
287.053
285.503
300.953
287.053
285.503
300.953
287.15
285.95
299.79
286.41
285.69
299.41
286.6
284.79
299.34
286.7
284.89
299.77
287.28
286.6
301.72
288.53
289.13
303.71
289.39
290.93
305.15
290.43
292.43
305.61
291.65
294.04
305.58
292.21
295.15
305.6
293.82
296.71
306.21
294.8
297.45
307.02
295.18
298.6
307.08
295.39
298.59
307.15
295.61
298.34
306.65
294.63
297.27
305.55
293.83
296.07
304.62
292.42
293.24
303.27
291.39
291.74
303.41
290.66
291.53
303.28
289.91
290.73
302.82
289.68
290.7
302.34
288.95
289.65
301.62
288.68
289.54
300.48
288.66
288.94
298.82
288.38
288.74
297.03
288.38
288.14
296.69
287.53
288.13
296.82
287.93
288.8
297.42
289.77
289.23
298.95
290.98
289.83
301.96
292.41
290.83
303.54
293.41
292.13
304.42
294.2
293.13
304.44
294.59
294.25
304.42
295.41
295.03
303.65
296.03
296.14
303.36
296.22
296.7
302.22
296.14
297.14
301.15
295.22
296.49
299.84
294.41
295.71
299.21
292.6
293.15
298.35
291.18
291.66
298.07
290.91
290.35
297.58
289.63
289.15
297.42
288.89
288.24
297.35
288.44
287.13
297.21
287.89
286.82
296.93
287.64
285.67
297.15
287.13
285.61
297.15
286.88
285.61
297.5
286.3
285.41
298.22
286.9
286.3
300.08
288.13
288.53
302.08
290.15
289.22
303.21
290.98
290.58
304.29
291.78
292.02
304.82
292.57
292.53
304.08
293.17
293.34
303.09
293.99
294.85
302.76
294.37
295.14
303.61
294.6
295.71
304.15
295.23
295.94
303.84
294.62
295.26
302.15
293.42
294.7
300.81
292.19
293.68
300.22
290.99
292.9
299.75
289.89
291.81
299.72
289.13
290.8
298.96
288.91
289.93
298.62
288.42
289.44
298.84
287.91
289.13
298.34
287.62
288.63
298.21
287.35
288.47
298.09
287.63
288.26
298.27
287.76
287.94
300.14
288.56
288.37
302.39
289.75
289.03
304.0
290.75
290.34
305.57
291.38
291.74
306.64
291.98
293.04
308.02
292.59
294.35
308.93
294.0
295.81
309.49
294.2
296.26
309.44
294.79
296.69
308.64
294.78
297.02
307.59
294.41
297.15
306.55
294.42
296.15
304.97
293.23
294.96
304.28
291.02
292.52
303.41
289.77
291.26
303.23
288.63
289.65
302.53
288.36
288.46
301.97
287.65
287.83
301.41
287.13
287.32
300.4
286.89
286.51
300.09
285.93
285.52
299.52
286.18
284.99
299.09
285.66
284.71
299.02
286.53
284.39
299.81
286.73
285.17
302.58
287.75
287.31
303.58
289.17
289.32
305.54
290.98
290.81
306.61
292.39
292.63
307.41
293.21
294.35
308.79
294.61
295.25
308.96
294.81
295.84
308.9
295.25
296.25
308.95
295.42
296.47
307.96
295.82
297.15
306.87
295.24
296.61
305.66
294.06
294.18
304.23
291.84
292.78
302.68
290.98
291.74
302.73
289.89
290.65
302.04
288.9
289.94
301.23
288.67
289.12
300.54
287.66
288.32
300.09
286.66
288.12
299.53
286.93
287.01
298.72
286.18
286.62
298.34
285.16
286.11
298.46
285.55
285.69
299.74
286.5
286.5
302.65
288.72
289.85
304.42
290.93
290.95
305.77
291.06
290.66
305.75
293.15
292.79
305.37
294.79
295.52
306.4
296.02
297.04
306.82
297.22
298.34
307.15
297.43
299.15
307.22
297.64
300.26
306.89
297.86
299.94
306.09
297.45
299.28
303.96
295.67
297.73
302.63
293.07
295.17
302.34
291.81
294.24
302.02
290.18
293.24
301.69
289.93
291.82
300.75
289.44
291.5
300.69
288.69
289.59
299.89
288.45
288.49
298.78
287.69
288.2
298.47
287.45
287.3
298.16
286.9
286.92
298.15
286.97
286.71
300.45
288.48
288.69
303.0
290.91
291.8
304.61
293.36
293.71
305.35
295.01
296.13
306.75
297.02
298.13
307.35
297.81
299.58
307.71
298.84
301.15
308.59
299.65
302.04
308.78
301.02
302.85
308.78
300.84
303.38
308.41
299.87
302.81
307.36
299.08
301.15
305.16
297.47
298.83
303.97
295.69
295.16
303.35
293.82
293.01
302.66
292.19
291.44
302.1
290.94
290.54
301.53
290.19
289.84
300.62
290.19
289.04
299.95
289.66
288.7
298.82
289.17
287.8
297.97
288.91
288.04
297.55
288.66
288.03
297.61
288.15
288.13
298.2
288.31
288.53
298.76
290.34
289.52
300.14
291.55
289.94
301.22
292.77
290.45
302.48
293.35
292.59
303.95
294.34
293.05
304.28
294.97
294.25
304.75
295.74
295.26
305.15
295.93
296.26
304.28
296.15
296.49
302.9
295.56
297.04
301.97
294.97
295.26
300.95
294.01
295.25
300.59
292.59
293.45
299.96
291.16
291.93
299.46
289.86
290.73
299.08
289.64
289.05
298.46
289.15
288.92
297.77
289.15
289.34
297.71
289.12
289.47
297.58
289.4
288.48
297.52
289.38
288.15
297.46
288.38
287.66
297.71
287.53
287.54
298.42
287.32
286.94
299.41
288.13
287.65
300.21
289.73
288.26
300.61
290.74
289.4
301.83
291.35
290.35
302.75
292.54
291.05
303.2
293.15
292.37
303.28
293.73
292.65
302.15
293.93
293.55
302.43
294.54
293.85
301.9
293.95
294.48
301.29
293.75
293.85
300.62
292.58
293.04
300.09
290.55
291.64
299.65
289.55
290.06
299.59
288.66
288.75
299.42
287.66
287.55
298.87
286.65
286.84
298.4
286.12
285.97
298.15
285.36
285.63
297.77
284.84
285.14
297.59
284.31
284.33
296.79
284.35
283.24
296.79
284.92
283.43
297.52
285.71
284.13
299.08
286.92
286.02
300.02
287.94
288.54
300.01
289.37
290.14
301.47
290.95
291.7
302.89
292.16
292.65
303.35
292.76
294.37
303.48
294.01
295.45
302.35
294.98
295.95
301.79
295.18
296.7
302.22
295.59
296.59
300.68
294.79
296.15
299.88
293.62
295.37
299.22
291.16
292.65
298.41
289.57
290.55
298.03
287.81
289.84
297.15
288.35
288.64
296.71
287.09
287.84
296.89
286.85
286.73
296.89
285.58
286.23
296.95
285.58
285.73
296.95
285.08
285.32
296.48
284.58
283.93
296.75
283.9
283.63
298.01
284.31
284.52
298.21
287.5
286.83
298.48
290.14
289.44
298.36
292.0
291.48
297.43
293.01
293.85
297.55
294.83
295.45
298.59
296.03
296.95
299.59
296.81
298.82
300.02
297.82
299.54
300.27
298.45
300.48
299.75
298.24
300.48
299.22
298.01
300.04
298.46
296.82
298.37
298.15
294.0
295.46
297.77
291.6
293.54
297.68
290.15
292.44
296.9
289.86
291.18
296.75
289.64
290.26
296.4
288.64
289.23
296.27
288.12
288.73
296.55
287.84
287.93
296.55
