284.92
285.01
290.37
284.12
285.06
290.15
284.06
284.64
289.9
284.59
284.23
290.45
285.46
283.73
292.73
284.61
283.96
295.31
285.25
283.61
296.96
286.91
283.52
298.8
288.37
283.94
299.63
288.74
284.42
300.27
289.19
285.4
300.39
289.54
285.77
300.91
289.78
286.08
301.05
290.21
286.27
300.9
290.57
286.49
300.64
290.66
286.12
300.1
290.17
286.14
299.2
288.98
285.55
297.72
288.11
285.07
296.75
287.22
284.71
296.43
286.68
284.65
295.78
286.35
284.46
295.23
286.02
284.35
294.82
285.55
284.26
294.51
284.99
284.34
294.23
285.68
284.26
293.95
285.58
284.15
293.87
285.31
284.1
294.15
284.62
284.21
295.08
284.57
284.34
295.92
285.36
284.83
297.24
286.5
285.83
298.59
287.78
286.73
299.34
288.62
287.99
300.05
289.04
288.58
300.19
289.91
288.83
301.12
289.56
288.94
301.68
289.63
289.22
301.98
290.13
289.14
301.8
290.91
288.92
301.0
290.68
288.96
299.95
290.51
288.35
299.03
289.63
287.33
298.44
288.64
286.21
298.24
287.3
285.48
297.74
287.76
284.91
297.5
286.51
284.62
296.88
287.38
284.53
296.45
287.17
284.22
295.98
287.02
284.16
295.4
286.86
284.15
294.6
286.6
284.05
293.98
285.81
284.2
293.53
285.67
284.58
292.98
285.87
285.38
294.54
286.06
286.38
296.72
286.23
287.38
297.9
287.25
287.93
298.76
287.87
288.56
299.71
288.27
288.67
299.97
288.95
289.59
299.91
289.26
289.84
300.23
289.62
289.68
300.12
289.77
289.63
300.07
289.69
289.73
299.26
289.31
289.36
299.03
288.05
288.23
298.58
288.0
287.41
298.24
287.46
287.14
298.05
287.24
286.65
297.54
287.14
286.33
297.3
287.07
285.69
296.76
287.01
285.71
296.77
286.86
285.7
296.12
286.68
285.36
296.12
286.47
285.13
296.14
286.4
285.19
296.27
286.2
285.624916914
297.107394453
286.6
285.33
297.02
287.24
285.61
297.87
287.91
286.24
299.24
288.63
286.522871139
299.522574801
289.3
287.79
300.63
289.82
289.01
301.12
290.73
289.71
301.88
291.01
289.859239608
301.915390335
291.42
290.51
302.05
291.41
290.96
301.66
291.18
290.76
301.28
290.99
289.93
300.63
290.31
289.36
300.48
289.48
288.23
300.33
288.54
287.11
300.08
287.94
286.73
299.5
286.6
285.75
299.03
286.26
285.6
298.5
286.74
285.31
298.17
285.74
285.09
297.98
285.1
285.05
297.69
285.15
284.48
297.57
285.22
284.7
298.08
284.86
284.747530708
298.525082448
286.01
284.95
298.9
287.02
285.65
300.24
288.04
286.76
300.85
289.03
287.008356926
301.016603169
290.01
288.07
301.64
290.67
288.76
302.07
291.38
289.22
302.3
291.96
289.287362339
302.308362772
291.88
289.58
302.34
292.28
289.64
302.01
292.03
289.26
301.33
291.52
288.25
300.58
290.5
287.92
300.31
289.1
286.22
299.98
288.41
285.4
299.6
287.88
285.13
299.05
287.38
284.78
298.42
286.06
284.31
298.26
285.97
284.22
298.2
285.42
283.79
298.14
285.19
283.78
298.09
285.03
283.65
298.06
285.09
283.58
298.26
284.61
283.629346528
298.851073279
285.18
284.29
297.94
285.35
285.16
298.14
285.83
285.55
299.18
285.73
285.734869363
299.125090727
285.69
286.61
298.9
286.31
287.38
298.53
286.61
288.07
298.57
287.33
288.038987472
298.604857584
287.47
287.9
298.74
287.46
288.18
298.02
287.47
287.15
296.64
288.1
286.7
296.0
286.61
285.85
295.85
284.89
285.38
294.48
284.26
284.59
292.97
283.71
283.7
292.67
283.44
283.45
293.27
283.17
282.65
293.72
282.84
282.55
293.44
282.81
282.6
292.82
282.75
282.2
291.93
282.61
281.54
291.95
282.42
281.61
291.77
282.29
282.20605848
292.071663158
283.2
283.08
292.06
284.46
284.62
292.08
285.16
285.35
292.55
285.71
285.580831663
293.338639399
286.49
286.61
296.4
287.02
288.15
298.58
287.64
288.77
299.66
287.67
288.877348243
299.733377606
287.89
289.34
300.01
288.12
288.28
298.56
287.45
287.49
295.99
287.08
286.63
294.36
286.55
285.89
293.63
285.76
285.26
292.79
284.93
284.37
292.34
284.38
283.67
292.5
284.11
283.05
292.47
283.93
282.73
292.47
283.5
282.83
292.18
283.01
282.81
292.12
282.74
282.24
292.06
282.88
282.11
292.07
282.45
282.43
292.71
282.33
282.738017939
293.408489484
282.61
283.03
294.55
282.86
284.32
296.27
283.09
285.56
297.54
283.4
285.767020462
298.108434638
283.98
286.76
300.47
284.6
288.68
302.18
285.08
288.91
303.3
285.57
288.895552636
303.342807692
286.0
288.83
303.51
286.58
287.74
302.47
286.69
286.39
300.88
286.7
286.22
299.75
285.99
285.73
299.37
285.32
285.86
298.94
284.93
285.92
298.61
284.97
285.62
298.38
284.73
285.4
297.96
284.74
285.35
297.65
284.42
285.35
297.09
283.82
285.0
294.81
283.65
284.89
293.22
283.59
284.19
292.52
283.6
284.38
292.99
282.91
284.609846154
294.660379547
283.89
284.77
295.56
285.11
285.73
298.96
286.3
286.01
301.16
287.38
286.123337917
301.45086373
288.63
286.61
302.54
289.01
287.37
303.36
290.17
288.13
303.49
290.59
288.79
302.9
290.77
289.39
302.62
290.55
289.47
301.14
290.96
289.65
298.62
290.68
288.85
297.15
289.93
287.71
296.43
288.62
286.44
295.67
286.33
285.16
295.41
285.47
284.76
295.11
284.96
283.93
294.77
284.23
283.17
293.79
283.75
282.22
293.04
283.08
281.74
292.81
282.29
280.62
293.02
283.24
280.47
293.47
282.23
280.55
293.38
282.17
281.518306504
293.399799331
284.34
283.56
294.59
287.02
286.5
296.61
288.3
287.93
298.06
289.42
288.281514537
298.447243243
290.66
289.89
299.98
291.08
291.41
300.82
291.95
292.25
301.49
292.43
292.443232891
301.578619809
293.16
293.3
301.92
293.17
293.65
300.96
292.84
293.72
299.49
293.23
292.62
297.53
292.09
290.95
296.88
290.46
289.13
296.62
287.56
287.96
295.98
286.38
286.99
296.46
285.94
285.1
296.29
285.31
284.62
295.75
284.84
283.99
295.66
284.4
283.58
295.42
284.4
282.94
295.37
284.02
282.71
295.68
283.79
283.5
296.84
283.99
284.301936829
297.482087866
286.2
286.13
298.89
288.58
289.82
301.0
290.78
291.43
302.18
292.42
291.749055118
301.913462957
293.2
293.31
300.79
294.15
295.8
298.13
295.41
297.16
296.23
295.28
297.34508979
295.688490082
295.07
298.18
293.58
295.21
297.89
293.19
294.97
297.52
293.0
294.55
296.72
292.64
293.64
294.82
292.89
292.21
293.08
292.76
290.37
291.21
292.7
289.38
289.94
292.78
288.86
288.74
292.56
288.48
288.09
292.65
288.33
287.54
292.84
288.9
286.99
293.02
288.42
286.65
292.79
288.2
285.94
292.8
287.91
285.93
293.13
287.17
286.473637838
293.802210582
288.03
287.72
293.95
289.57
289.82
295.2
290.54
291.18
296.39
291.56
291.500694491
296.70162406
292.63
293.02
297.98
293.74
294.92
299.09
294.15
295.9
299.61
293.84
295.990586446
299.595784579
292.19
296.4
299.54
290.8
294.94
299.15
290.48
294.08
297.82
289.6
292.95
296.78
289.01
291.75
296.36
288.34
289.63
296.0
287.69
288.56
295.82
287.27
287.99
295.39
287.1
287.93
295.3
286.98
287.88
294.95
286.92
287.53
294.88
286.85
287.33
294.89
286.75
286.98
294.84
286.62
287.06
295.1
286.95
286.82
295.27
286.52
286.891829475
295.169166322
287.42
286.76
295.86
287.76
287.17
296.26
288.32
287.8
295.97
289.64
287.992394175
295.818928027
290.88
288.82
295.25
291.84
290.28
294.92
292.07
291.22
294.84
291.71
291.494029851
294.952402443
291.64
292.66
295.37
291.6
292.79
294.73
291.19
292.55
294.62
290.7
291.46
294.22
290.2
290.75
294.01
289.62
289.65
293.92
288.94
288.78
293.82
288.55
288.2
293.65
288.26
287.46
293.57
287.75
286.97
293.54
287.72
286.54
293.41
287.72
286.0
293.31
287.53
285.63
293.07
287.42
285.16
293.13
287.56
285.55
293.59
287.4
287.25
294.14
287.66
288.95
295.36
288.81
290.62
296.87
290.05
292.22
298.46
291.99
293.68
299.44
292.41
295.12
300.08
293.86
296.43
300.79
294.5
297.64
300.61
295.26
298.19
300.13
295.84
298.79
298.96
295.93
299.03
297.4
296.13
298.19
296.64
296.04
297.08
295.84
295.58
295.45
295.37
294.31
293.4
295.01
292.46
292.51
294.89
291.21
291.89
294.47
290.59
291.3
294.24
290.18
290.92
294.13
289.06
290.34
294.02
288.63
290.13
294.08
288.4
289.49
294.08
288.39
288.83
294.28
288.0
288.9
294.49
288.31
290.36
295.22
290.25
291.35
296.4
292.08
292.77
297.7
293.65
294.4
299.12
295.43
295.87
300.11
296.81
296.77
301.18
297.09
298.28
301.61
298.36
299.22
302.29
299.04
299.64
302.45
299.36
300.44
302.18
299.46
300.64
301.48
299.5
300.34
299.91
299.53
299.73
298.31
298.63
298.07
296.91
296.86
295.92
295.85
294.59
294.8
295.0
293.64
294.2
294.66
292.82
293.7
294.15
292.1
293.65
293.84
291.66
292.35
293.5
291.31
291.79
293.24
290.94
290.89
292.81
290.79
290.1
293.11
290.61
289.94
294.94
290.95
292.17
297.46
292.66
293.91
299.65
294.75
295.86
301.22
296.09
297.69
302.46
297.95
299.26
303.32
298.73
300.56
303.67
299.98
301.8
303.92
300.75
303.17
303.78
301.42
304.13
303.61
301.67
304.81
303.02
302.31
304.92
302.03
301.92
304.86
300.16
301.31
304.32
297.95
300.03
302.74
296.5
298.21
299.17
295.4
295.99
296.89
294.56
294.61
295.88
293.84
294.01
294.46
292.96
293.26
293.1
292.33
292.62
292.42
291.84
291.94
291.08
291.33
291.16
289.42
291.08
291.13
288.77
291.65
290.57
288.81
294.43
290.32
290.84
297.3
292.15
292.19
299.74
293.71
293.49
300.99
294.73
295.4
301.85
295.58
297.03
302.45
296.23
298.58
303.29
297.07
299.66
303.55
298.08
300.42
303.8
298.87
300.93
303.99
299.13
301.11
303.66
299.54
300.1
303.02
299.63
299.8
301.08
298.67
298.77
298.65
296.77
296.79
297.31
295.49
294.38
296.18
293.03
292.51
295.55
291.48
291.74
294.6
290.67
290.16
293.62
290.32
288.97
293.15
289.56
288.22
293.1
289.12
287.28
292.5
288.64
286.1
292.2
288.08
285.47
292.97
287.68
285.27
295.62
286.76
286.89
298.52
288.51
288.59
301.2
291.19
290.83
302.57
292.43
292.45
303.34
293.7
294.92
304.45
294.8
296.99
305.35
295.05
297.51
306.02
295.83
299.05
306.21
296.53
299.97
306.48
297.13
300.32
306.51
297.16
299.96
305.34
296.66
298.81
303.16
295.58
295.6
300.74
294.68
294.68
299.08
293.57
293.54
297.65
292.33
291.62
296.69
291.51
290.42
295.96
290.88
289.76
295.27
290.35
288.28
294.64
290.07
288.0
294.26
289.57
287.96
293.75
289.01
286.62
293.49
289.42
285.66
295.29
288.91
285.53
297.74
288.04
285.66
300.69
288.29
287.08
302.94
289.61
288.43
304.36
289.97
288.93
305.06
290.52
289.52
305.82
290.47
289.44
306.72
289.86
289.57
307.2
289.89
288.42
307.39
289.54
287.97
307.12
289.41
288.0
306.38
290.63
288.81
305.11
290.36
288.7
303.23
290.37
288.11
301.28
289.52
287.09
300.12
288.26
286.21
298.93
287.57
285.69
297.87
286.93
285.49
297.13
286.69
285.07
296.4
286.43
284.83
295.6
286.24
284.31
295.07
285.84
284.16
294.71
285.48
283.98
294.23
285.34
283.62
295.35
285.38
283.72
298.48
285.36
284.39
301.03
286.06
284.75
302.87
286.38
285.64
303.99
287.51
286.49
304.67
288.45
287.61
305.66
289.15
288.22
306.4
288.97
288.47
306.75
289.26
288.8
306.76
289.53
289.7
306.92
290.08
290.48
306.04
290.07
289.46
304.88
290.06
288.8
303.27
289.83
288.67
301.83
289.13
287.54
300.76
288.2
286.07
299.94
287.4
285.24
299.11
286.72
284.33
298.51
286.53
283.96
298.04
286.67
283.67
297.52
286.02
283.41
296.77
285.35
283.01
296.16
284.73
282.69
295.58
284.6
282.64
296.37
284.39
282.63
298.64
283.74
283.51
301.08
284.45
284.3
302.82
285.36
285.38
303.99
285.91
286.81
304.82
286.1
287.0
305.59
287.12
288.13
306.3
288.49
289.23
306.72
289.78
287.91
306.94
289.29
287.43
306.44
290.26
287.38
306.06
290.6
286.07
305.1
289.62
285.38
303.43
289.84
285.25
301.91
288.65
285.21
300.97
286.88
284.32
300.09
285.07
283.88
299.46
284.82
283.46
299.03
284.71
283.37
298.36
284.08
283.37
297.82
283.62
283.24
297.55
283.52
282.93
296.95
283.72
282.76
296.81
283.88
282.68
297.63
283.98
282.66
299.06
283.89
283.5
300.36
284.55
284.4
301.69
285.28
285.63
303.12
285.55
286.58
303.99
286.49
287.47
304.35
286.73
288.16
303.69
286.96
288.15
300.24
287.2
288.77
301.41
288.39
289.53
301.35
288.15
288.87
301.34
287.83
289.15
301.23
288.07
288.56
300.46
289.1
287.76
299.71
288.38
287.13
299.44
287.49
286.28
299.31
286.65
285.73
299.15
286.02
285.38
299.05
285.73
285.03
299.13
285.64
284.55
299.19
285.18
284.44
298.89
285.09
284.31
298.66
284.37
284.22
298.65
284.03
283.88
298.63
284.14
284.28
299.38
284.44
284.95
300.44
285.37
285.95
301.35
286.57
286.99
302.5
287.42
287.41
304.1
288.44
288.67
304.72
289.37
288.99
305.63
290.47
289.61
304.99
291.21
290.16
300.87
291.06
290.75
297.25
291.08
290.56
296.15
291.22
290.99
295.88
290.92
291.07
295.92
290.53
290.93
295.96
289.81
289.43
295.95
289.19
287.85
296.1
288.05
286.56
295.9
288.03
286.03
295.89
287.29
285.01
295.69
287.48
284.68
295.62
287.15
284.23
295.56
286.93
284.36
295.93
286.63
284.25
296.19
286.48
284.25
296.63
286.27
284.31
297.37
285.47
284.58
298.82
285.7
285.14
300.56
286.59
285.57
301.85
287.6
285.74
303.54
287.87
286.45
303.71
287.87
287.17
298.77
288.17
286.92
297.37
288.42
287.29
297.22
289.34
287.91
297.94
290.0
287.81
299.09
290.13
287.39
299.98
289.75
286.95
299.24
288.76
286.49
298.2
287.15
285.21
297.35
285.7
283.82
296.99
284.77
283.45
296.62
284.53
282.84
296.18
283.75
282.62
296.01
283.65
282.24
295.91
282.96
282.17
295.84
282.82
281.77
295.94
282.56
281.66
296.08
282.69
281.62
296.68
282.93
281.53
297.5
282.24
282.24
298.7
283.33
283.09
300.8
284.75
283.97
302.26
283.99
285.08
302.91
283.64
284.68
303.9
284.01
285.32
304.17
283.49
286.01
305.35
284.86
285.39
305.97
284.54
284.63
306.23
284.71
284.5
305.81
284.51
284.72
305.12
284.17
284.54
303.81
284.52
284.12
302.55
284.46
283.75
301.6
283.99
282.91
300.74
283.35
282.26
300.15
282.76
282.15
299.82
282.81
281.55
299.68
282.56
281.4
299.52
282.38
280.91
299.06
281.76
280.39
298.73
281.63
280.75
298.31
282.0
280.88
298.32
281.87
281.05
299.11
281.6
282.28
300.38
282.7
284.02
302.22
283.62
284.62
303.1
283.64
284.78
303.36
282.964
286.88
306.314
286.3
287.81
306.97
287.24
286.8
307.66
287.83
288.53
308.04
288.88
288.02
308.21
288.93
289.28
307.62
289.59
289.48
306.55
289.75
290.02
305.09
289.04
288.21
303.85
288.21
285.76
302.67
286.68
284.86
301.84
284.74
283.87
301.31
282.94
283.35
300.64
282.36
282.74
299.97
281.85
283.14
299.64
281.47
282.83
299.09
280.8
282.01
298.55
280.6
282.12
298.26
280.79
282.0
298.7
281.3
281.88
300.17
281.78
283.58
301.97
283.44
285.08
303.47
285.13
286.35
305.22
287.48
288.07
306.38
289.4
288.8
307.47
288.76
289.06
308.24
290.1
290.43
308.67
290.69
290.84
308.86
291.19
291.23
308.87
291.36
291.46
307.8
291.48
291.34
306.75
290.25
290.16
305.29
290.15
289.54
303.94
288.68
288.07
302.95
287.6
286.73
302.23
286.46
285.73
301.77
285.7
284.67
301.26
285.15
283.82
300.69
284.71
283.08
299.93
283.98
281.97
299.0
283.44
281.88
298.24
283.01
280.85
297.56
282.16
280.42
297.75
282.23
282.52
299.28
283.62
285.03
300.98
285.66
286.42
302.64
287.94
287.29
304.27
290.51
287.98
305.76
292.01
289.73
306.94
292.69
290.47
308.09
293.25
291.06
308.81
294.11
289.86
309.3
294.48
289.26
309.18
295.0
288.74
308.25
295.34
287.73
307.24
295.04
287.22
305.38
293.86
287.2
303.5
292.48
287.11
302.35
291.69
286.44
301.57
289.94
285.79
300.87
289.24
285.34
300.05
288.5
284.83
299.28
287.93
284.67
298.99
289.18
284.33
298.58
288.64
283.98
298.27
288.46
283.82
297.95
287.88
283.88
298.79
287.81
284.03
300.87
287.17
284.34
303.03
285.02
284.77
304.78
285.36
284.81
306.46
285.36
285.24
307.54
285.47
285.99
308.06
285.74
287.02
308.58
285.65
286.59
308.84
285.84
287.71
308.92
285.84
287.47
309.0
285.87
288.28
308.08
285.79
287.96
306.97
285.96
287.31
305.38
285.89
287.61
304.07
285.63
286.85
303.46
285.46
285.77
302.61
285.42
285.23
301.7
285.26
284.9
300.7
285.03
284.02
300.04
284.87
283.33
299.43
284.67
282.55
298.83
284.67
282.18
298.06
284.47
281.75
297.37
284.34
281.27
297.31
284.49
282.23
298.81
284.48
284.85
300.85
284.82
286.58
302.71
285.82
288.01
304.17
286.72
288.79
305.56
287.55
289.67
306.39
288.64
290.24
307.1
289.89
291.2
307.41
289.39
292.83
307.52
290.88
292.28
306.97
291.81
292.9
306.43
292.37
292.57
305.24
292.6
291.63
303.69
292.1
291.23
302.33
290.98
290.05
301.13
289.13
288.53
300.21
287.12
287.71
299.47
286.39
287.69
298.81
285.72
287.45
298.39
285.15
287.11
297.98
284.53
287.03
297.27
283.91
286.64
296.95
284.11
285.83
296.7
283.92
286.34
297.6
284.4
286.64
299.76
284.42
287.11
301.79
286.51
288.37
303.95
288.24
288.8
305.27
290.07
289.5
306.2
292.06
290.15
307.16
293.1
290.59
307.9
293.78
291.49
308.1
295.17
291.85
308.78
295.53
293.01
308.44
295.04
294.67
308.26
295.4
294.64
307.03
294.83
294.6
304.73
294.92
293.72
303.22
293.77
291.0
302.1
291.23
289.46
301.12
290.27
287.82
300.25
