293.85
296.05
307.09
294.67
296.94
306.86
294.7
297.93
304.58
295.2
298.79
304.29
295.23
299.04
303.09
292.42
298.51
302.28
293.75
296.62
301.47
291.75
294.39
300.95
290.05
291.64
300.27
288.4
290.24
300.02
287.81
288.32
299.4
286.96
288.16
299.21
286.38
286.55
299.15
285.6
285.86
299.22
284.57
285.0
299.02
284.38
284.11
299.09
283.95
283.53
299.22
285.13
284.84
299.9
287.15
288.87
300.96
289.16
291.02
301.96
290.36
293.14
303.08
292.19
295.15
303.85
293.51
296.61
304.23
294.2
297.91
304.22
295.04
298.93
304.72
295.55
300.04
305.03
295.91
300.78
305.16
296.07
301.54
304.78
296.73
301.42
304.56
296.41
300.4
303.53
294.93
299.08
302.82
290.51
297.2
302.22
290.61
294.62
301.89
286.35
293.16
301.22
285.73
290.9
300.78
285.44
289.33
299.97
284.74
288.45
299.55
286.22
287.22
298.66
285.61
286.22
296.35
285.02
285.46
295.66
285.39
285.21
295.55
286.47
285.89
295.23
289.3
287.88
295.28
291.16
289.44
295.66
292.69
292.44
295.78
294.01
294.0
295.82
295.03
295.24
296.22
295.86
297.15
296.34
296.22
298.51
296.46
297.73
300.4
297.4
298.04
300.79
297.75
299.53
301.8
298.15
298.87
301.19
298.16
298.23
300.19
297.4
296.43
298.31
296.53
294.26
294.08
295.88
291.93
291.38
295.36
289.99
289.36
294.82
288.63
287.15
294.28
285.61
286.23
293.42
284.46
285.01
293.46
284.96
284.76
293.33
284.44
284.52
293.29
285.35
284.01
292.75
285.55
284.42
292.61
286.14
284.71
294.01
287.63
284.77
295.58
289.17
285.43
297.9
290.2
285.14
299.9
291.88
287.03
300.78
292.22
289.42
301.69
293.22
290.51
302.15
293.57
292.4
302.97
295.05
294.15
303.47
295.75
295.39
303.35
296.56
295.78
302.83
294.04
296.05
302.22
293.2
294.68
300.16
291.64
292.29
297.79
289.47
289.28
295.15
287.3
287.51
294.66
285.79
286.64
293.58
285.13
285.64
292.65
284.62
285.01
292.02
284.11
284.92
291.77
283.61
285.02
291.27
283.56
284.52
290.28
284.97
284.52
290.7
284.72
284.52
292.69
285.47
284.27
294.7
286.48
284.52
298.0
285.99
285.03
300.28
286.08
285.15
301.55
284.96
285.25
301.94
285.28
285.93
303.46
285.46
286.38
304.08
285.46
286.64
304.15
285.46
287.03
304.16
285.3
287.28
303.79
284.98
287.04
303.35
284.96
286.92
302.54
285.31
286.72
300.83
285.83
286.49
297.97
285.98
286.15
297.16
285.64
286.03
295.84
285.35
285.6
295.22
285.16
285.48
294.45
285.35
285.15
294.02
285.15
284.81
293.52
284.76
284.81
293.02
284.76
284.35
293.02
284.76
284.39
292.7
285.15
284.64
293.38
285.62
284.7
296.34
285.16
285.14
298.57
284.65
286.04
300.61
284.94
287.03
302.15
285.76
288.48
303.21
286.93
290.14
304.22
287.77
291.82
304.75
288.1
292.81
305.34
290.39
294.6
305.09
290.39
294.83
304.72
288.85
294.8
303.85
288.71
294.15
302.62
289.02
292.8
300.89
288.84
290.7
299.42
287.83
289.15
297.93
287.14
287.81
297.21
286.97
287.04
296.74
286.97
287.15
296.48
286.97
287.03
296.22
286.58
287.14
296.15
285.97
287.15
295.77
285.77
287.15
295.65
285.76
287.15
295.28
286.15
287.26
295.71
286.67
287.03
297.08
286.82
287.57
298.14
287.11
288.15
299.28
287.68
288.93
300.27
287.65
289.52
301.28
287.99
289.92
302.14
288.31
290.48
301.5
289.01
291.26
298.91
289.5
290.57
297.56
289.66
290.69
298.15
289.15
291.14
298.72
289.44
291.37
298.54
290.26
290.27
297.28
288.69
289.01
296.1
288.64
288.14
295.63
288.63
287.58
294.97
286.93
287.36
294.72
287.75
286.8
294.49
287.54
286.58
294.36
286.95
286.36
294.09
286.97
286.14
294.15
286.35
286.02
294.34
286.35
285.78
294.75
285.43
285.78
295.21
286.22
286.27
296.02
287.38
286.48
297.27
286.99
287.81
298.77
288.86
289.13
300.15
287.83
290.01
300.79
288.77
290.68
301.55
290.36
292.02
299.47
290.24
292.77
297.6
292.47
293.58
295.42
293.13
294.26
294.48
292.77
295.02
294.34
292.29
294.7
294.15
291.33
294.4
294.09
290.84
293.78
294.09
289.37
291.3
294.03
287.87
289.4
293.35
286.99
288.5
293.4
286.56
287.35
293.21
285.73
286.83
293.35
285.92
286.37
293.15
286.33
285.92
293.27
285.92
286.14
293.27
285.93
285.7
293.48
286.32
285.27
293.58
286.46
285.56
293.88
287.57
286.02
294.35
287.79
286.02
295.35
287.0
286.91
295.8
287.45
287.46
296.28
289.14
287.7
296.59
289.42
288.66
296.64
288.27
289.14
296.86
288.53
289.38
299.02
290.62
290.39
299.08
291.08
290.53
299.21
290.63
290.48
298.59
290.13
289.72
297.85
289.98
289.29
296.71
288.5
288.52
295.9
286.98
287.28
295.22
286.51
286.8
295.03
285.34
286.04
294.53
284.55
285.36
294.21
284.32
285.15
294.4
284.32
284.81
294.48
284.32
284.36
294.08
284.34
284.02
293.77
284.34
283.8
294.37
285.1
283.57
294.89
284.97
283.77
296.08
284.79
285.02
298.48
285.95
286.28
299.65
287.14
286.83
300.42
288.14
287.7
301.58
288.28
288.79
301.61
288.96
289.8
302.48
289.82
290.16
300.09
290.32
291.14
298.47
290.75
291.52
296.96
290.31
291.19
296.54
289.84
290.63
295.84
289.71
290.17
295.76
288.29
288.19
295.16
287.15
286.28
294.61
285.35
285.36
294.4
284.33
284.24
294.49
284.48
283.24
294.09
283.62
282.8
294.02
282.8
281.32
294.21
282.33
280.55
294.09
281.55
279.88
294.15
282.44
279.64
294.4
282.46
280.62
295.28
284.46
282.88
297.09
286.13
285.34
297.96
287.65
287.22
299.35
289.32
288.51
300.01
289.67
289.88
300.48
290.51
291.02
299.55
291.19
292.88
298.3
292.02
293.65
296.85
293.36
294.26
296.89
294.72
294.91
297.59
294.45
294.79
298.1
294.02
294.6
297.66
292.75
292.75
296.72
290.32
290.86
296.28
288.53
289.4
295.78
288.48
288.49
295.59
286.59
287.83
295.53
286.75
287.16
294.86
287.31
286.93
294.9
286.65
286.04
294.58
285.82
285.03
294.62
284.66
284.46
294.62
284.8
283.21
294.95
285.27
283.64
296.55
288.11
286.68
298.89
289.14
289.13
300.65
290.81
290.89
302.2
293.13
292.43
303.41
293.71
294.89
304.48
294.87
295.77
305.15
296.01
297.9
306.22
296.31
298.79
306.22
296.89
300.28
306.21
297.32
301.29
305.62
297.19
301.59
305.36
296.62
301.04
302.91
295.91
298.46
300.98
293.06
295.32
299.55
292.19
292.79
298.02
289.46
290.92
297.21
288.97
290.14
296.08
288.78
288.76
295.84
288.37
288.13
295.53
287.96
286.98
294.84
287.37
286.64
294.28
287.11
286.25
294.15
287.33
286.12
295.81
286.24
285.87
296.41
287.98
287.33
298.33
290.08
289.5
300.33
291.12
291.63
301.22
292.26
293.12
302.33
295.03
294.26
302.71
295.69
295.51
303.68
294.71
297.02
304.42
297.19
298.28
304.48
296.86
298.79
303.9
296.49
298.54
303.49
295.68
298.6
302.47
293.16
297.15
301.69
291.0
294.79
299.49
291.72
292.9
297.82
290.7
291.4
297.15
289.73
290.44
296.65
289.39
288.53
296.02
288.96
285.99
295.28
288.37
285.5
294.34
288.18
285.43
294.34
286.99
285.43
293.65
286.17
285.75
293.28
286.16
285.63
294.01
286.63
285.89
295.58
285.81
285.89
297.21
285.12
286.29
299.42
285.63
287.01
300.21
286.6
287.26
300.81
287.62
287.77
301.55
287.96
287.76
301.84
287.83
288.64
302.77
287.83
288.63
303.59
287.99
289.01
303.35
287.65
288.64
302.96
287.49
288.75
302.09
287.17
288.9
300.6
285.99
287.52
299.16
285.48
286.4
297.48
284.81
285.76
297.29
285.11
285.72
296.41
285.13
284.76
295.97
284.77
284.24
295.66
284.27
283.36
295.47
283.93
283.09
295.28
283.44
282.96
294.97
282.77
283.13
294.42
282.75
282.99
293.15
281.93
283.37
291.79
283.12
284.36
291.75
284.48
285.38
292.02
285.26
286.86
293.9
285.97
287.29
294.71
286.33
288.28
296.29
286.49
288.27
296.41
287.23
287.89
297.91
287.26
287.3
298.5
290.33
287.76
298.47
289.9
286.49
298.42
289.78
286.49
297.66
289.5
285.44
296.62
290.96
285.0
295.42
287.38
284.41
294.88
285.95
283.76
294.9
285.39
283.89
294.72
285.71
283.51
294.71
285.2
283.38
294.65
284.53
282.99
294.62
284.37
282.49
294.59
283.87
282.26
294.42
283.71
281.5
294.53
283.87
281.13
295.34
282.76
281.72
296.34
283.09
283.11
297.46
284.47
284.87
299.36
284.93
286.4
300.88
285.95
287.14
301.4
286.45
288.13
302.15
286.61
288.5
303.15
286.79
289.56
303.9
287.43
290.43
304.28
287.94
290.52
303.96
288.61
291.16
303.54
288.78
291.16
301.73
289.92
291.03
301.16
290.96
290.0
300.03
290.29
288.55
299.1
287.78
286.78
298.21
287.52
286.02
298.03
287.36
284.27
297.72
286.69
284.09
297.53
285.88
283.58
297.09
285.2
282.96
296.35
284.07
282.86
296.15
283.89
282.98
295.75
283.9
282.98
296.27
284.34
283.33
297.4
284.6
285.12
298.72
287.15
285.7
299.95
288.53
286.87
301.27
287.28
287.7
301.9
288.07
288.64
302.75
288.12
290.12
303.42
288.56
291.26
304.21
291.34
292.38
304.55
292.0
293.02
304.62
292.35
293.4
304.28
292.56
293.54
303.78
293.78
292.9
302.08
292.81
291.65
301.09
291.49
290.17
300.02
289.49
288.79
299.34
287.21
287.65
298.84
286.47
286.64
298.69
286.07
285.38
297.97
285.52
283.98
297.82
287.13
283.74
297.41
287.34
282.84
296.65
287.52
283.22
296.78
287.52
283.23
297.15
287.61
284.02
298.41
286.16
284.64
300.02
287.14
285.78
300.75
286.61
286.66
302.83
287.54
287.3
303.46
288.37
287.38
304.22
289.01
288.29
305.02
289.98
289.16
305.48
289.81
289.6
305.61
290.46
290.52
305.82
290.63
290.65
305.35
290.49
290.28
304.54
290.31
289.81
303.35
290.37
288.03
301.97
288.56
287.28
300.91
286.32
286.15
300.35
286.87
285.43
300.03
284.69
285.01
299.34
286.35
284.62
299.15
286.05
283.98
298.79
283.7
284.0
298.02
284.75
284.0
297.84
284.6
283.5
298.02
284.75
283.0
298.33
284.3
283.62
299.28
285.17
284.28
300.39
285.94
284.78
301.68
285.8
285.91
303.4
286.66
287.03
303.9
287.15
287.16
304.71
287.64
288.42
305.59
288.65
288.73
305.84
289.14
288.76
306.29
289.14
289.54
305.86
289.53
289.38
305.53
289.35
289.55
305.1
288.94
289.56
303.91
288.54
288.4
302.78
287.96
287.66
301.69
286.94
286.41
300.95
287.13
285.4
300.47
286.66
284.84
300.22
286.16
283.8
299.53
285.68
284.28
298.91
285.13
284.25
298.46
284.63
283.52
298.09
284.66
282.61
298.09
284.66
282.97
298.75
283.97
283.26
299.2
284.8
284.37
300.15
285.67
285.5
301.9
286.48
286.86
303.65
287.34
287.5
304.21
288.17
288.39
305.15
288.7
288.43
305.79
289.31
289.52
306.34
289.35
290.02
306.27
289.5
290.28
306.48
289.84
290.53
305.65
289.69
290.29
305.22
289.15
290.15
304.42
288.84
289.01
302.72
287.83
288.14
301.97
287.33
286.78
301.28
286.97
285.91
301.02
286.63
285.08
300.75
286.14
284.66
300.03
285.96
284.34
299.69
285.55
284.35
299.09
284.79
284.63
298.42
285.74
284.51
297.78
285.27
284.27
298.4
284.78
284.38
299.15
284.79
285.14
300.55
285.28
286.01
302.27
285.78
286.29
304.01
286.93
287.02
304.52
286.76
287.27
305.02
287.09
287.0
305.84
287.13
287.75
306.42
287.34
288.02
306.71
287.93
288.4
306.62
287.96
288.89
306.42
287.91
289.3
305.78
287.71
288.77
304.42
287.74
288.52
303.16
287.52
288.27
302.22
286.96
287.77
301.59
287.92
287.52
301.55
287.54
287.14
301.47
287.35
287.16
301.09
286.95
286.53
300.47
287.14
286.02
299.65
286.15
285.77
298.83
285.75
285.78
297.95
286.35
285.53
299.21
285.5
285.4
300.65
285.61
286.28
301.27
286.29
286.15
303.15
287.33
287.64
305.02
287.46
287.76
305.83
289.54
288.26
306.61
290.75
288.77
307.41
291.13
289.52
307.55
291.33
290.89
307.65
291.52
290.9
307.65
292.13
291.65
306.52
292.13
292.02
306.55
291.34
291.87
305.42
291.62
291.01
303.22
290.61
287.9
301.83
288.66
286.29
301.48
286.42
285.92
300.8
285.56
285.15
300.78
285.23
284.42
300.02
285.07
283.27
299.27
284.42
283.71
299.15
285.1
283.7
298.21
285.13
283.02
298.28
285.3
283.14
298.79
284.51
283.13
299.9
283.94
285.27
301.35
284.95
285.64
302.08
285.94
287.15
304.02
286.95
287.15
305.08
287.62
288.51
305.48
288.14
289.9
306.21
288.47
290.52
306.55
288.63
290.67
306.34
288.99
290.42
306.28
288.48
289.89
306.03
288.31
290.14
305.15
287.64
288.65
304.89
286.82
287.01
303.15
286.5
286.14
302.09
286.27
286.15
301.41
286.73
286.02
301.22
286.54
286.15
300.52
286.32
286.15
300.22
285.27
285.9
299.4
285.71
285.9
299.15
285.94
286.02
298.9
285.93
286.02
298.82
285.74
286.02
299.21
284.27
286.39
299.68
284.8
286.76
300.52
285.13
287.65
301.64
285.63
288.27
303.58
285.98
288.53
304.75
286.48
289.79
304.95
287.16
291.3
306.08
287.33
291.87
306.4
287.68
292.54
306.75
287.67
293.43
306.75
288.16
294.16
306.4
288.15
294.79
305.96
288.31
294.83
304.76
288.31
294.6
303.75
288.14
294.01
302.68
287.36
291.66
302.15
286.33
289.77
301.03
286.63
289.3
300.08
285.95
289.02
299.68
286.55
287.79
299.22
285.94
287.41
298.95
286.13
287.15
298.49
286.13
287.01
297.75
285.12
286.75
296.89
285.65
287.28
296.21
286.64
287.29
296.48
287.82
287.65
296.65
288.49
288.57
298.01
289.15
289.43
299.52
289.52
290.64
301.22
290.04
291.64
303.02
290.33
292.65
304.72
291.53
293.9
305.03
292.56
295.3
304.96
292.22
296.05
304.09
292.54
295.64
303.16
292.21
294.35
301.83
292.04
293.34
300.83
290.46
292.03
300.28
289.03
291.69
299.75
288.13
291.28
299.15
287.46
290.79
298.84
286.79
290.52
298.28
286.97
290.16
298.09
286.97
289.85
297.78
286.95
289.15
297.08
286.99
289.14
297.03
288.13
288.78
298.15
287.31
289.01
298.95
288.48
289.01
300.28
289.64
290.41
301.72
290.51
291.16
302.59
291.18
291.82
303.42
291.17
292.67
304.42
291.67
294.0
304.96
291.2
294.86
305.71
290.85
294.63
306.15
291.65
294.51
306.28
292.51
293.5
305.97
292.69
293.93
305.5
292.86
291.83
303.96
291.71
290.73
301.35
291.17
289.72
300.09
289.73
289.18
298.9
287.16
288.17
298.35
286.13
287.46
297.59
285.74
286.29
296.47
286.73
286.16
295.77
284.31
285.4
295.46
284.72
284.91
294.89
284.53
284.14
295.02
284.74
284.41
296.69
285.48
284.38
298.95
287.33
285.71
300.55
288.34
286.77
302.08
288.97
287.27
302.9
287.744
289.744
304.344
287.744
289.744
304.344
290.86
290.27
305.28
291.69
290.65
305.62
292.19
291.78
304.84
292.37
292.05
304.49
292.36
292.42
304.04
291.87
292.31
302.97
291.85
291.81
301.83
291.85
291.06
300.89
290.6
290.18
299.96
290.02
288.06
299.42
289.32
286.94
298.27
286.92
286.16
298.02
287.46
285.65
298.23
285.56
285.02
297.66
284.36
285.13
297.44
283.34
284.03
296.88
282.74
283.64
296.88
283.28
283.55
296.95
284.4
283.96
297.72
286.14
287.3
299.65
287.62
287.89
299.96
288.46
289.89
301.08
288.82
291.29
301.34
289.53
292.51
301.78
289.97
293.14
302.15
292.36
294.14
303.47
292.8
294.9
304.09
292.95
296.02
304.75
294.81
296.05
304.62
294.83
295.93
304.16
294.5
295.79
303.66
293.33
294.69
301.53
291.674584292
292.95
299.72
289.68
290.52
299.46
287.16
290.28
299.08
286.44
289.85
299.21
285.74
287.1
298.59
285.26
285.96
297.84
285.1
285.44
297.77
284.94
284.33
297.77
283.95
284.21
297.4
283.78
283.47
298.28
284.8
283.97
299.27
288.3
287.07
300.95
290.16
289.96
302.58
291.34
292.03
305.27
292.82
293.36
306.08
293.82
294.92
306.75
292.99
296.51
308.02
295.02
297.71
309.03
295.54
298.15
309.69
296.21
299.28
309.29
296.56
299.55
309.09
296.89
299.4
308.22
294.6
298.4
306.91
294.03
297.3
305.35
291.77
295.29
304.34
290.34
293.17
303.4
287.34
292.26
301.73
286.66
289.99
296.94
286.0
288.63
296.02
285.66
288.28
295.36
284.99
287.07
295.5
285.29
286.86
295.22
285.31
286.18
295.21
284.8
285.63
294.88
287.64
287.5
294.89
290.0
290.35
294.69
292.49
292.56
294.59
294.02
295.48
295.01
294.13
296.48
295.58
294.86
297.92
296.95
296.28
299.7
298.08
296.65
300.89
299.03
297.46
302.02
299.22
298.61
303.05
300.27
298.6
303.8
300.35
298.01
303.52
300.08
297.48
303.08
299.38
296.4
301.65
297.94
294.2
299.87
296.76
291.77
296.26
296.08
290.2
296.29
296.07
289.72
294.23
296.08
288.68
294.0
295.72
288.65
292.93
295.44
287.5
291.34
295.36
287.0
290.21
294.82
287.16
289.22
295.5
287.64
289.1
295.58
287.73
289.72
296.27
290.14
292.08
297.39
291.88
295.01
298.48
292.74
297.4
300.27
294.26
299.68
300.84
295.49
301.24
301.46
295.49
303.14
302.02
296.5
305.02
302.35
296.79
306.52
302.9
297.35
306.79
302.91
297.79
307.3
302.62
297.64
305.99
302.08
297.07
305.48
300.85
295.51
303.2
298.95
294.11
300.08
298.28
293.62
296.41
297.75
291.22
294.27
297.79
291.21
293.0
297.37
290.35
291.89
296.48
289.82
290.01
296.15
288.8
288.81
295.49
288.29
288.48
295.29
287.81
287.93
295.29
287.82
287.58
295.55
288.87
288.24
296.35
289.5
288.71
297.29
291.17
289.77
297.89
291.37
290.6
299.07
