287.27
287.661264352
294.761122195
286.94
286.52
293.41
286.89
286.563948441
292.607072072
285.75
285.718047431
292.33257265
284.42
285.774333333
290.357666667
284.62
284.863666667
290.180333333
284.03
283.5
293.31
283.15
284.060065651
294.388567718
283.11
285.576032825
297.115283859
285.21
286.949667147
298.235952355
288.3
288.493937658
301.28490261
288.4
290.79
303.62
289.15
291.245910229
304.018112927
289.15
291.996659247
304.573263572
290.45
294.56
306.74
292.15
294.721973818
306.671231082
292.85
293.619382742
305.795779427
293.46
295.89
306.21
293.15
295.49
305.31
293.69
294.56
303.66
292.09
293.963442535
302.833128028
291.32
292.24
301.89
290.41
291.763428035
301.309301838
289.41
290.461714017
299.809650919
288.69
288.31
300.04
288.56
288.202578737
299.703463849
287.72
287.905789368
298.831231925
287.12
287.177524972
299.138605697
287.03
286.966318483
298.031993631
287.07
285.91
298.15
287.08
286.127567409
298.52491133
286.95
286.789666667
298.589666667
287.18
287.374333333
300.024333333
287.58
287.9535
301.0035
288.12
288.54
302.59
289.97
289.121
303.721
291.86
289.525521996
301.010025666
292.39
290.157128746
303.228124494
292.69
290.9
300.62
292.91
290.883946882
300.252443444
292.12
291.501
303.567666667
292.1
291.127
300.510333333
293.3
292.06
300.86
292.6
291.435095258
300.554419897
292.55
288.53
299.25
291.85
288.336989075
298.846241187
290.08
288.299
296.949
289.17
287.505
296.305
288.4
287.071521508
297.143
287.8
286.173534146
296.076648855
287.8
285.29
296.75
286.96
285.198691148
296.607012302
286.31
284.81119236
294.486422112
285.48
284.52
295.62
285.21
284.488306603
295.926851444
285.19
284.031666667
295.148333333
285.22
284.125333333
296.758666667
284.78
284.69
299.66
285.63
284.846151401
299.895442375
285.76
285.2805757
300.505221187
286.06
286.277507204
301.093586385
287.59
286.575333333
301.708666667
288.74
287.435666667
302.302333333
289.41
286.552394772
302.698992877
289.67
287.915299905
303.348676296
290.2
287.29
304.08
290.08
287.27
303.52
290.51
287.261032231
303.115704754
290.22
287.22
301.42
288.96
287.031390722
300.967705356
288.64
286.825333333
299.092
287.71
286.140666667
298.274
287.14
285.970390977
298.897785706
286.48
285.14
298.36
286.69
284.985778894
297.702071118
285.64
284.87
297.32
286.07
284.754985337
296.979564004
285.35
284.442492669
296.104782002
285.48
285.027927555
298.365366631
284.94
284.496
296.712666667
284.96
284.862
298.195333333
284.78
284.954386881
298.943268032
284.48
285.399176099
300.634787763
284.67
285.68
302.18
285.09
285.802945368
302.53042045
285.01
286.36
303.99
285.19
287.292948147
304.703925801
284.93
287.302829861
304.220132482
284.87
289.540601818
305.793817891
284.98
289.11
304.65
285.86
288.933401211
304.360842376
286.16
288.881708834
304.336457312
286.4
287.67
302.42
286.12
287.579491483
302.196305867
285.85
288.141333333
301.274666667
285.52
287.464666667
300.831333333
285.21
285.04
299.72
285.06
285.03792476
299.689578873
285.27
285.03196238
299.607789437
284.77
284.603152455
298.449173421
284.57
284.3
297.59
284.45
284.16860073
297.880396061
284.12
283.89
297.63
284.01
283.92
298.45
284.27
284.273712703
299.447384337
284.65
284.41
300.61
284.86
284.7589443
301.212462248
285.49
285.74497215
302.796731124
286.37
286.184905987
303.103853735
287.07
287.303
305.003
287.46
287.875
305.625
288.18
287.183291654
305.349280347
288.51
287.43
305.87
288.3
287.14
305.55
288.84
286.939977901
305.270151578
287.78
286.02
304.09
288.04
286.284903771
303.713105797
287.26
285.746237846
303.101255752
286.42
286.409666667
302.109666667
285.79
285.773333333
301.523333333
285.68
282.81
300.36
284.5
282.972026549
300.340313112
284.1
283.429513274
300.288656556
283.57
282.88870428
299.797589717
283.52
283.587666667
299.854333333
283.28
283.288333333
299.471666667
282.8
283.181808837
299.934495431
282.8
282.826824215
299.310497405
283.99
282.56
299.67
284.04
282.864737435
300.224989224
285.13
284.805333333
302.872
286.01
285.123666667
303.757
286.97
285.7005
304.1005
287.22
285.932666667
305.166
288.61
286.423333333
305.69
289.67
286.7605
304.9105
289.45
287.302333333
305.869
289.46
287.690666667
305.524
289.97
287.458
304.433
290.37
288.053333333
304.336666667
289.76
288.027666667
303.494333333
289.36
286.994
303.069
288.29
287.304333333
302.087666667
287.94
286.606666667
301.523333333
287.04
286.2205
301.3705
286.41
285.419
300.669
286.26
284.929
300.379
285.83
284.654
300.179
285.64
284.092333333
299.859
285.36
283.745666667
299.629
285.17
283.923828197
300.105557864
285.23
283.425865672
299.674541401
285.03
283.47
300.12
285.18
283.90455436
300.611044335
286.81
285.674
302.440666667
287.86
286.614
303.447333333
288.8
287.5925
303.9425
289.26
288.519666667
305.119666667
289.6
289.485333333
305.785333333
290.45
289.4725
305.1475
292.09
290.764333333
306.247666667
291.81
291.077666667
306.044333333
292.72
289.917
304.742
292.29
290.721666667
304.905
292.65
290.052333333
303.969
291.12
289.115507921
303.285523565
289.92
287.88
301.92
288.94
287.562510535
301.958928813
288.08
286.770842908
301.435177585
287.27
285.919333333
301.502666667
286.84
285.131666667
300.948333333
286.39
285.693287346
299.873924675
286.0
284.516491331
299.467532222
285.78
284.8
297.97
285.28
284.776892491
298.111719595
285.23
284.67
298.71
285.24
284.642177801
299.661832998
285.82
285.421877753
300.516155358
287.31
285.405666667
302.922333333
287.28
286.248333333
303.681666667
288.35
287.246
304.271
288.75
288.037
305.087
288.71
288.983
305.733
288.88
288.987536115
305.422672598
289.22
290.205312474
306.34121374
289.92
290.66
306.28
290.34
291.27
301.32
290.01
291.231391645
300.808865705
290.55
291.05
298.59
289.9
290.28
298.39
288.85
289.626595835
298.733193775
288.21
287.747797918
299.651096887
287.89
285.88
298.3
287.98
285.599054932
298.514883802
287.55
284.799527466
299.082441901
287.11
284.916400467
298.515368538
286.74
283.895666667
299.362333333
286.74
283.791333333
299.074666667
286.23
284.72
297.4
286.23
285.14
298.15
286.09
285.534707867
299.318951658
286.39
286.394549971
300.065810072
287.12
287.457666667
302.941
287.71
288.303333333
303.57
288.42
289.366
304.191
289.15
290.139333333
304.822666667
289.98
291.129666667
305.446333333
290.7
290.9385
304.2385
291.23
292.322666667
305.472666667
291.69
292.525333333
304.875333333
291.64
296.67
304.81
291.16
296.08456193
304.374972815
290.32
294.380780965
303.200986407
289.14
293.584137755
302.812230061
288.05
291.662666667
301.446
287.63
290.648333333
300.865
287.31
289.8815
300.7565
287.2
288.784666667
300.018
286.36
287.935333333
299.752
285.1
286.122529887
298.792775731
283.99
284.2
297.99
283.25
284.214220994
298.216274368
282.44
283.54
297.91
282.9
283.8053165
298.67158664
283.62
284.53165825
300.63979332
285.04
285.069746311
301.055995978
285.94
285.842
303.408666667
286.91
286.426
304.209333333
287.99
286.828
304.453
288.4
287.472666667
305.439333333
289.13
287.935333333
305.868666667
289.91
290.05
306.72
290.39
290.29
306.67
290.48
290.05869727
306.471061588
290.1
290.65
305.04
291.19
290.472050112
304.581511038
290.64
289.964025056
303.368755519
289.94
288.98
302.59
287.59
288.821028386
302.237077867
288.07
288.365014193
301.298038934
286.11
287.470351078
301.265042939
285.3
287.12
300.103333333
284.52
286.331
299.847666667
283.69
285.496
299.746
283.16
284.722333333
299.439
283.1
283.902666667
299.286
282.46
281.84
298.48
282.34
282.116618545
298.732315175
283.36
283.38
299.79
285.47
284.035563275
300.352613618
286.74
287.391333333
302.624666667
288.57
288.457666667
303.674333333
289.71
288.927
303.627
290.11
290.192333333
305.042333333
291.84
290.860666667
305.360666667
292.35
292.281885936
303.884144231
292.73
293.8
303.43
292.75
293.395194645
303.910935484
292.86
292.928860109
302.709604061
293.17
291.819666667
303.836333333
292.93
291.405333333
302.488666667
292.1
289.251
302.426
291.34
289.416666667
300.65
288.88
287.842333333
300.159
288.03
287.207
300.332
286.48
285.319666667
299.619666667
285.46
284.371333333
299.571333333
285.18
284.250297079
298.86521405
284.65
283.14
298.43
284.16
282.777159975
298.758566229
283.89
284.406288178
299.291174341
283.73
283.566
300.149333333
284.61
285.394
300.660666667
286.9
286.414
301.264
289.25
288.511333333
301.744666667
289.93
289.800666667
302.317333333
291.68
290.353
301.403
292.15
291.888
302.471333333
293.57
292.686
302.052666667
293.98
292.722
301.697
295.1
293.774
301.257333333
295.74
294.064
300.880666667
295.01
295.18484791
299.512007754
295.31
296.14
298.34
295.79
295.26
297.28
294.68
294.687375778
297.157797481
292.97
292.394
296.777333333
291.54
291.061
296.477666667
289.72
290.471
296.646
289.31
288.890333333
296.190333333
287.85
288.052666667
296.202666667
287.68
287.537541591
296.46157929
286.78
286.606395373
296.403352183
286.76
285.6
296.71
287.27
285.16
294.76
287.62
285.844905143
295.668423587
288.14
287.745952571
298.007711793
290.3
288.83
293.32
291.07
289.53004843
293.850054009
291.75
292.96
296.2
293.01
293.098491915
296.51835778
293.35
293.579
301.545666667
294.05
293.963
300.346333333
293.97
294.2275
300.5275
294.46
294.651333333
298.868
293.97
294.955666667
298.589
293.52
293.4075
298.2325
293.24
294.329333333
297.979333333
293.19
293.398666667
297.648666667
291.54
292.616
296.741
289.79
291.636
296.602666667
288.94
290.804
295.887333333
288.34
290.6385
296.1385
288.14
289.584333333
295.101
287.93
289.196666667
295.03
287.8
288.788
294.813
287.37
288.407333333
294.790666667
287.46
288.005666667
294.622333333
287.31
288.1087493
297.662865712
287.33
287.560994656
296.57706716
287.31
287.49
300.03
287.8
287.931519035
300.350717991
287.82
289.835666667
300.835333333
288.53
290.780333333
301.880666667
289.38
291.5075
302.182
290.06
292.524666667
303.475333333
290.85
293.324333333
304.024666667
292.0
293.237
303.5125
292.49
294.332333333
304.415666667
293.31
294.540666667
304.257333333
293.82
296.35
295.08
293.78
296.38
294.74
293.15
295.661102704
295.641509449
292.98
295.03
294.69
292.37
294.122608325
294.971210526
290.78
291.521804163
295.721105263
289.89
291.391759452
295.134069767
289.65
288.195666667
296.212333333
288.72
287.470333333
295.953666667
288.27
286.906
295.956
288.11
286.127
295.610333333
287.15
285.509
295.525666667
286.37
286.844952233
295.730671391
286.02
286.9
295.75
287.22
287.447298434
296.654751011
289.39
288.844271914
298.08198222
290.54
290.404666667
300.438
292.27
291.788333333
301.805
292.13
291.929
300.704
293.1
293.727
302.893666667
295.05
294.282
302.615333333
296.09
295.385464068
298.846286058
296.53
296.6
296.51
295.97
296.041677472
297.983508758
296.5
296.185148433
296.66820662
296.67
294.804565939
300.004538259
296.34
295.37
296.97
294.22
294.54
296.69
292.63
293.952408821
296.640666667
291.7
292.238204411
296.507333333
290.08
291.7
296.19
289.52
291.507566056
296.049857978
288.77
290.58
295.44
288.05
290.300307055
295.545467105
287.24
288.584333333
296.534333333
287.12
288.258666667
296.458666667
287.06
288.594003105
296.149182692
286.69
288.42
295.9
288.16
288.906173295
296.613725806
289.75
289.797181754
297.540324873
291.3
291.156
299.372666667
291.94
292.009
300.242333333
293.78
291.9595
300.7595
294.78
293.113333333
301.746666667
295.34
293.364666667
302.381333333
296.03
292.57
304.29
296.85
292.705561659
304.198248557
296.6
293.31
303.82
296.3
292.9
303.12
294.76
292.729659722
302.4937526
294.74
291.95
299.85
293.27
290.61
298.7
291.71
290.386326944
298.51119712
291.19
289.742663472
298.00509856
290.71
288.819359046
297.653711058
289.33
288.243
297.109666667
288.29
287.387
296.720333333
287.15
287.7685
296.4185
287.21
286.5
296.0
286.8
286.469
295.669
286.31
286.937997783
296.863811276
285.4
287.16
297.15
286.63
287.325591567
297.424538708
286.69
287.861553568
298.765285461
288.1
288.322333333
299.505666667
288.41
288.863666667
300.880333333
287.88
288.9685
300.4435
288.24
289.655333333
302.422
288.46
289.905666667
302.589
290.28
291.671273063
303.767448133
290.76
291.484125984
303.645707751
289.25
293.67
305.09
289.49
293.356461052
304.790197748
290.69
291.88
303.48
290.2
291.33711176
302.688781699
289.98
290.838140036
302.037763685
289.11
289.299333333
299.916
288.24
288.895666667
299.379
287.37
288.7755
299.3505
286.4
288.277333333
298.644
286.41
288.062666667
298.446
286.28
287.777536823
298.47220287
286.28
287.583104364
298.21050797
286.7
287.15
298.15
286.37
287.148176013
298.300499722
286.42
287.14
298.93
286.65
287.455360489
298.899978339
286.88
288.132001273
300.156759407
287.66
288.986
300.152666667
287.98
289.65
301.483333333
288.82
288.827
301.777
289.68
289.986666667
303.453333333
290.19
289.659333333
304.092666667
288.98
291.660691374
304.018181185
288.2
292.4
304.67
289.63
291.649298501
304.342842551
289.33
292.227784402
304.391627471
288.67
290.414898681
303.620257161
291.03
291.89
303.86
290.12
291.510361178
303.500719837
289.95
289.810713568
301.600265815
289.28
288.6
300.96
288.33
288.358231076
300.807051851
287.75
287.376666667
300.376666667
287.8
286.821333333
299.971333333
286.41
287.66
300.15
287.26
287.362665761
300.01917678
286.27
286.517832881
299.67108839
286.28
287.763272175
301.47363122
287.0
286.413666667
300.597
286.65
287.154333333
301.871
286.34
288.0845
302.3345
287.33
288.762
303.878666667
287.41
289.629
304.612333333
287.94
289.905553309
304.971564976
289.68
290.94191686
305.811332198
290.27
291.67
306.56
291.59
291.456246494
306.433132372
291.59
290.402
306.052
291.97
290.056
305.756
292.61
291.6437102
305.825367192
291.69
292.14
305.54
290.86
292.14
304.57
291.06
291.560310442
304.18460355
288.9
289.307333333
302.390666667
288.41
287.999666667
301.766333333
287.95
287.7495
301.3245
287.75
286.089333333
300.639333333
286.39
285.486666667
300.136666667
286.11
285.1175
299.7675
285.74
284.437
299.220333333
286.22
283.99
298.806666667
286.06
286.4315
301.0065
285.48
285.021666667
299.721666667
285.41
286.500333333
301.050333333
286.66
287.7525
302.0025
288.13
289.306666667
303.456666667
289.41
290.634333333
304.534333333
290.68
291.14
304.715
290.99
292.741666667
306.091666667
292.52
293.521333333
306.571333333
293.45
293.6275
305.7525
293.71
294.631666667
306.665
293.94
294.962333333
306.279
294.89
296.88
306.32
295.15
296.64
305.3
294.61
296.162298661
304.553507293
294.77
294.914156819
303.817882562
291.78
293.553
301.886333333
291.15
292.314
301.230666667
290.8
292.0695
300.8695
290.71
290.499
300.115666667
291.04
289.923
299.656333333
290.05
289.5475
299.222
289.36
288.904666667
298.754333333
289.83
288.462333333
298.311666667
289.0
289.897416893
299.407316634
287.74
288.917243637
298.529441318
287.21
290.38
299.59
289.57
291.89
300.69
290.75
293.36
301.59
291.13
294.469446154
302.64780476
292.46
296.299698492
303.619509722
294.89
299.84
305.99
295.18
300.052467438
306.296047514
297.89
303.11
306.85
298.63
305.15
307.85
297.32
304.151
307.386363527
298.95
304.88
305.82
299.79
305.12
305.09
301.41
304.62
304.13
297.92
301.88
303.0
298.45
297.16
302.72
295.22
296.17
302.25
295.54
295.17
302.4
295.73
295.19
301.69
295.34
293.43
301.59
292.6
291.91
301.15
293.74
291.16
300.43
294.01
290.9
299.5
293.88
290.42
299.19
294.58
290.43
299.91
290.86
291.18
300.43
290.94
290.9
300.72
292.24
291.608158883
301.590636554
292.49
293.536579441
303.827818277
294.33
292.886369943
303.120834073
295.24
295.326640518
305.944605054
296.02
295.1
305.75
296.39
296.11
306.16
297.59
297.36
306.48
298.33
298.1
306.46
296.87
297.959811947
306.023266547
296.11
297.34
304.22
297.33
295.85
302.66
295.44
293.36
302.13
294.15
291.36
301.15
292.24
291.213352941
300.584481013
292.03
290.835482556
300.375728308
292.23
290.424185786
298.712652079
290.24
290.042371572
298.319304158
289.61
289.660557358
297.925956236
289.45
289.278743144
297.532608315
289.04
288.89692893
297.139260394
288.01
288.515114716
296.745912473
287.0
287.89
296.11
288.35
287.984204467
296.592798834
288.55
288.41
298.63
289.2
288.589949287
298.825589133
288.69
289.089423022
299.33693327
289.33
289.86
300.12
289.61
289.85
301.22
291.11
291.13
301.76
292.13
292.13
302.35
291.9
292.39
303.25
293.17
292.332324603
302.914890608
292.36
292.171743452
302.033667956
292.01
292.011162302
301.152445304
292.01
291.850581151
300.271222652
292.52
290.582300604
300.435016375
291.23
289.89
299.38
289.2
289.784167015
298.887742331
288.37
289.191317511
298.31598088
288.16
288.848
296.998
287.28
288.232
296.482
287.13
286.6
296.92
287.13
286.63
296.69
287.13
286.18
296.86
286.13
286.17
296.83
286.56
286.55
298.01
285.81
287.39
299.89
287.15
288.39
300.16
287.58
290.14
302.51
288.92
290.13
302.43
289.94
292.39
305.12
290.45
293.13
305.72
291.05
294.64
306.03
290.18
294.63
305.76
291.41
295.64
304.72
290.63
295.12
305.15
290.14
293.37
304.39
289.73
293.38
304.31
289.15
290.37
303.7
289.23
289.86
301.89
288.67
289.12
301.15
287.82
288.92
300.4
288.53
288.579776554
299.837245585
288.24
288.482
297.798
288.11
287.569
297.252
287.46
287.39
297.74
288.22
287.15
297.44
288.32
287.22
297.15
288.22
286.96
296.57
287.85
287.14
297.43
287.78
288.14
298.71
288.08
289.9
300.36
288.75
291.15
301.68
289.08
292.64
302.1
289.44
292.87
303.37
290.09
295.64
304.98
289.9
295.64
304.99
289.44
295.27
306.4
289.53
293.85
305.9
289.93
293.92
305.83
290.15
294.21
305.73
290.94
294.12
304.27
291.16
293.14
302.87
290.64
292.89
301.91
290.65
292.14
301.41
290.15
291.95
300.87
289.29
290.89
299.89
290.22
290.64
299.32
289.22
290.68
298.4
289.71
290.01
298.25
289.22
289.17
297.14
288.71
288.66
296.89
288.72
288.95
296.96
288.47
289.15
298.85
288.46
289.89
300.54
288.82
290.89
302.17
289.64
292.14
303.85
289.64
294.64
304.88
290.11
296.65
306.11
290.24
298.38
306.15
290.93
299.61
306.92
291.69
299.85
306.89
292.66
300.37
306.58
294.7
300.59
306.02
293.2
299.87
305.28
293.24
299.36
304.46
292.53
298.13
302.98
292.35
296.13
301.84
291.36
294.63
300.71
290.57
293.63
300.41
290.15
293.12
300.15
290.15
292.87
300.15
289.79
291.89
299.15
289.41
290.93
299.15
289.57
290.41
298.78
289.0
290.38
297.87
288.95
290.15
297.97
288.65
290.13
299.15
289.47
290.37
301.12
290.32
290.88
302.71
291.47
291.12
304.46
292.62
292.11
306.29
293.27
293.6
307.79
294.12
294.36
307.45
294.47
295.86
309.03
295.29
297.6
307.6
295.76
298.37
306.51
296.44
298.63
307.14
296.64
299.12
307.15
296.99
298.61
306.15
296.7
298.37
305.0
295.4
297.12
304.43
293.79
294.85
303.45
292.84
293.84
302.42
291.99
293.35
302.36
291.79
291.88
301.89
291.37
290.67
301.33
291.37
290.16
300.59
290.79
289.67
300.15
290.2
289.496323782
300.038347092
289.58
288.4
299.37
289.15
287.1
299.95
290.17
289.87
300.78
291.51
291.37
301.84
291.82
293.61
303.66
292.82
294.62
305.3
293.47
295.87
307.08
293.62
297.64
308.03
294.94
299.37
309.15
295.68
300.12
308.41
296.12
300.61
309.15
296.27
301.37
309.15
296.8
301.12
308.39
297.28
300.61
307.15
296.5
299.35
305.64
295.36
297.84
304.36
294.58
295.59
303.89
293.37
293.82
303.17
292.38
292.88
302.2
291.95
291.66
301.91
291.36
290.9
301.4
290.74
289.4
300.87
290.31
288.9
300.33
289.73
288.4
299.79
289.31
287.94
299.18
288.83
287.68
299.62
289.35
288.43
300.69
290.32
288.68
301.97
290.97
289.9
304.0
291.45
291.65
305.59
292.27
293.13
307.15
293.1
294.62
308.24
293.77
295.88
307.87
294.44
296.88
305.98
294.92
298.63
308.71
295.59
299.12
308.57
295.57
299.12
308.15
295.46
299.37
307.15
295.37
298.86
305.65
294.22
297.38
304.74
292.81
295.16
303.79
292.21
293.41
303.07
291.01
291.9
302.35
290.59
290.78
301.83
289.59
289.4
301.22
289.16
288.41
300.79
289.15
287.36
300.58
288.32
287.66
299.74
287.91
286.9
299.15
287.02
286.66
299.97
288.89
287.91
301.27
289.64
288.67
302.28
290.47
290.16
304.25
291.6
291.91
306.17
292.07
294.38
307.03
292.86
295.62
307.67
293.86
297.38
308.84
294.69
298.37
309.15
295.21
299.63
308.93
296.04
300.12
308.59
298.34
300.46
306.85
296.59
300.63
306.67
296.26
299.62
305.15
294.62
298.37
304.29
293.19
296.36
303.55
292.4
294.37
303.0
291.56
292.88
302.15
291.36
291.88
300.89
291.0
290.9
300.33
290.62
289.91
299.64
289.99
289.16
298.44
289.154593844
288.367098333
298.103065491
289.37
286.66
297.62
288.4
287.15
298.92
289.69
289.89
300.77
291.14
292.13
302.15
292.12
293.87
304.3
293.27
294.88
305.15
294.93
295.63
306.15
295.86
298.13
306.9
296.65
300.11
307.66
297.53
301.12
308.15
297.71
302.11
308.15
298.06
302.87
307.9
298.8
302.87
307.15
298.83
302.88
306.39
298.27
302.38
305.15
