280.59
281.14
289.21
280.32
280.49
287.78
279.46
280.4
287.01
279.57
280.27
285.96
279.16
280.01
285.71
278.96
279.63
284.77
278.58
279.03
284.93
278.75
279.02
284.22
278.54
278.91
283.65
278.16
278.68
283.7
278.33
278.68
283.39
277.13
278.8
286.44
277.7
278.8
288.51
278.12
279.26
291.14
278.42
280.03
294.08
279.27
280.14
296.58
279.71
280.59
299.15
280.3
281.25
300.09
281.12
281.26
300.71
282.43
281.03
300.84
282.82
281.52
300.41
282.14
281.39
300.02
282.01
281.9
298.83
281.29
281.65
298.65
280.31
281.4
297.43
279.81
280.9
296.37
279.84
281.02
294.89
279.39
280.37
294.58
279.15
280.37
294.37
279.15
280.26
294.02
279.15
280.25
293.22
279.16
280.25
292.69
278.95
279.89
292.79
278.56
279.77
290.95
278.35
279.77
289.68
278.56
280.14
288.01
278.84
280.25
287.95
279.69
280.47
288.52
280.98
280.9
289.46
282.13
282.89
290.89
283.58
283.65
292.75
284.72
284.53
294.22
285.26
284.28
295.28
285.28
283.47
295.59
285.12
283.15
296.23
284.83
283.15
295.63
284.42
282.78
294.57
283.43
283.03
292.53
282.5
282.02
290.78
282.15
281.37
290.08
281.99
281.03
289.34
281.34
280.37
288.65
281.34
280.37
288.84
281.15
280.37
288.59
280.74
280.25
288.97
280.54
280.26
289.59
280.54
280.15
289.72
280.54
280.15
289.95
280.54
280.37
290.08
280.17
280.78
290.37
280.13
280.37
291.08
280.28
281.04
293.0
280.95
281.03
293.29
278.846
280.096
295.72
281.3
282.98
295.78
281.28
283.15
298.41
281.71
283.37
298.55
282.01
283.48
299.35
281.71
283.81
299.88
281.72
283.48
300.02
281.58
283.58
299.82
281.42
283.37
299.22
281.3
283.04
298.59
281.13
283.04
297.78
280.64
283.02
296.53
280.33
282.37
296.03
280.32
281.6
295.42
280.14
280.71
291.3
279.94
280.77
288.92
279.74
280.71
289.07
279.74
280.77
288.61
279.54
280.37
288.62
279.35
280.65
288.34
279.14
280.77
288.64
279.0
280.82
290.47
279.3
281.26
293.46
279.18
281.29
293.46
280.57
284.91
296.43
280.99
285.65
297.38
281.13
285.48
298.94
281.86
285.27
299.15
283.0
285.65
299.51
283.57
285.65
298.79
283.74
284.59
298.1
283.31
283.59
296.08
282.75
283.15
293.53
282.03
281.48
291.43
279.72
280.83
288.56
279.43
280.59
287.55
278.63
279.8
287.22
278.12
280.0
286.34
277.93
279.69
286.01
277.77
279.69
285.42
277.43
279.5
284.89
276.94
279.14
284.27
276.94
279.64
284.15
276.94
278.81
283.75
277.87
278.47
285.07
277.99
278.9
286.47
278.99
279.76
289.86
279.86
280.14
291.4
281.44
281.25
291.93
282.3
282.69
293.52
283.01
283.75
295.28
284.16
284.16
296.59
284.29
284.66
297.46
285.01
285.17
298.02
285.3
285.07
298.16
284.74
285.06
297.63
283.62
284.9
294.1
282.35
283.38
292.02
281.01
282.82
290.27
280.0
281.63
288.74
278.4
281.43
288.15
277.97
279.96
288.28
277.77
279.4
287.15
277.33
277.83
285.75
276.74
277.02
285.09
276.72
276.89
285.03
276.72
276.37
284.59
277.11
277.27
284.21
277.37
277.9
285.41
277.66
277.8
289.76
278.53
279.02
291.88
280.01
280.27
295.67
280.86
281.26
297.87
281.3
283.03
298.83
281.61
283.77
300.15
282.31
284.89
301.15
282.57
285.67
301.42
282.9
285.72
301.28
282.75
286.29
300.72
282.73
285.53
299.36
282.46
285.17
297.49
282.35
284.61
296.02
281.67
283.71
295.16
281.19
283.03
293.83
280.81
282.67
292.76
280.99
282.46
292.16
280.39
282.27
291.03
280.18
282.03
290.22
279.79
282.59
289.36
279.78
282.15
288.89
279.56
282.03
288.55
279.57
282.02
288.65
279.58
282.02
289.48
279.87
281.49
290.61
280.01
281.37
292.57
280.15
281.9
294.02
280.47
281.65
294.88
281.43
282.65
295.15
282.16
283.65
296.08
282.59
283.8
296.15
282.74
285.27
296.0
283.02
285.37
295.95
283.18
285.64
295.88
284.0
285.49
295.28
282.75
285.37
295.01
281.46
284.52
294.88
281.15
283.15
294.75
280.29
282.64
294.09
279.95
281.89
293.68
279.46
281.43
291.66
279.16
280.75
289.68
278.3
280.38
290.09
277.65
279.6
290.08
276.97
279.56
289.72
276.31
279.42
289.82
275.62
278.64
289.29
275.62
278.27
289.15
276.6
277.95
289.35
279.28
279.41
289.22
280.01
280.76
288.88
280.75
281.87
288.55
282.15
282.89
289.08
281.85
284.0
290.45
281.98
284.57
292.54
282.29
285.18
293.59
282.57
284.81
292.71
282.41
284.88
291.55
281.55
283.81
291.03
282.7
282.69
289.84
282.16
281.93
288.84
280.14
281.17
288.4
279.0
280.39
288.48
278.57
279.77
288.01
278.38
278.74
287.4
277.76
278.51
286.77
277.38
278.27
286.46
275.8
278.14
285.88
276.08
277.13
285.03
276.23
276.73
283.96
276.22
276.46
283.55
275.22
275.96
284.74
275.83
275.59
286.61
276.97
277.45
289.27
279.95
279.7
292.07
281.28
281.04
293.5
282.12
282.15
294.79
282.98
282.48
296.01
283.56
283.64
297.21
284.14
284.37
298.08
284.31
285.03
298.52
284.31
284.94
298.42
284.04
284.82
297.5
283.32
284.41
295.28
281.88
282.61
292.78
279.53
281.26
291.34
278.51
280.92
290.35
278.2
280.24
290.22
277.59
279.79
290.08
277.58
279.26
290.15
277.6
278.67
289.71
277.57
278.79
289.46
277.56
278.91
289.75
277.57
278.78
289.95
277.57
278.45
289.72
277.29
278.79
290.68
278.14
279.02
293.94
278.56
279.78
296.47
279.84
281.0
297.74
281.42
282.79
299.02
283.27
285.12
300.28
284.42
286.92
300.59
284.99
287.81
301.34
285.7
288.8
301.29
285.45
288.7
301.08
285.01
288.38
300.52
284.28
287.5
299.22
284.16
286.27
296.41
283.14
285.03
294.08
282.16
283.27
293.58
282.14
282.71
292.15
281.75
282.15
289.48
280.05
282.77
286.55
279.72
282.93
284.14
279.88
282.9
283.15
279.0
282.93
282.43
278.33
282.37
282.15
278.17
282.37
282.42
277.88
282.15
282.58
280.59
282.04
285.35
281.29
282.02
286.95
281.59
282.15
289.28
281.99
282.71
290.9
282.57
282.92
291.72
283.45
283.04
292.59
283.87
283.04
293.71
284.02
283.37
294.15
284.0
283.47
294.15
283.85
283.81
294.03
284.69
284.04
292.84
284.0
284.14
292.22
283.3
283.59
288.9
281.98
283.25
288.89
281.98
282.92
286.5
282.15
282.59
285.01
281.75
282.25
284.33
281.15
281.78
283.46
280.96
282.01
282.96
280.93
281.78
282.14
280.74
281.7
282.55
280.56
281.25
281.62
280.55
281.71
280.21
280.61
281.71
282.07
279.71
282.15
286.27
279.46
281.7
290.42
280.98
281.9
292.55
281.86
282.28
294.88
281.68
282.294598267
294.889870968
282.41
283.92
295.15
283.26
285.59
296.02
283.69
286.02
296.62
284.14
286.28
296.68
284.27
286.89
296.58
284.14
287.53
296.15
284.88
287.49
293.15
284.29
286.37
290.27
282.82
284.49
288.9
281.7
284.04
287.7
281.3
283.17
286.52
281.13
282.52
285.83
280.93
282.77
285.84
280.53
282.26
284.52
279.77
281.93
284.02
279.6
281.82
283.39
279.77
281.59
283.34
279.61
281.77
283.02
280.55
281.749791534
283.659296799
278.6
281.6
287.55
280.38
282.53
290.75
281.39
283.7
291.21
282.36
285.26
294.14
282.94
287.27
296.28
283.09
287.14
297.22
283.67
286.03
298.08
284.4
286.03
298.52
284.54
285.14
298.71
284.14
284.07
298.53
283.63
284.54
297.83
283.72
284.04
296.96
284.53
281.93
294.59
283.51
281.41
292.24
282.23
281.26
291.29
282.95
280.81
290.76
282.76
280.71
289.76
282.36
281.15
289.88
281.95
280.82
289.72
281.76
280.64
289.78
281.55
280.26
289.72
281.15
280.04
289.29
280.56
279.27
288.41
280.34
278.91
288.46
279.55
278.23
289.55
279.99
278.57
291.47
280.81
279.9
294.2
281.82
280.7
296.14
282.95
281.52
298.28
283.84
281.91
298.47
284.13
282.14
299.09
284.22
282.5
299.55
283.96
282.27
300.03
283.96
282.37
299.84
283.8
282.36
298.84
283.39
281.89
298.1
283.0
281.77
296.91
282.63
280.59
295.72
282.14
280.27
295.15
281.29
279.03
294.15
280.13
278.69
293.47
280.89
278.35
292.91
280.69
277.79
291.9
279.9
277.23
291.96
279.74
277.12
292.15
279.15
277.14
292.4
278.15
276.47
292.72
278.34
276.26
292.72
276.96
275.63
293.22
277.79
277.12
293.96
279.65
279.22
295.27
281.53
281.02
296.08
282.67
282.14
297.7
283.8
282.58
298.47
284.8
283.93
299.56
284.27
284.91
300.36
284.86
285.38
300.16
285.28
285.91
300.21
286.0
286.3
299.53
285.56
285.83
299.15
284.58
285.27
297.69
283.01
284.54
296.82
282.33
284.52
296.42
281.66
284.17
295.68
281.15
283.4
295.22
280.95
283.03
294.46
280.95
281.6
294.15
280.54
280.7
294.22
280.95
279.52
293.95
280.75
279.59
293.89
279.56
279.15
292.96
279.15
279.25
292.96
279.0
279.26
294.35
279.27
279.11
295.15
279.55
280.68
296.53
280.71
281.7
297.47
282.3
282.9
298.08
282.84
282.82
298.35
283.44
282.03
297.41
284.02
282.59
296.02
284.15
283.02
295.83
284.01
283.3
294.82
283.44
282.83
294.55
283.14
282.5
294.01
281.57
281.84
293.62
280.81
280.78
292.78
279.65
280.91
292.65
279.15
280.41
292.07
279.55
279.02
292.08
279.17
278.69
291.95
279.17
277.47
291.35
278.77
276.9
291.08
278.77
276.35
290.95
278.56
275.45
290.61
277.76
274.9
290.15
276.96
274.79
289.69
276.69
274.78
289.65
278.1
275.97
289.53
279.66
278.61
289.96
281.53
280.57
290.96
282.82
281.9
291.43
284.11
283.36
293.28
285.53
284.77
295.15
282.99
285.59
295.97
286.56
285.78
296.73
287.28
285.93
296.23
287.14
285.52
295.29
286.16
285.66
294.79
285.18
285.16
293.91
284.18
284.4
293.16
283.33
283.38
292.08
282.83
283.26
291.75
282.77
282.27
291.34
282.95
282.59
290.78
283.14
281.52
290.28
283.36
280.92
290.08
283.77
280.7
289.95
283.77
280.59
290.15
283.4
280.48
290.21
282.16
280.72
290.57
282.02
281.36
291.09
281.87
282.04
291.68
282.26
283.39
292.72
283.4
284.15
293.95
284.36
284.37
294.81
285.39
284.7
295.08
285.79
285.27
295.42
286.54
287.04
295.68
287.26
286.93
296.02
287.38
287.03
296.47
287.99
287.26
296.35
287.87
286.92
295.36
286.25
285.48
293.72
284.96
283.14
291.89
284.3
282.14
291.62
283.62
281.91
290.48
282.94
281.64
290.15
282.76
281.25
290.28
281.474783343
280.436534884
290.359340241
281.591880235
280.42926087
290.58895691
279.957666667
279.291
290.674333333
279.856333333
279.173
290.889666667
279.486
279.711
292.761
279.474333333
279.374333333
292.424333333
279.193666667
279.693666667
293.743666667
280.85
279.61
293.33
282.25
281.36
295.22
283.35
282.76
296.21
284.22
283.36
296.94
285.27
284.15
297.81
285.4
283.88
298.74
285.71
283.91
298.9
283.7
284.48
299.02
285.11
284.26
299.08
285.15
283.7
298.02
284.56
282.37
296.55
283.85
281.65
295.62
283.47
280.71
294.88
282.65
280.03
293.96
282.13
279.37
293.4
282.14
279.03
293.68
281.93
279.02
294.07
281.5
279.14
293.64
281.13
279.15
292.79
281.3
278.81
292.02
281.15
278.37
291.58
281.35
278.68
291.58
281.13
279.4
291.68
280.25
279.39
292.61
280.39
279.27
293.08
281.39
280.02
294.62
282.68
281.25
296.27
283.85
282.15
297.44
285.12
282.82
298.39
285.8
282.26
298.77
286.96
281.69
299.15
287.54
282.8
299.35
287.65
282.35
298.88
287.53
281.69
298.22
286.96
282.02
296.66
285.42
280.8
295.22
284.79
280.36
294.15
283.62
279.93
293.83
283.79
279.48
294.07
276.22
278.7
293.27
281.94
278.59
292.71
281.13
278.27
292.52
281.33
278.48
291.84
280.93
278.04
291.68
280.72
278.37
291.75
280.72
278.14
291.15
280.33
277.77
291.4
279.54
277.92
292.95
280.12
278.79
294.71
281.25
280.36
295.95
282.38
281.93
297.15
283.67
282.37
298.08
284.13
283.47
298.55
285.27
284.59
298.96
285.54
285.03
299.21
285.83
286.14
299.01
284.97
286.78
299.28
284.96
286.61
298.59
284.99
286.78
297.42
285.14
285.95
295.86
283.85
284.28
295.09
282.01
282.37
294.75
280.66
281.7
294.08
280.17
281.54
294.28
279.36
280.39
294.15
279.74
280.16
293.58
278.93
278.92
293.02
279.12
277.9
292.65
278.72
277.57
292.42
278.51
276.91
292.55
278.52
276.91
292.84
278.26
277.01
294.01
279.38
278.09
294.95
280.96
281.03
296.48
282.67
283.27
297.15
283.97
285.04
297.83
284.98
286.58
298.46
286.42
287.77
298.82
287.14
289.27
298.55
287.73
290.64
299.21
287.87
291.02
298.77
287.87
290.28
297.84
286.77
290.51
296.95
286.06
289.95
296.21
285.21
289.15
295.4
284.7
287.71
295.21
283.81
286.15
294.48
283.55
285.53
294.15
283.55
284.65
294.86
282.57
284.75
294.52
282.36
284.59
294.07
282.39
284.04
293.83
282.19
283.37
293.95
281.39
283.71
293.15
281.2
283.93
293.35
281.13
283.76
293.77
281.56
283.57
294.52
282.86
284.58
295.15
283.84
286.28
296.36
285.09
286.76
296.01
286.25
287.01
294.63
286.73
288.03
292.22
286.96
288.4
290.61
288.5
287.52
290.42
287.08
286.14
290.35
286.84
284.87
290.89
287.84
284.52
290.88
286.84
284.78
291.02
286.17
284.77
290.82
285.84
285.01
290.46
285.17
284.78
290.41
284.84
283.91
290.41
284.5
283.9
290.02
283.73
283.51
290.29
283.52
283.26
290.08
283.34
283.43
290.15
283.73
282.43
290.28
283.55
282.77
290.29
283.14
282.4
290.5
282.71
282.15
291.48
282.97
282.39
292.87
283.28
283.15
295.48
284.82
284.52
296.95
286.01
285.53
297.61
286.69
286.02
298.02
286.95
285.88
298.81
287.56
286.98
299.52
287.96
287.73
299.55
287.96
286.76
299.15
288.16
286.9
298.43
287.18
286.78
295.78
286.98
285.54
294.21
285.48
284.29
293.34
284.45
283.71
292.59
284.29
282.57
292.09
283.95
281.89
291.71
283.54
281.14
291.27
282.92
281.14
291.15
282.31
280.38
291.46
281.9
280.38
291.71
281.7
280.13
291.88
281.09
280.41
292.21
281.49
280.01
292.15
281.24
280.13
293.08
282.1
281.02
293.88
283.65
282.02
295.15
284.5
284.01
296.72
285.95
283.53
297.01
285.86
282.89
299.08
286.23
283.87
300.08
287.26
284.16
300.36
287.26
284.91
300.14
287.41
285.52
300.55
286.71
286.15
299.83
286.13
286.3
298.78
285.96
286.29
297.4
285.09
285.39
296.55
284.46
283.52
296.01
284.11
282.64
295.27
283.91
281.52
295.21
283.34
281.65
294.61
282.35
281.27
294.33
281.75
281.26
293.96
281.54
280.64
294.02
281.53
280.14
294.08
280.93
280.0
293.88
281.15
279.51
294.22
280.11
279.49
294.94
280.81
280.49
296.21
282.25
281.86
297.14
283.55
283.15
297.95
284.54
283.51
298.88
285.41
284.89
299.65
285.71
285.38
300.68
286.26
286.71
300.58
287.26
285.78
300.96
287.25
285.38
300.68
287.7
285.63
300.09
287.14
285.37
298.78
286.71
284.27
296.51
285.65
283.76
295.68
284.82
283.14
295.58
283.8
282.52
295.48
283.35
282.02
294.9
282.95
281.5
294.15
282.15
281.0
293.95
281.37
280.48
293.52
281.15
279.62
292.58
281.17
278.87
292.77
281.56
278.47
293.08
281.57
277.86
293.65
279.68
277.37
294.79
280.54
280.01
295.65
281.57
281.76
297.08
282.71
283.65
298.59
284.16
285.52
299.48
284.6
286.51
300.08
285.61
287.77
300.65
286.62
288.39
300.96
287.63
289.87
301.28
288.36
290.65
301.27
288.5
291.3
300.89
288.66
291.41
299.65
288.25
290.15
298.15
286.42
289.27
297.86
284.41
288.27
294.46
283.89
286.88
291.65
283.45
286.24
289.75
283.8
285.6
288.72
282.84
285.7
287.82
282.83
285.33
287.08
282.22
285.06
286.55
282.21
284.72
286.08
281.97
284.35
285.69
282.17
283.92
285.28
281.28
284.09
285.21
282.7
284.55
286.28
283.69
287.01
287.08
285.7
288.26
286.95
286.57
286.51
286.96
287.47
284.26
287.71
287.17
284.7
288.65
286.88
286.92
289.08
287.16
287.05
289.35
287.28
286.14
288.62
287.43
286.51
288.46
286.59
286.86
287.82
285.72
285.77
286.48
284.31
285.15
285.59
283.97
284.0
285.21
283.33
283.27
283.83
282.78
282.14
283.46
282.36
282.14
283.34
282.58
282.13
283.21
282.14
281.57
283.08
282.17
280.51
282.88
281.97
280.02
282.84
281.77
280.13
281.79
281.57
280.22
283.68
281.56
280.37
285.82
282.1
280.98
287.89
282.68
282.87
290.55
283.56
283.76
291.75
284.56
284.39
293.08
285.41
284.27
294.08
286.4
284.27
294.83
286.55
284.02
295.4
286.97
283.85
295.52
286.83
283.39
295.68
286.42
283.02
295.03
285.69
282.78
292.95
284.87
282.15
290.5
283.8
281.78
288.1
283.16
281.78
286.34
281.93
281.52
285.46
282.53
281.15
284.33
282.52
280.9
283.9
282.34
280.77
283.4
282.13
280.64
283.4
281.75
280.52
282.89
281.13
280.52
282.7
281.14
280.39
282.4
281.13
280.02
284.27
280.54
280.52
288.26
280.97
280.52
291.65
282.54
281.26
293.9
284.18
282.26
294.96
284.53
282.14
295.9
285.28
283.13
296.71
286.55
283.38
297.27
287.14
283.88
297.4
287.7
284.37
297.71
287.85
284.37
297.58
288.72
284.75
296.69
288.45
284.87
295.47
287.89
284.76
294.01
286.2
283.88
293.28
285.02
282.89
292.62
283.82
282.64
292.09
282.91
282.51
291.84
283.33
281.76
291.65
282.94
281.39
291.15
282.55
281.24
290.71
282.15
281.43
290.22
282.54
281.38
289.52
282.15
281.52
289.43
282.54
281.26
290.36
280.25
281.25
292.34
280.95
282.26
294.81
281.85
282.52
296.93
283.42
283.89
298.68
285.29
284.43
300.08
286.3
284.57
300.48
286.87
285.27
301.15
286.86
285.89
301.75
286.73
285.9
301.88
286.88
286.02
301.55
