287.54
288.49
283.02
288.12
289.17
283.02
287.41
289.15
282.53
287.18
289.05
281.8
287.28
288.67
281.36
286.35
287.88
280.94
285.235
286.545
280.49
284.12
285.21
280.04
283.54
284.4
279.87
283.15
283.91
279.54
283.41
283.66
279.2
283.31
283.38
278.97
282.98
283.18
278.92
283.02
282.88
278.86
282.72
282.43
278.81
282.74
282.36
278.74
282.5
282.29
278.73
282.37
282.3
279.2
282.925
282.62
279.425
283.48
282.94
279.65
284.12
283.45
279.99
284.75
283.79
280.48
285.0
284.25
281.47
284.79
284.81
282.6
284.52
284.98
282.82
284.31
284.71
282.84
283.81
285.02
283.07
283.75
285.07
283.11
283.34
285.02
283.03
283.47
285.35
283.08
283.86
285.52
282.85
283.9
285.34
281.86
284.28
285.12
281.26
284.25
284.74
280.67
284.12
284.63
280.07
284.11
284.61
279.49
283.9
284.18
279.08
283.77
283.66
278.72
283.465
282.893
281.898
283.16
283.01
277.84
282.96
282.83
278.45
282.6
282.94
280.67
282.3
283.09
283.74
282.09
283.43
286.72
282.52
283.82
289.06
282.69
284.61
290.9
283.33
285.28
292.35
283.72
285.61
293.05
284.07
286.01
293.7
284.43
286.18
293.83
284.99
286.03
293.64
285.01
285.45
292.44
284.8
284.47
291.1
284.4
283.83
289.43
283.74
283.07
288.47
283.45
282.29
288.04
283.25
282.04
287.53
283.13
281.98
287.29
282.92
281.88
287.2
282.63
281.86
287.21
282.11
282.03
287.23
282.04
282.2
287.05
282.29
282.08
286.76
282.53
281.94
286.28
282.45
281.04
286.36
281.83
280.39
287.91
281.49
280.45
289.73
281.72
280.96
291.97
281.97
281.96
293.42
282.46
282.8
294.68
283.17
282.59
295.63
283.94
281.87
296.18
284.55
281.33
296.94
284.92
282.62
297.07
285.39
283.29
296.76
284.75
282.72
296.36
284.0
281.87
295.1
282.31
281.09
293.78
281.65
280.84
293.0
281.22
280.61
292.3
280.71
280.46
291.76
280.11
280.18
291.22
279.67
279.91
290.85
279.46
279.53
290.3
279.35
279.29
289.67
279.21
279.11
289.7
279.07
278.88
289.85
279.07
278.51
289.96
278.89
278.08
290.06
278.92
277.55
290.34
279.25
277.58
291.06
279.63
278.02
291.79
280.44
278.36
292.67
280.875
278.47
292.92
281.31
278.45
294.76
281.32
278.73
295.11
281.68
278.87
295.53
282.53
280.15
295.52
282.66
280.42
295.57
282.47
280.33
295.61
282.09
280.13
295.27
281.6
280.01
294.61
281.44
279.58
294.04
280.8
279.18
293.58
280.48
278.97
293.31
280.1
278.67
293.12
279.92
278.69
292.77
279.91
278.63
292.02
279.94
278.7
291.91
279.92
278.75
292.0
279.92
278.82
292.07
279.94
278.66
292.22
279.86
278.59
292.61
279.88
278.54
293.2
280.14
278.78
294.01
280.62
279.25
294.88
281.76
279.87
295.62
282.63
280.79
296.37
283.19
282.36
296.75
283.75
283.38
296.97
284.46
283.91
297.02
285.12
284.12
296.81
285.49
284.52
296.67
285.93
284.66
296.5
285.59
284.58
296.29
284.61
283.88
296.07
283.22
282.85
295.88
282.52
281.98
295.63
281.71
281.38
295.03
281.49
280.83
294.5
281.51
280.14
294.02
281.3
279.6
293.47
281.19
279.28
293.25
281.37
279.04
293.36
281.38
278.93
293.51
281.21
278.86
293.66
281.14
278.82
293.79
281.18
278.89
294.66
281.24
279.44
295.44
281.45
280.52
297.04
281.64
281.81
298.73
282.15
282.46
299.72
282.85
283.37
299.83
282.98
283.48
299.64
282.35
284.35
299.23
282.22
285.01
299.74
282.0
284.7
299.87
281.77
284.84
299.72
281.39
284.52
298.68
281.29
284.14
298.06
281.05
283.74
297.71
280.9
283.47
296.97
280.85
283.41
296.47
280.83
283.46
295.93
280.88
283.32
295.21
280.8
283.2
293.19
280.82
283.25
282.68
280.84
283.22
281.29
280.91
283.15
280.51
281.28
282.94
279.76
281.28
282.95
279.28
281.5
283.17
278.79
281.82
283.41
278.42
282.11
283.47
278.13
282.3
283.5
277.66
282.95
283.99
277.8
283.61
284.65
278.01
284.35
285.63
278.23
285.84
286.37
278.55
286.37
286.29
279.14
286.66
285.77
280.11
286.36
285.27
280.75
285.67
284.61
280.38
284.47
283.67
280.02
283.56
282.61
279.85
282.89
282.08
278.8
282.63
281.68
277.99
282.55
281.37
277.66
282.2
281.18
277.6
282.09
280.95
277.76
281.84
280.64
277.77
281.42
280.53
277.76
281.26
280.22
277.79
281.0
280.15
277.51
280.75
280.13
277.45
280.28
280.17
278.18
280.3
280.11
279.97
280.66
280.19
281.45
281.56
280.43
282.66
282.23
280.78
283.73
283.16
281.49
285.53
284.06
282.02
286.95
284.67
282.11
287.68
284.87
283.37
289.21
285.18
283.87
289.36
284.98
283.89
289.02
284.67
283.59
287.75
283.54
283.02
285.23
282.42
281.83
283.9
281.03
280.87
282.93
279.79
280.26
282.04
279.1
279.67
281.83
278.53
279.3
281.39
278.26
278.69
280.83
277.86
277.98
280.31
277.95
277.72
279.93
278.05
277.74
279.85
278.5
277.67
279.71
278.34
277.31
280.95
278.4
277.37
284.66
279.05
278.0
287.99
279.37
279.29
291.34
279.72
280.21
293.28
279.45
280.41
294.83
279.02
280.67
296.01
278.29
280.7
297.46
278.06
280.0
298.11
278.2
279.31
298.24
278.03
279.2
297.87
277.76
279.18
296.91
277.67
279.1
294.76
277.97
278.98
292.93
277.9
279.07
291.59
278.1
279.0
290.01
278.16
279.36
288.88
278.44
279.21
288.47
277.51
278.2
287.84
276.97
277.49
287.25
277.02
277.01
286.96
277.11
276.39
286.58
277.06
275.83
285.54
276.76
275.73
285.05
276.21
275.66
285.24
276.08
275.77
287.51
276.73
276.32
291.01
277.3
277.04
293.83
277.83
277.94
295.54
278.51
278.63
297.02
278.8
279.21
297.82
278.74
280.27
298.54
279.45
280.81
298.86
280.72
281.12
298.93
281.61
281.39
298.34
282.05
281.16
297.39
281.78
280.82
295.84
281.25
280.03
294.29
280.17
279.3
293.36
279.45
278.6
292.79
278.52
278.19
291.93
277.69
277.94
291.28
277.28
277.81
290.72
277.11
277.66
290.36
277.04
277.42
289.84
276.96
277.02
288.77
277.01
276.87
287.96
277.09
276.75
287.51
277.09
276.65
287.94
276.82
276.73
289.41
277.28
277.17
291.29
278.34
278.11
293.11
279.49
279.18
295.12
280.53
280.42
296.67
281.29
281.65
298.14
281.79
282.11
299.26
282.17
282.91
300.37
283.94
284.15
300.69
283.74
284.05
300.07
284.06
283.97
298.97
283.96
283.53
297.84
283.58
282.55
296.86
282.44
281.08
296.08
280.87
280.06
295.49
279.95
279.0
295.18
279.55
278.32
294.96
279.47
277.71
294.42
279.35
277.15
293.94
279.18
277.0
293.54
278.9
276.95
293.29
278.66
277.06
293.46
278.47
276.76
293.54
278.25
276.4
293.93
278.16
276.25
294.76
278.59
277.11
296.11
279.66
278.26
297.66
280.91
279.6
299.5
282.1
280.94
300.85
283.45
281.83
301.89
284.18
282.96
302.89
284.75
283.59
303.5
284.86
284.16
303.49
284.43
285.62
302.42
284.93
285.65
301.15
285.01
284.52
300.02
284.93
283.83
299.52
283.7
280.9
298.99
282.51
279.79
298.11
281.43
279.05
297.56
280.48
278.62
296.77
279.72
277.86
296.27
279.47
277.1
295.6
278.96
276.67
295.39
278.38
276.11
295.29
277.82
275.84
295.11
277.23
275.78
295.07
277.29
275.64
295.15
277.925
276.41
295.575
278.56
277.18
296.0
280.36
278.64
297.58
281.89
280.55
299.58
283.24
282.21
301.52
284.52
283.78
302.36
285.38
284.59
303.75
286.2
286.09
303.78
286.47
285.74
303.53
286.58
284.61
303.37
286.93
284.79
302.82
287.0
285.92
301.62
286.07
285.13
300.46
284.53
283.57
299.39
282.66
282.31
297.82
281.86
281.15
297.02
280.87
279.43
296.5
280.36
278.61
296.27
279.94
277.75
296.23
279.28
277.29
295.82
279.0
276.65
296.09
278.98
276.7
296.27
278.63
276.3
296.27
278.74
276.39
296.36
279.35
276.54
296.66
280.8
278.12
297.17
281.85
280.21
298.43
283.05
282.28
299.72
283.81
284.44
300.95
284.51
285.9
302.1
285.13
287.21
302.25
285.72
287.75
302.16
287.1
288.13
301.25
286.95
287.88
300.92
286.15
287.14
300.36
285.55
285.81
299.64
285.08
284.79
298.88
284.49
283.4
298.33
283.73
282.53
297.85
282.82
281.6
297.63
282.19
281.06
297.44
282.05
280.5
296.55
281.46
280.09
296.32
280.99
279.78
296.53
280.79
279.55
292.07
280.53
279.42
285.92
280.39
279.37
283.14
279.4
280.605
282.215
279.98
279.29
281.29
279.99
279.55
281.01
280.11
279.93
281.02
280.38
280.52
281.42
280.84
281.25
282.13
281.15
281.72
282.83
281.54
282.34
284.64
281.82
282.96
285.73
281.9
283.08
286.24
281.68
282.9
286.11
281.38
282.78
285.74
281.2
282.56
284.38
281.16
282.42
283.25
281.0
282.39
282.16
280.95
282.38
281.11
280.79
282.32
280.35
280.58
282.33
279.81
280.54
282.24
279.07
280.82
282.17
278.65
280.69
282.1
278.17
280.72
282.19
277.95
281.01
282.25
277.52
280.96
282.28
277.23
280.74
282.37
277.88
280.76
282.42
279.7
280.89
282.54
281.57
281.27
282.6
282.96
281.56
282.72
284.76
282.22
283.14
286.38
282.78
283.57
287.83
283.5
284.18
288.8
284.14
284.61
289.68
284.6
284.78
290.14
285.05
284.81
290.24
285.15
284.58
289.96
285.23
284.25
288.47
284.72
283.66
285.63
284.2
283.16
284.09
282.7815
283.0315
284.3465
283.47
282.37
282.65
283.12
282.0
282.55
283.0
281.81
282.28
282.82
281.63
282.09
282.79
281.53
281.97
282.65
281.3
281.64
282.36
281.09
281.32
282.0
280.89
280.93
281.5
280.8
282.03
281.37
280.8
284.68
282.14
280.93
287.45
282.73
281.21
289.76
283.36
281.76
291.67
284.01
282.47
292.92
284.9
283.36
294.21
285.66
284.27
294.76
285.81
284.76
294.93
285.49
285.11
294.82
284.93
285.09
294.49
284.9
284.56
293.49
284.22
284.12
292.1
283.96
283.39
290.41
283.35
282.37
289.42
282.79
281.93
288.54
282.47
281.67
287.59
282.37
281.39
286.85
281.84
281.04
286.29
281.61
280.76
285.35
281.58
280.5
284.66
281.4
280.31
283.74
281.22
280.11
283.0
281.03
279.9
282.81
280.83
279.83
283.55
280.36
279.7
285.58
280.01
279.79
288.33
280.46
280.26
290.24
281.6
280.5
291.53
282.79
280.89
292.94
282.4
281.39
293.54
281.25
281.76
294.14
279.95
282.01
294.77
281.07
283.04
294.66
282.17
283.39
294.32
283.55
283.66
293.49
284.35
283.76
292.06
283.79
282.97
290.55
282.5
281.89
289.33
280.68
280.6
288.66
279.47
279.89
287.95
278.83
279.1
287.56
277.99
278.31
287.1
277.54
277.86
286.56
277.29
277.55
286.05
276.61
277.12
286.39
276.24
276.61
286.13
275.79
276.33
285.57
275.07
275.81
287.13
275.62
276.26
289.73
277.51
277.85
292.06
279.66
279.75
293.98
282.2
281.58
295.35
284.06
283.34
296.49
284.98
285.08
297.23
286.04
286.38
298.21
286.85
287.15
298.52
287.73
287.83
298.85
287.59
288.08
298.6
287.53
288.1
297.79
287.51
287.42
296.55
286.6
286.4
295.36
284.97
284.71
294.55
282.74
282.67
293.99
281.63
281.21
293.47
280.54
280.2
293.06
279.88
279.15
292.47
279.03
278.3
291.8
278.76
277.59
291.32
278.48
276.89
291.05
278.5
276.2
291.09
278.36
275.7
290.97
278.13
275.35
290.89
279.15
276.03
290.31
279.95
278.34
288.35
281.23
280.76
284.87
282.92
282.86
282.64
284.44
284.25
282.01
286.26
286.12
281.99
287.11
287.2
282.02
288.08
288.51
281.93
288.17
289.36
281.54
288.19
289.38
281.13
288.54
289.1
280.87
288.74
288.43
280.52
288.32
287.63
280.13
286.75
285.79
279.75
285.28
284.01
279.21
284.05
282.89
278.41
283.39
281.88
278.03
282.27
281.03
277.79
281.64
280.35
277.67
281.36
279.5
277.58
280.36
278.86
277.38
279.81
278.33
276.93
278.88
277.87
276.56
278.28
277.3
277.04
278.6
277.61
278.65
281.24
279.78
280.09
283.48
282.83
282.18
285.11
285.22
283.75
286.69
287.52
285.27
287.35
289.29
286.52
288.2
290.7
287.96
288.93
291.85
288.76
289.48
292.5
289.41
288.96
292.77
289.19
288.91
292.58
288.52
289.11
291.57
287.55
288.79
290.82
286.59
286.94
288.91
286.19
285.49
286.89
285.88
284.17
285.12
285.23
283.26
284.03
284.56
282.61
283.2
284.3
282.1
282.4
283.77
281.46
281.77
283.66
281.11
280.94
283.32
280.55
280.37
283.1
279.77
279.64
282.33
280.24
279.585
287.0995
280.71
279.53
285.98
282.28
281.61
288.78
284.08
284.26
290.65
285.28
286.47
292.25
286.48
288.46
293.38
287.44
290.08
294.82
288.34
291.91
296.11
289.06
292.97
296.42
289.96
293.83
296.46
290.0
294.29
295.89
290.16
294.58
295.12
290.3
294.42
294.03
289.8
293.52
293.02
289.07
291.31
292.4
287.08
288.93
291.5
286.33
286.99
290.98
285.59
285.29
290.35
284.7
284.19
290.0
283.9
283.18
289.91
283.39
282.36
289.7
282.92
281.69
289.44
282.18
281.07
289.3
281.74
280.61
288.96
281.15
280.43
288.57
281.67
280.83
289.0
283.01
281.55
289.3
284.59
282.61
289.84
286.06
284.11
291.43
286.56
286.16
293.62
286.41
287.88
295.04
286.4
288.8
296.07
286.58
290.22
296.3
286.89
291.3
297.23
287.27
291.65
297.55
288.05
292.12
297.57
288.04
292.24
297.37
287.46
291.71
296.28
286.7
290.0
295.78
286.16
288.24
295.35
285.83
286.92
294.86
285.67
286.33
294.92
285.16
285.77
294.96
284.63
285.26
294.81
284.26
284.86
294.57
284.16
284.64
293.96
283.79
284.44
293.49
283.88
284.22
292.88
283.82
284.18
291.57
283.54
284.15
291.07
283.32
284.32
291.19
283.08
284.68
291.35
282.86
284.58
291.31
283.02
284.46
291.83
283.1
284.48
293.29
283.42
284.61
294.14
283.59
284.53
295.2
284.19
284.95
295.95
284.66
285.25
295.99
285.07
285.36
295.85
285.16
285.41
294.47
285.08
285.23
292.52
284.7
284.76
290.62
284.07
284.08
289.81
283.56
283.68
288.91
282.87
283.42
288.16
282.47
283.32
287.44
282.27
283.1
286.93
281.79
283.0
286.01
280.99
282.68
285.3
280.17
282.23
284.88
279.33
281.85
284.74
278.87
281.66
286.16
279.07
281.53
288.25
280.63
281.69
290.14
282.17
282.01
291.73
283.39
282.74
293.72
283.93
283.68
296.12
284.49
284.13
296.93
285.77
286.14
299.37
285.25
287.23
300.46
285.72
287.57
300.99
285.65
286.41
300.67
283.84
286.05
299.53
283.41
285.8
298.01
283.11
284.76
296.63
282.9
283.52
295.82
282.25
282.97
294.89
281.62
282.14
294.26
281.71
282.14
294.17
281.69
281.82
293.37
281.4
281.73
292.69
281.15
282.0
291.8
280.71
280.65
291.04
279.93
280.55
290.42
279.54
280.43
290.07
279.22
279.5
291.5
279.29
279.74
294.32
279.67
279.64
297.01
280.21
280.68
299.5
281.53
281.7
300.91
282.44
282.54
301.8
283.09
284.24
303.01
283.92
285.35
303.61
284.99
285.12
303.67
285.03
286.58
303.17
284.57
286.23
302.03
284.55
285.98
300.7
284.11
285.13
299.13
283.44
283.28
297.61
282.62
281.59
296.45
281.58
280.55
295.34
280.52
280.2
294.58
280.325
279.45
293.73
280.13
278.7
292.88
279.91
278.47
292.24
279.06
278.26
291.18
278.93
277.6
290.43
278.03
276.88
289.68
277.11
276.11
289.36
276.72
276.6
290.87
276.59
276.57
292.64
278.47
278.44
294.73
280.37
279.97
295.62
281.15
281.69
296.33
281.77
281.57
297.5
283.22
283.22
299.16
283.74
284.06
300.71
284.08
283.34
301.3
284.8
285.3
301.37
285.27
284.95
300.83
285.1
285.25
299.93
285.02
285.15
298.51
284.49
284.65
297.64
283.33
283.17
296.85
281.81
281.84
296.09
280.78
281.38
295.07
279.6
280.22
294.22
279.32
279.73
293.46
278.31
278.67
292.8
278.11
278.36
292.25
277.29
276.73
291.41
276.51
276.23
292.07
276.66
275.93
292.2
276.35
275.71
292.12
276.29
276.68
292.79
278.07
279.58
293.79
280.5
281.39
295.82
282.41
283.55
296.99
283.05
283.71
298.41
284.3
286.88
300.04
285.25
288.34
300.52
285.86
288.68
301.04
286.49
289.8
301.03
287.04
289.73
300.85
287.04
289.75
300.51
287.27
289.36
299.38
286.68
288.66
297.95
285.39
287.6
297.35
284.46
285.5
295.57
284.22
284.3
293.84
283.15
283.42
293.17
282.84
283.19
292.29
282.31
282.85
292.25
281.91
282.42
291.8
281.53
282.92
288.94
281.0
281.0
284.81
280.47
280.63
283.78
279.72
280.52
282.87
280.32
281.39
283.05
281.38
283.35
283.51
283.91
285.41
283.51
284.68
287.25
283.74
286.24
287.38
283.89
286.98
289.05
283.74
286.86
291.79
282.72
287.59
292.17
282.03
287.05
291.7
281.05
286.74
290.12
280.76
286.86
289.56
280.28
286.42
288.88
280.23
286.61
288.13
280.27
286.75
286.71
280.48
284.93
286.2
280.62
283.77
285.42
280.8
283.06
284.31
280.69
282.65
283.97
279.96
282.26
283.7
278.83
281.68
283.51
278.2
281.3
283.26
278.04
281.0
282.11
277.46
280.57
282.84
277.34
280.29
282.15
278.53
280.71
282.63
280.96
281.88
284.44
283.68
283.43
286.16
286.99
285.07
287.69
288.5
286.53
289.34
289.81
287.84
290.64
290.4
290.13
290.51
291.38
291.24
291.46
291.91
291.22
292.63
292.08
291.9
292.64
291.85
291.66
292.87
291.16
291.46
292.8
289.8
290.54
292.32
288.03
289.39
290.87
285.38
288.08
289.02
284.07
286.4
287.88
283.0
285.28
287.08
282.46
285.18
286.66
281.84
284.7
285.66
281.48
284.06
285.1
281.03
283.77
285.08
280.59
283.57
284.57
279.79
283.24
284.16
279.96
282.59
283.42
283.06
282.63
284.87
286.88
283.8
286.36
290.08
285.53
288.21
292.61
287.03
290.1
293.55
