282.243
285.118
295.343
282.243
285.118
295.343
284.167
286.417
296.617
284.167
286.417
296.617
284.167
286.417
296.617
284.269
285.794
292.169
284.269
285.794
292.169
284.269
285.794
292.169
282.499
282.774
287.274
282.499
282.774
287.274
282.499
282.774
287.274
281.865
282.365
285.015
281.865
282.365
285.015
281.865
282.365
285.015
281.948
282.548
284.548
281.948
282.548
284.548
281.948
282.548
284.548
281.957
282.682
283.782
281.957
282.682
283.782
281.957
282.682
283.782
283.157
282.882
289.282
283.157
282.882
289.282
283.157
282.882
289.282
283.121
286.271
295.371
283.121
286.271
295.371
283.121
286.271
295.371
284.981
286.731
297.506
284.981
286.731
297.506
284.981
286.731
297.506
285.385
286.185
296.435
285.385
286.185
296.435
285.385
286.185
296.435
283.715
284.415
293.59
283.715
284.415
293.59
283.715
284.415
293.59
283.686
283.761
291.261
283.686
283.761
291.261
283.686
283.761
291.261
283.343
283.468
289.893
283.343
283.468
289.893
283.343
283.468
289.893
283.063
284.313
289.463
283.063
284.313
289.463
283.063
284.313
289.463
282.878
285.928
292.903
282.878
285.928
292.903
282.878
285.928
292.903
284.06
288.435
299.21
284.06
288.435
299.21
284.06
288.435
299.21
284.931
287.081
301.281
284.931
287.081
301.281
284.931
287.081
301.281
283.886
286.186
298.311
283.886
286.186
298.311
283.886
286.186
298.311
283.722
284.497
293.897
283.722
284.497
293.897
283.722
284.497
293.897
283.789
283.914
291.489
283.789
283.914
291.489
283.789
283.914
291.489
283.593
284.493
289.868
283.593
284.493
289.868
283.593
284.493
289.868
283.786
284.311
288.336
283.786
284.311
288.336
283.786
284.311
288.336
282.9
283.925
293.4
282.9
283.925
293.4
282.9
283.925
293.4
283.288
285.988
298.438
283.288
285.988
298.438
283.288
285.988
298.438
283.749
286.249
299.599
283.749
286.249
299.599
283.749
286.249
299.599
284.476
285.676
297.301
284.476
285.676
297.301
284.476
285.676
297.301
283.297
284.297
294.397
283.297
284.297
294.397
283.297
284.297
294.397
283.376
283.051
292.001
283.376
283.051
292.001
283.376
283.051
292.001
283.201
282.601
290.776
283.201
282.601
290.776
283.201
282.601
290.776
283.001
282.001
290.401
283.001
282.001
290.401
283.001
282.001
290.401
281.389
283.139
294.464
281.389
283.139
294.464
281.389
283.139
294.464
281.603
284.153
299.578
281.603
284.153
299.578
281.603
284.153
299.578
282.175
287.3
301.275
282.175
287.3
301.275
282.175
287.3
301.275
283.878
287.828
298.778
283.878
287.828
298.778
283.878
287.828
298.778
283.649
286.599
297.024
283.649
286.599
297.024
283.649
286.599
297.024
283.41
285.56
295.51
283.41
285.56
295.51
283.41
285.56
295.51
283.945
285.345
294.02
283.945
285.345
294.02
283.945
285.345
294.02
284.063
284.638
292.413
284.063
284.638
292.413
284.063
284.638
292.413
283.237
283.412
294.512
283.237
283.412
294.512
283.237
283.412
294.512
283.194
283.794
298.419
283.194
283.794
298.419
283.194
283.794
298.419
283.289
284.789
300.614
283.289
284.789
300.614
283.289
284.789
300.614
283.062
284.512
298.187
283.062
284.512
298.187
283.062
284.512
298.187
282.786
283.436
294.986
282.786
283.436
294.986
282.786
283.436
294.986
282.722
283.222
292.147
282.722
283.222
292.147
282.722
283.222
292.147
282.69
283.69
290.34
282.69
283.69
290.34
282.69
283.69
290.34
282.54
283.215
288.64
282.54
283.215
288.64
282.54
283.215
288.64
282.82
283.045
294.895
282.82
283.045
294.895
282.82
283.045
294.895
283.54
285.165
300.24
283.54
285.165
300.24
283.54
285.165
300.24
285.609
287.759
301.184
285.609
287.759
301.184
285.609
287.759
301.184
285.523
287.273
297.573
285.523
287.273
297.573
285.523
287.273
297.573
283.007
284.207
293.457
283.007
284.207
293.457
283.007
284.207
293.457
281.604
282.429
291.554
281.604
282.429
291.554
281.604
282.429
291.554
281.03
281.88
290.63
281.03
281.88
290.63
281.03
281.88
290.63
280.824
281.124
290.074
280.824
281.124
290.074
280.824
281.124
290.074
280.724
281.299
295.749
280.724
281.299
295.749
280.724
281.299
295.749
282.837
282.812
301.112
282.837
282.812
301.112
282.837
282.812
301.112
282.661
283.936
301.961
282.661
283.936
301.961
282.661
283.936
301.961
282.612
285.212
298.737
282.612
285.212
298.737
282.612
285.212
298.737
282.154
282.329
295.979
282.154
282.329
295.979
282.154
282.329
295.979
281.686
281.136
294.536
281.686
281.136
294.536
281.686
281.136
294.536
281.728
280.028
292.553
281.728
280.028
292.553
281.728
280.028
292.553
281.613
278.638
291.263
281.613
278.638
291.263
281.613
278.638
291.263
279.244
279.919
294.769
279.244
279.919
294.769
279.244
279.919
294.769
281.924
282.174
301.524
281.924
282.174
301.524
281.924
282.174
301.524
282.587
283.062
303.487
282.587
283.062
303.487
282.587
283.062
303.487
282.874
282.349
299.599
282.874
282.349
299.599
282.874
282.349
299.599
282.067
281.242
295.692
282.067
281.242
295.692
282.067
281.242
295.692
281.475
281.15
293.826
281.475
281.15
293.826
281.475
281.15
293.826
281.178
281.478
292.178
281.178
281.478
292.178
281.178
281.478
292.178
280.927
282.602
290.402
280.927
282.602
290.402
280.927
282.602
290.402
281.021
283.396
294.446
281.021
283.396
294.446
281.021
283.396
294.446
281.486
284.336
301.236
281.486
284.336
301.236
281.486
284.336
301.236
282.107
285.157
301.982
282.107
285.157
301.982
282.107
285.157
301.982
282.478
283.728
297.803
282.478
283.728
297.803
282.478
283.728
297.803
281.781
282.456
294.281
281.781
282.456
294.281
281.781
282.456
294.281
280.724
282.074
292.249
280.724
282.074
292.249
280.724
282.074
292.249
280.774
282.299
292.424
280.774
282.299
292.424
280.774
282.299
292.424
281.119
282.619
292.144
281.119
282.619
292.144
281.119
282.619
292.144
281.21
283.035
295.51
281.21
283.035
295.51
281.21
283.035
295.51
281.58
283.04
297.29
283.14
284.27
299.35
284.54
284.28
301.07
285.12
285.04
302.0
285.15
286.15
302.78
285.01
285.79
303.42
284.57
286.38
303.22
284.29
286.4
302.28
283.43
285.49
300.82
282.86
285.49
299.22
283.15
285.38
298.42
283.16
285.01
297.07
283.0
284.77
296.42
283.24
285.28
296.62
283.18
284.82
296.52
283.41
284.54
296.52
283.18
284.04
296.59
283.18
284.04
296.55
282.75
283.66
296.28
282.57
283.59
296.22
282.58
283.71
295.84
281.89
283.71
295.72
282.45
283.78
296.21
283.16
283.77
297.29
283.87
283.77
298.75
284.56
283.82
299.21
284.72
284.27
300.21
285.28
284.59
301.15
285.38
285.4
300.62
285.28
285.37
300.3
285.27
285.71
298.83
285.42
285.93
298.42
284.43
285.49
297.57
284.13
285.26
297.09
285.16
284.82
296.75
284.85
285.15
296.62
284.01
285.82
296.44
283.55
285.27
296.08
282.93
284.59
293.84
283.16
284.71
292.93
279.73
284.65
292.74
279.98
283.04
292.95
279.92
283.28
292.61
279.79
283.27
292.65
279.8
283.28
292.59
282.32
283.04
292.77
282.75
282.06
293.21
283.18
281.38
293.61
285.12
282.28
294.28
285.48
283.75
294.41
286.58
286.14
294.74
287.72
287.43
294.4
288.44
289.02
294.68
288.72
289.36
294.94
288.87
290.26
294.88
288.15
290.41
294.58
286.73
290.04
293.84
285.29
286.66
293.52
283.96
284.39
293.34
283.3
283.4
293.49
282.79
282.85
293.51
281.28
281.63
293.22
281.05
280.95
292.46
280.53
279.78
292.08
279.79
278.89
291.75
279.51
278.29
291.86
278.97
278.03
291.41
278.3
278.39
291.62
277.63
278.16
291.64
277.62
278.6
292.07
278.12
277.92
292.22
278.62
277.65
293.07
278.68
279.63
294.21
280.4
282.9
295.01
281.41
284.9
295.65
282.48
287.88
295.81
283.24
289.35
296.01
285.59
289.48
296.14
285.34
289.71
295.88
287.33
289.72
295.65
286.5
288.72
295.21
286.29
287.71
294.95
286.71
287.49
294.75
286.63
286.92
294.61
284.96
285.77
294.22
285.3
286.37
294.15
284.65
286.01
294.02
284.85
285.39
293.3
284.15
285.71
292.35
284.0
286.03
291.82
283.49
285.39
291.55
282.5
285.26
290.69
281.95
285.27
290.28
283.71
285.37
289.15
283.73
285.37
288.96
284.46
285.37
289.41
285.3
285.59
289.93
286.16
285.93
290.46
287.06
286.26
291.34
285.75
286.26
292.02
287.3
286.26
292.46
287.31
286.27
292.41
287.02
286.37
292.34
286.02
286.15
291.8
285.3
286.14
291.28
284.59
286.02
290.87
283.98
285.25
290.47
283.8
284.91
290.68
283.14
284.59
290.46
283.75
284.4
290.65
283.56
284.15
290.22
283.35
283.93
290.42
282.96
283.81
290.35
282.73
283.49
290.22
282.51
282.93
289.95
282.73
282.4
289.95
282.31
282.14
289.84
282.52
282.53
289.86
282.83
282.81
290.35
282.86
283.03
290.71
281.57
283.36
291.47
283.01
284.66
292.21
283.87
286.15
292.63
284.87
287.03
290.82
285.14
287.82
289.86
285.25
288.37
289.95
286.15
289.03
290.03
285.59
288.53
290.09
284.16
286.83
289.94
283.64
285.72
289.84
284.64
285.6
289.75
284.8
284.71
289.75
284.95
284.39
289.65
284.93
284.38
289.47
285.1
284.15
289.27
284.31
283.94
289.62
284.15
283.82
289.72
284.15
283.71
289.88
284.32
283.82
290.02
284.54
284.05
290.09
284.12
283.82
290.15
284.4
283.93
290.51
284.32
283.93
290.86
284.16
283.78
291.35
284.3
284.26
291.88
284.42
284.92
292.15
285.14
285.92
292.44
285.99
286.4
292.59
286.57
287.69
292.65
286.27
288.8
292.42
285.86
288.91
292.42
285.4
288.15
292.08
284.87
287.6
291.93
284.3
285.78
291.81
284.65
285.94
291.88
284.98
285.38
291.68
282.86
285.16
291.55
282.34
284.94
291.15
281.94
284.28
291.08
281.89
284.61
291.15
281.55
284.9
290.59
281.31
284.06
290.22
283.87
284.18
290.15
283.4
282.96
289.9
283.37
281.54
289.51
281.7
281.4
289.55
282.7
280.43
289.62
285.4
281.39
289.75
285.75
282.12
290.09
286.7
285.79
290.42
287.89
288.47
290.35
289.2
290.69
290.72
289.62
292.03
290.71
289.8
293.37
290.65
290.22
294.38
290.58
289.94
294.05
290.35
286.19
292.79
290.28
286.2
289.95
290.15
286.49
288.5
290.22
286.47
288.05
290.22
286.77
286.69
290.01
285.78
286.26
289.75
285.22
285.39
289.62
285.05
284.7
289.55
284.14
285.13
289.28
284.0
285.7
289.34
284.04
285.92
289.34
282.85
285.82
289.28
282.82
285.53
289.28
282.66
285.6
288.94
282.88
285.6
289.52
283.33
285.15
290.41
284.7
285.28
290.95
285.73
286.37
291.28
285.64
286.59
291.41
286.0
288.49
291.28
286.39
289.37
291.54
286.4
290.16
291.89
286.02
290.39
291.72
284.92
290.6
290.9
284.42
289.92
290.29
283.77
287.91
289.47
285.32
286.16
288.75
283.55
285.77
287.78
283.14
284.29
287.22
282.4
284.16
286.79
281.57
284.05
285.89
281.31
283.28
285.86
281.26
282.95
285.65
280.27
282.71
285.41
279.79
281.95
285.22
279.62
282.27
284.68
278.96
281.5
284.3
277.97
281.51
283.61
280.2
281.62
285.43
280.32
281.29
287.74
281.72
281.78
289.61
284.13
283.14
291.21
286.0
284.89
292.65
287.45
286.82
293.75
288.01
288.24
294.28
288.46
290.01
294.48
288.17
290.51
294.15
287.62
290.15
292.72
285.9
288.93
291.03
285.04
287.4
289.4
284.51
285.71
288.27
284.97
285.05
287.21
284.54
284.61
286.83
284.36
284.38
286.58
283.19
284.16
286.02
283.19
284.15
285.77
282.99
284.16
285.52
282.78
284.38
285.08
284.15
283.89
284.65
281.79
283.89
284.28
281.81
283.64
284.15
281.61
283.39
284.21
283.76
284.03
286.76
283.2
283.52
289.68
282.75
284.4
292.28
284.0
285.14
293.67
284.45
286.03
294.55
284.75
287.03
295.53
285.99
288.03
296.15
285.33
289.26
296.79
285.04
288.82
296.65
284.77
288.27
295.94
285.17
288.28
293.03
284.69
287.05
290.48
284.79
287.04
289.34
284.77
286.6
288.9
285.15
286.28
288.96
284.96
286.15
288.65
283.03
286.15
288.22
283.0
286.15
287.65
283.21
285.77
286.9
282.41
286.37
286.41
282.76
286.03
285.96
283.03
287.15
285.62
282.77
287.48
284.88
283.25
287.38
284.35
286.18
286.38
285.28
284.6
286.37
286.83
284.99
286.81
288.39
285.8
287.15
289.77
286.66
287.15
291.14
286.45
286.93
292.08
287.3
286.59
293.15
287.16
287.04
293.65
286.44
286.6
293.42
286.48
286.49
291.82
285.31
285.71
290.22
284.46
285.38
288.52
284.76
284.94
287.34
283.13
284.77
286.71
282.15
283.7
286.41
282.38
283.15
285.64
280.97
282.93
284.96
280.37
282.14
284.95
280.57
281.25
284.27
280.98
281.69
284.64
280.75
281.25
284.88
281.17
281.04
285.22
280.97
280.93
285.22
280.75
281.37
285.38
282.89
281.26
285.8
282.01
281.65
287.0
282.85
282.15
289.68
282.48
282.15
292.35
282.82
282.7
293.88
283.17
283.65
294.02
283.33
283.82
295.01
283.33
283.94
294.95
283.31
284.04
294.79
283.49
284.26
293.79
284.3
284.7
290.58
284.01
284.4
289.75
283.83
285.28
288.89
283.52
284.93
288.27
283.66
284.53
287.77
283.95
284.94
287.46
283.39
285.03
287.41
284.15
284.6
287.02
281.96
284.71
286.96
281.6
284.82
286.77
281.62
284.6
286.65
280.79
284.15
286.62
280.12
284.4
286.58
279.39
284.53
286.15
279.85
284.15
287.34
280.03
284.15
290.15
281.28
283.6
292.68
283.09
283.71
294.77
284.32
284.93
296.28
288.54
286.01
298.52
286.42
286.43
298.95
285.99
286.0
299.34
286.01
286.58
299.29
284.87
285.32
297.82
284.02
284.88
294.22
282.44
283.94
292.21
282.3
283.5
290.42
281.81
282.94
289.21
281.49
282.72
288.21
280.98
282.5
287.27
281.14
282.79
286.88
279.38
281.78
285.75
279.33
282.15
285.15
278.96
281.93
284.58
279.11
282.03
284.54
279.08
281.93
284.54
279.16
281.78
283.71
278.71
282.15
283.36
279.97
282.14
285.2
280.28
282.36
289.34
278.9
282.82
292.64
279.03
283.14
296.34
279.71
283.59
298.82
280.72
284.77
300.62
281.09
284.81
301.22
281.7
284.03
301.71
282.74
283.16
301.42
283.72
282.4
299.73
282.15
282.03
295.61
281.31
281.28
293.71
281.46
280.47
292.14
281.47
280.03
291.07
280.63
280.16
290.28
279.97
280.04
289.7
280.35
279.93
289.48
280.18
279.89
288.2
280.16
279.15
287.7
279.96
279.03
286.67
280.14
279.27
286.26
279.93
279.25
285.61
280.35
278.7
285.34
280.12
278.81
285.13
279.34
279.51
287.13
279.29
279.48
291.08
276.65
279.7
295.68
277.55
279.92
298.55
278.13
280.93
300.65
278.54
281.6
302.15
283.3
282.27
302.65
283.43
282.7
302.58
282.98
282.95
302.02
282.27
282.43
300.22
281.73
281.95
296.48
280.73
280.6
295.41
280.64
280.4
295.08
279.64
280.16
294.28
279.29
279.71
293.29
279.46
279.71
292.33
279.74
279.64
291.65
279.56
279.6
291.28
278.95
279.37
290.53
278.96
279.15
290.09
278.96
279.14
289.22
278.95
279.15
288.53
278.96
278.92
288.09
278.78
279.01
288.21
277.71
277.94
290.75
277.72
278.25
291.07
277.86
278.91
294.32
278.86
279.92
295.21
280.0
281.02
296.62
281.17
281.78
297.77
280.85
282.71
299.14
280.91
283.15
299.15
281.02
283.38
299.0
280.32
283.16
297.81
279.88
282.06
296.51
278.89
280.52
296.02
278.86
279.4
295.75
278.66
277.95
295.53
278.32
277.5
295.35
277.49
276.85
295.15
277.53
276.62
294.84
277.18
275.97
294.86
276.2
275.4
294.86
276.15
275.28
294.62
275.61
274.72
294.14
275.55
275.27
293.62
275.55
275.72
292.41
275.74
276.15
289.78
275.97
276.38
287.68
275.88
277.15
286.94
276.3
278.03
287.02
277.21
278.77
288.48
278.03
280.92
288.54
278.95
282.7
289.48
279.68
283.14
289.36
279.53
283.38
289.22
279.3
283.71
289.15
279.73
283.38
288.15
279.5
283.16
286.36
279.18
282.72
285.41
278.49
281.49
284.92
278.04
281.38
283.48
277.87
280.83
283.01
277.7
280.95
282.58
273.12
281.17
281.72
272.8
281.17
280.81
272.97
281.7
280.36
273.13
281.94
279.72
273.42
281.03
278.93
272.98
281.27
278.29
273.11
280.93
277.15
272.64
281.04
276.6
273.88
281.04
278.22
277.87
281.04
280.53
278.93
280.53
281.91
279.17
280.77
283.65
280.02
282.03
285.29
280.74
283.04
286.15
281.8
284.26
287.15
282.01
283.91
287.15
281.44
284.28
286.92
281.57
284.6
285.9
280.74
284.15
283.08
279.88
283.38
281.02
280.01
283.16
279.35
280.01
284.29
278.14
281.26
283.85
277.42
281.31
283.85
276.71
276.54
284.18
276.94
276.3
284.51
276.22
276.37
284.62
275.55
276.19
284.4
275.07
276.22
284.62
274.95
276.29
284.39
274.62
276.8
285.16
274.54
276.64
284.61
274.64
281.99
284.18
276.2
282.09
284.04
283.79
282.15
284.27
284.14
282.89
284.17
286.51
283.71
284.16
289.14
284.39
284.49
290.42
284.52
284.06
290.58
284.65
284.17
290.75
284.88
284.78
290.42
283.88
283.82
289.37
283.03
283.38
286.52
282.59
282.92
285.79
282.84
282.6
284.74
282.0
281.81
284.36
282.18
281.59
283.91
282.19
281.14
282.86
282.0
281.52
282.21
281.97
281.13
281.43
281.59
281.27
280.86
281.81
282.04
280.35
281.94
281.78
279.81
281.38
281.7
279.58
282.41
281.7
279.15
282.19
281.77
279.15
281.31
281.36
281.34
281.01
281.64
284.65
281.12
281.58
287.79
281.86
282.04
290.48
282.58
282.66
292.48
283.31
283.26
294.15
283.74
283.7
294.86
284.02
283.81
295.44
284.02
283.6
295.22
283.31
283.26
294.08
281.18
282.16
292.38
280.04
281.91
291.53
280.16
281.65
291.01
279.63
280.28
290.72
279.32
279.7
290.15
276.82
279.47
290.28
277.26
279.88
290.37
277.46
280.04
289.95
277.79
280.04
289.82
277.64
279.93
289.62
278.29
279.71
289.75
278.78
278.93
289.94
278.72
278.59
290.08
279.01
278.58
290.15
