277.91
279.88
281.3
278.18
280.11
281.02
278.67
280.35
279.33
278.55
280.12
277.97
278.95
279.9
276.89
277.7545
279.865
276.555
279.08
279.83
276.22
278.99
279.72
275.52
279.07
279.77
275.38
278.98
279.76
276.47
278.88
279.86
277.51
278.96
279.86
277.93
278.78
279.85
277.79
278.9
279.89
277.8
278.9
280.01
277.65
278.81
280.16
277.32
278.95
280.29
276.94
278.7
280.44
276.57
278.86
280.43
276.48
279.0
280.76
276.69
279.22
280.82
277.49
279.53
280.88
277.87
279.68
280.7175
278.135
279.83
281.19
278.4
279.87
281.31
278.94
279.71
281.35
279.41
279.83
281.63
280.06
279.8
281.27
280.59
279.77
281.17
280.691
280.22
281.07
281.09
280.38
281.03
281.23
280.34
280.79
281.09
279.551
280.75
281.19
280.46
280.47
281.03
279.86
280.37
280.81
279.51
280.06
280.5
279.55
279.64
279.34
279.43
279.37
277.39
279.33
278.97
277.72
279.0
278.66
277.09
277.7495
278.19
277.18
278.47
277.8
277.09
277.62
277.78
277.39
276.805
277.98
277.09
277.35
278.16
277.44
277.81
278.8
278.24
278.65
279.27
278.83
278.61
279.52
279.6
278.57
279.27
279.97
277.52
279.23
280.22
277.39
279.15
280.23
277.15
279.055
280.14
276.7545
278.96
280.05
276.92
279.11
280.06
277.13
280.1
279.86
277.38
280.85
279.89
278.46
280.76
280.34
277.79
280.78
280.47
277.35
280.8
280.89
277.4615
280.81
281.13
277.38
280.73
281.62
278.0815
280.65
282.38
278.59
280.73
283.33
279.55
280.73
285.6
278.957
280.83
287.46
279.65
280.81
288.34
279.42
280.85
288.72
279.345
280.79
288.98
279.27
280.83
289.41
279.34
280.96
289.55
279.615
281.07
290.08
279.89
281.15
290.69
280.33
281.41
291.75
279.1825
281.15
291.3565
279.29
281.61
293.563
278.53
281.175
293.563
278.815
280.74
288.86
279.1
280.55
288.27
278.5
280.15
285.15
278.3905
280.663
282.603
278.37
280.99
281.22
278.79
281.52
280.915
279.21
282.23
280.61
279.01
282.85
280.18
279.86
283.57
279.92
282.03
284.08
279.61
282.47
284.69
279.08
281.99
284.32
278.47
281.51
282.25
277.88
280.42
280.56
277.72
280.225
280.1
279.52
280.03
280.01
283.17
280.28
279.82
285.9
279.97
280.3
288.09
280.1
280.69
290.25
279.307
280.33
291.68
280.4
279.59
292.27
280.44
280.14
292.67
280.15
281.1
292.057612885
280.15
280.355
293.563
280.15
279.61
284.87
279.96
279.64
283.77
279.13
279.79
282.14
279.03
279.56
280.8
279.01
279.48
280.47
279.285
279.16
279.68
279.56
278.86
279.93
279.26
278.94
279.6
279.15
278.71
280.41
279.13
278.7
280.59
279.03
278.56
281.3
278.91
278.77
281.07
278.71
278.79
281.13
278.915
278.68
280.8
279.12
278.44
283.54
277.48
278.18
287.44
277.075
277.84
290.34
276.67
277.93
292.92
277.13
278.7
294.22
277.26
279.51
295.13
277.35
280.56
294.69
277.44
281.34
293.84
278.0
282.31
290.74
278.265
282.45
290.215
278.53
282.59
289.69
278.46
282.51
289.03
278.39
282.43
288.92
278.49
282.22
288.88
277.8745
282.07
288.85
278.66
282.27
289.29
279.05
282.37
289.81
279.75
282.51
289.6
279.37
282.35
289.22
278.99
282.28
288.96
281.14
282.34
286.23
279.61
282.28
284.12
279.53
282.27
283.18
280.42
282.19
282.3
280.71
282.08
282.56
281.57
282.08
284.23
281.62
282.2
285.75
281.67
282.42
287.46
282.19
282.64
289.01
282.338
282.91
289.47
282.83
283.38
289.55
283.77
283.69
289.35
282.96
283.72
287.98
282.69
283.46
286.945
282.42
283.2
285.91
282.08
282.76
283.68
281.93
282.6
282.05
281.8
282.48
280.47
281.39
282.39
279.37
281.02
282.33
278.61
280.867
279.07
280.15
285.343
280.15
280.15
285.343
280.65
280.15
285.343
281.15
279.15
285.343
281.15
277.979
285.343
282.03
293.563
285.343
281.92
293.563
279.330227715
281.15
277.094574563
280.15
280.64
293.563
282.7465
281.84
285.15
285.343
281.15
289.3565
282.15
281.15
293.563
282.15
282.65
293.563
281.5
282.15
293.563
280.85
282.6
293.563
281.39
282.87
293.563
281.391097751
281.66
288.468679533
285.343
283.13
293.563
281.04
280.15
293.563
280.49
279.15
293.563
280.49
281.07
281.15
280.73
280.785
280.8005
280.97
280.5
279.89
280.79
280.66
278.78
280.590016662
280.449986115
276.599977784
280.65
280.4
276.52
280.61
280.16
276.21
280.6
280.17
275.96
280.29
280.06
276.13
280.3
279.71
275.68
279.85
279.12
275.43
279.68
278.71
275.01
279.5
278.46
276.14
279.38
278.12
278.17
279.54
278.41
280.23
279.87
279.08
281.98
280.56
280.01
283.13
281.29
280.8
284.13
281.425
281.4
285.29
281.56
281.71
286.03
281.44
281.45
285.15
280.77
280.8
282.42
279.7145
280.16
281.452
279.59
279.52
281.44
279.19
278.77
280.85
279.16
278.41
280.16
278.51
278.19
279.55
278.41
278.19
279.29
277.67
278.45
279.53
276.11
278.22
279.35
276.41
278.04
278.78
276.71
277.73
278.42
275.98
277.73
277.64
274.97
277.55
276.67
275.62
277.62
276.77
275.45
277.36
276.48
275.13
277.45
279.02
274.895
277.43
281.46
274.66
277.18
284.45
276.02
277.2
286.74
277.05
277.5
289.34
278.86
277.78
290.2
279.71
278.36
290.78
280.93
278.32
290.78
280.97
278.6
290.44
283.1565
283.1715
292.0015
285.343
287.743
293.563
285.343
287.743
293.563
285.343
287.743
293.563
285.343
287.743
293.563
285.343
287.743
293.563
285.343
287.743
293.563
285.343
287.743
293.563
285.343
287.743
293.563
285.343
287.743
293.563
285.343
276.253191613
282.56305554
285.343
287.743
293.563
285.343
287.743
293.563
285.343
275.86
278.52
285.343
275.77
279.03
275.852636212
275.77332491
279.034035823
285.343
287.743
293.563
285.343
287.743
293.563
285.343
287.743
293.563
285.343
276.263188836
283.422816718
285.343
287.743
293.563
285.343
287.743
293.563
285.343
287.743
293.563
278.73
277.23
282.84
285.343
277.232919467
282.842977784
285.343
287.743
293.563
285.343
287.743
293.563
285.343
287.743
293.563
285.343
287.743
293.563
285.343
287.743
293.563
285.343
287.743
293.563
285.343
287.743
293.563
285.343
287.743
293.563
285.343
287.743
293.563
285.343
287.743
293.563
285.343
287.743
293.563
285.343
287.743
293.563
285.343
287.743
293.563
285.343
287.743
293.563
285.343
287.743
293.563
285.343
287.743
293.563
285.343
287.743
293.563
285.343
287.743
293.563
285.343
287.743
293.563
285.343
287.743
293.563
285.343
287.743
293.563
285.343
287.743
293.563
285.343
287.743
293.563
285.343
287.743
293.563
285.343
287.743
293.563
285.343
287.743
293.563
285.343
287.743
293.563
285.343
287.743
293.563
285.343
287.743
293.563
285.343
287.743
293.563
285.343
287.743
293.563
285.343
287.743
293.563
285.343
287.743
293.563
285.343
275.48
276.96
276.85
275.3
276.62
277.09
275.74
275.53
277.05
276.08
275.29
277.115
274.9
275.655
277.18
276.11
277.34
277.21
276.29
281.02
277.31
276.1
283.92
277.59
276.64
285.97
277.93
277.22
287.85
278.11
277.49
289.25
278.71
277.94
290.33
279.03
278.06
290.93
279.31
277.89
290.2
278.37
277.82
287.42
277.77
277.62
285.71
276.91
277.62
284.47
276.805
277.555
283.94
276.7
277.49
283.41
277.03
277.15
282.73
276.71
277.15
281.94
276.87
276.9
281.49
276.61
276.78
281.38
276.57
276.51
281.14
276.68
276.55
280.93
276.49
276.38
279.92
276.41
276.36
279.695
276.33
276.34
279.47
275.46
276.08
281.75
275.68
276.03
284.72
275.49
276.015
285.884
275.63
276.0
289.11
276.02
276.24
291.48
276.41
276.64
293.12
277.78
277.76
294.37
277.96
278.78
294.87
278.14
280.22
294.66
279.67
280.42
292.42
278.54
279.74
290.97
277.68
279.06
289.52
277.25
277.93
288.76
276.82
276.87
287.86
276.68
276.61
286.87
276.16
276.53
285.81
275.51
275.88
284.57
276.15
275.27
283.02
274.358
274.84
282.24
275.08
274.63
281.3
274.96
274.57
280.72
274.76
274.53
279.73
274.76
274.4
278.98
274.76
274.46
277.76
274.92
274.33
276.63
274.79
274.38
276.51
275.03
274.59
276.8
275.96
275.06
277.14
276.305
275.48
278.52
276.65
276.15
279.39
277.78
277.35
280.36
278.54
278.44
281.17
278.98
279.45
281.48
279.03
280.31
280.73
278.985
280.23
279.415
278.94
280.15
278.1
278.68
280.45
276.75
278.36
280.04
275.83
278.62
279.51
276.23
278.19
279.37
275.57
277.86
278.74
274.53
277.53
278.76
274.64
277.86
278.8
274.99
276.79
278.9
274.43
276.67
278.92
273.82
276.68
278.75
273.31
276.67
278.73
272.83
277.11
278.76
273.21
277.22
278.67
273.28
277.15
278.67
275.73
274.6865
278.75
278.55
277.32
278.96
282.12
277.66
279.23
284.23
278.7
279.84
285.92
279.43
280.28
286.75
280.45
280.6
286.97
282.2
280.75
286.76
280.48
280.95
285.04
279.385
280.615
284.025
278.29
280.28
283.01
276.4395
279.71
282.18
278.16
279.5
281.77
277.21
279.26
281.25
277.02
279.02
280.41
276.84
278.79
279.55
276.59
278.45
279.06
275.82
278.15
278.66
275.15
278.28
278.31
273.9715
278.14
277.79
275.57
277.93
277.47
275.17
277.73
277.14
274.77
277.64
276.98
274.69
277.39
276.1
274.395
277.3
274.77
274.1
277.27
274.36
275.49
277.09
273.33
276.305
277.27
272.33
277.12
277.92
271.43
277.62
279.03
270.79
279.1
279.63
270.9
280.15
279.9
270.89
279.93
280.6
270.4
279.29
280.02
270.42
278.65
279.44
270.44
277.05
278.56
270.22
276.95
277.68
269.99
276.85
277.22
269.76
276.53
276.84
269.06
275.87
276.81
268.24
275.79
276.26
267.82
275.87
275.97
267.39
275.89
275.78
267.2
275.97
275.27
266.73
275.51
275.18
266.35
275.75
274.97
265.66
275.99
274.98
265.13
275.52
274.46
265.43
275.11
274.35
266.15
274.53
274.36
267.89
275.07
274.67
270.23
276.08
276.19
271.78
278.17
277.47
274.1
280.09
279.75
276.17
281.22
281.25
277.06
282.05
282.6
277.93
282.69
283.119590392
278.129101638
281.89
282.65
277.4
280.23
281.41
276.06
278.57
279.66
275.37
278.38
278.31
274.84
278.19
277.98
274.45
277.73
277.57
273.89
277.09
277.14
273.76
276.3145
276.24
273.77
277.3
275.65
273.32
276.5
275.12
273.0
276.84
275.12
272.53
276.11
274.62
272.03
275.67
274.73
271.67
276.015
274.44
271.52
276.36
274.17
272.15
275.73
273.98
275.68
276.04
273.42
280.88
276.39
274.09
283.73
276.74
275.52
286.57
279.22
276.97
289.63
280.66
278.38
291.49
281.14
280.7
292.32
282.89
282.4
292.22
281.74
283.82
291.31
280.485
283.48
289.58
279.23
281.51
287.01
277.74
279.49
285.22
277.1
278.11
283.72
276.46
277.27
283.29
275.72
276.75
282.76
275.415
276.37
282.38
275.11
276.04
281.58
274.028
275.68
281.41
275.58
275.18
281.65
275.78
275.0
281.71
275.95
274.15
281.93
274.875
274.12
281.69
273.8
273.81
281.97
273.6
273.51
282.86
273.4
273.21
283.75
273.09
273.31
286.64
273.45
274.01
289.5
274.6
275.08
291.89
275.91
276.45
292.85
277.14
277.54
293.64
278.16
278.66
294.42
278.29
279.21
295.21
278.29
279.34
295.23
277.86
279.1
292.36
277.18
278.14
289.65
276.04
276.91
287.78
275.92
276.09
286.11
275.66
275.74
284.72
275.52
275.33
283.98
274.79
275.05
282.04
274.46
274.92
281.54
274.39
274.68
281.8
274.29
274.59
282.77
273.93
274.64
280.35
273.99
274.49
277.74
273.79
274.2
275.98
273.68
274.09
274.82
273.97
274.02
273.86
274.17
273.91
273.89
274.33
273.81
274.48
274.61
274.19
275.21
275.56
274.74
275.57
276.8
275.43
276.44
277.86
276.36
276.75
278.24
276.97
275.62
278.91
277.6
274.8
279.46
277.79
273.93
279.22
277.73
272.98
278.65
277.51
272.24
277.96
277.19
271.54
277.65
277.23
270.75
277.47
277.39
269.85
277.49
277.72
269.15
277.48
277.88
268.88
277.81
278.17
268.68
277.94
278.19
268.52
278.1
278.34
268.43
278.07
278.44
268.29
278.03
278.55
267.92
277.83
278.61
267.87
278.03
278.67
267.73
277.85
278.67
267.7
277.82
278.92
268.27
277.96
278.99
269.21
277.86
278.95
270.62
278.25
279.24
272.01
278.47
279.73
272.94
278.81
280.29
273.89
279.47
280.96
274.18
279.83
281.49
274.55
279.98
281.74
274.22
279.67
281.62
272.98
279.4
281.39
271.85
278.95
280.95
270.65
278.94
280.7
269.7
278.94
280.39
268.74
279.08
280.18
268.45
278.88
280.09
268.19
279.04
279.91
267.16
278.94
279.76
266.51
278.95
279.64
265.57
278.8
279.64
265.44
278.73
279.54
265.32
278.69
279.41
264.92
278.58
279.46
265.0
278.36
279.53
266.13
278.38
279.8
269.21
278.28
280.4
272.62
278.5
281.03
275.23
278.83
281.65
277.1
279.23
281.99
278.92
279.65
282.12
280.04
280.09
282.0
280.79
280.18
281.85
280.68
280.11
280.97
279.98
279.85
280.32
278.71
279.5
279.87
277.38
279.0
279.67
276.45
278.68
279.44
275.9
278.86
279.18
275.3
278.78
279.19
274.94
278.47
279.2
274.42
278.44
279.3
273.99
278.25
279.3
273.73
278.25
279.18
273.4
278.14
278.99
273.05
277.94
278.91
272.97
277.94
278.84
272.78
277.84
278.69
272.72
277.49
278.63
273.34
277.53
278.5
274.85
277.45
278.42
276.7
277.48
278.55
279.55
277.67
278.92
281.78
277.9
279.5
284.2
277.53
280.0
286.07
277.27
280.02
287.13
276.88
279.95
287.41
276.7
279.77
286.93
276.98
279.61
285.91
276.68
279.16
285.59
276.59
278.8
285.35
276.43
278.37
284.61
276.33
278.25
283.75
276.05
278.15
283.46
275.88
278.07
283.44
275.53
278.07
284.0
274.92
278.04
284.85
274.72
278.03
285.48
274.37
277.97
285.86
274.21
277.97
286.09
274.31
277.87
286.04
274.08
277.82
286.05
273.48
277.59
285.98
272.65
277.45
286.86
272.29
277.25
288.28
273.27
277.16
290.23
275.61
277.25
292.23
276.17
277.51
293.81
277.52
277.88
295.28
278.21
278.16
295.79
278.76
278.66
296.01
278.65
278.78
295.56
278.71
278.7
294.44
277.78
278.24
293.59
275.54
277.63
292.89
274.32
277.12
292.13
273.33
276.34
291.55
272.65
275.93
291.01
271.98
276.11
291.17
271.88
276.24
291.36
272.03
276.26
291.37
271.89
276.26
291.22
271.02
276.14
288.97
271.4
276.13
287.69
271.55
275.97
285.6
270.97
275.78
283.45
271.03
275.86
281.3
271.36
275.77
280.84
271.68
275.79
280.63
272.79
276.46
280.69
273.2
277.13
280.89
273.81
277.93
281.29
274.86
278.47
281.64
275.72
278.84
281.83
276.05
279.25
281.75
276.17
279.3
281.38
275.67
279.15
280.64
275.14
278.35
280.18
274.96
277.34
279.79
274.81
276.45
279.5
274.65
275.85
278.97
274.02
275.43
278.13
274.18
274.9
276.85
274.07
274.57
275.98
273.85
274.1
275.53
273.7
273.8
275.1
273.7
273.55
274.76
273.7
273.17
274.32
273.64
272.88
273.87
273.65
272.71
273.72
273.64
272.47
273.52
273.45
272.38
273.29
273.28
272.43
273.56
274.14
273.33
273.65
274.71
274.85
273.7
275.32
276.19
273.76
275.96
277.65
273.51
276.91
278.73
273.4
277.23
279.32
272.73
277.43
279.23
271.57
277.23
278.71
271.43
276.0
277.79
271.53
274.84
276.97
271.69
273.96
276.72
271.78
273.93
276.36
271.92
273.46
276.04
271.81
273.36
275.63
271.72
273.05
275.47
271.39
272.85
275.08
271.55
272.77
274.7
271.61
272.59
274.33
271.57
272.71
273.84
271.54
272.35
273.27
271.59
271.93
272.96
271.6
271.52
272.92
271.81
271.32
272.94
272.07
271.41
273.15
272.76
272.27
273.56
273.75
274.05
274.33
274.8
275.04
275.06
275.86
275.61
275.61
276.71
275.92
276.05
277.46
276.51
276.09
277.52
276.22
275.89
277.31
275.97
275.45
276.99
275.01
274.58
276.44
273.91
273.62
276.24
272.81
272.9
276.08
272.49
272.63
276.25
271.99
272.46
276.39
271.59
272.08
276.7
271.28
271.61
276.77
271.18
271.27
276.64
270.72
271.05
276.57
270.28
270.57
276.45
269.87
270.26
276.45
270.3
270.26
276.43
269.83
270.01
276.42
269.2
270.16
276.58
269.1
270.63
276.91
268.08
270.88
277.29
269.5
271.49
277.93
270.04
272.59
278.64
271.33
273.67
279.37
271.82
274.18
279.64
272.35
274.58
280.02
272.66
274.45
280.34
272.48
274.1
280.57
272.11
273.58
280.19
271.36
273.12
279.79
271.0
272.48
279.24
271.15
272.08
278.21
271.06
271.57
277.85
270.77
271.15
276.97
270.65
270.77
276.13
270.13
270.37
275.78
269.09
269.92
274.95
268.75
269.42
274.12
268.72
268.98
273.06
268.57
268.54
272.28
269.21
268.04
271.43
269.09
267.66
270.72
268.51
267.3
270.16
267.65
267.02
269.85
267.72
267.04
269.59
269.34
268.12
269.7
269.49
269.1
270.43
271.1
269.87
271.13
271.74
270.67
271.37
272.04
271.13
271.51
272.22
271.32
271.48
272.28
271.39
270.95
271.42
270.8
270.26
270.79
269.71
269.69
269.41
268.5
269.25
269.01
267.7
268.78
268.61
267.07
268.21
268.21
266.63
267.89
267.85
266.28
267.22
267.64
266.1
266.62
267.41
265.95
266.12
267.58
265.97
265.88
267.57
265.69
265.72
267.26
265.64
265.47
266.63
265.75
265.24
266.19
265.78
264.68
266.16
266.15
264.38
266.17
265.92
264.41
266.19
266.09
264.92
267.48
267.08
265.47
269.59
268.64
266.22
270.93
269.51
267.27
271.9
270.27
267.87
272.88
270.66
268.41
273.35
270.88
268.63
273.2
270.86
268.38
272.73
270.77
268.05
272.29
270.55
267.97
271.67
270.25
267.87
271.54
270.09
267.87
271.04
270.07
267.85
270.86
269.67
267.81
270.63
269.43
267.83
270.32
269.26
267.89
269.99
268.8
267.93
269.98
268.4
268.12
269.74
267.99
268.21
269.46
267.92
268.27
269.46
268.01
268.27
269.29
268.28
268.38
268.78
268.47
268.62
268.62
268.4
269.24
268.49
268.53
269.98
269.37
269.42
270.94
