287.4
284.66
297.19
285.88
284.04
298.68
285.97
285.04
299.46
288.4
286.933880329
301.141525228
290.77
291.15
304.72
291.4
291.85
305.3
293.49
294.33
306.91
294.43
294.88
307.02
295.64
296.64
308.21
296.42
297.33
308.71
297.03
298.23
308.8
297.31
298.54
308.49
296.95
299.14
307.2
297.09
298.55
306.2
296.44
297.32
304.25
295.07
295.1
303.13
294.15
294.37
302.62
292.73
292.0
301.66
291.94
290.81
301.26
291.58
290.35
301.05
291.1
288.91
300.0
290.63
288.55
299.56
290.34
287.36
299.25
290.46
287.53
299.08
290.26
287.02
298.67
290.21
286.77
299.3
287.86
287.34
300.98
288.71
289.84
302.9
291.9
292.14
305.4
293.58
293.99
306.56
295.63
295.61
307.66
296.66
296.92
308.68
298.0
298.21
309.24
299.01
299.23
309.16
299.89
300.11
309.32
300.33
300.56
308.96
300.79
301.09
307.73
300.82
300.69
307.24
300.38
299.47
305.67
298.52
297.44
304.85
297.2
296.48
304.68
295.13
294.05
303.9
293.79
292.88
303.12
293.22
291.86
302.84
292.64
290.0
301.79
291.73
289.67
301.18
291.27
289.47
300.58
290.83
288.65
299.66
290.24
288.25
299.72
289.77
288.06
299.86
290.18
288.71
300.77
291.62
292.05
301.82
293.2
294.77
303.03
294.53
295.49
303.7
296.26
298.52
303.18
297.02
299.21
303.39
298.1
301.39
302.86
298.77
302.91
302.62
299.44
303.28
301.7
299.79
303.48
300.09
299.99
303.89
298.91
299.83
302.32
297.32
298.92
300.24
296.46
297.13
298.87
295.35
295.16
295.6
293.48
293.14
293.32
292.93
291.64
292.67
292.84
291.13
290.46
292.42
290.53
290.04
292.3
290.02
289.34
292.29
289.65
289.45
292.23
288.82
289.22
292.1
288.41
288.87
291.81
288.59
288.62
292.17
288.02
288.61
292.72
288.73
288.61
293.33
289.59
288.78
294.35
290.64
289.38
294.94
291.2
290.73
295.23
291.74
292.14
295.09
292.38
293.41
295.01
292.39
294.52
295.45
293.61
295.16
296.34
294.03
295.37
296.4
294.26
295.23
296.42
294.5
294.58
296.06
293.89
294.0
295.56
293.07
291.52
295.3
292.02
289.89
295.14
291.73
289.24
295.09
291.1
287.82
295.15
290.58
287.31
295.1
290.14
287.3
294.97
289.94
287.22
295.06
288.82
287.04
294.94
288.98
287.05
294.86
288.95
286.89
295.11
288.83
286.94
295.4
287.42
286.97
297.16
287.95
287.49
298.6
289.2
287.98
300.78
290.28
288.88
302.47
291.27
290.28
303.87
292.34
290.96
304.91
293.06
292.29
305.87
293.72
293.25
306.09
294.22
294.02
305.55
294.73
294.24
305.22
294.75
295.15
303.79
294.59
294.91
302.33
294.24
294.5
301.55
292.83
292.0
300.27
291.1
289.88
299.61
290.18
289.28
299.05
289.03
288.01
298.47
288.85
287.48
298.3
287.52
286.02
297.88
287.24
284.99
297.61
287.07
284.5
297.6
286.87
284.284630058
297.52012298
286.25
284.05
297.46
285.2
283.78
298.24
284.62
284.14
299.28
286.39
286.13
301.8
289.52
287.64
303.59
291.39
288.85
304.59
293.26
291.7
306.63
294.32
292.31
307.17
295.49
294.56
308.34
296.28
295.61
308.68
296.95
296.71
308.86
297.53
296.86
308.67
297.81
297.49
307.22
297.56
296.93
306.11
297.07
295.72
305.01
295.72
293.72
303.7
293.39
291.88
303.09
292.06
291.37
302.75
290.52
289.87
301.89
289.46
288.94
301.66
289.03
288.49
301.28
288.64
286.65
300.45
287.71
285.99
300.24
287.51
286.2
299.77
286.9
284.77
299.22
286.75
284.7
299.66
285.93
284.76
301.32
286.9
286.96
302.5
290.06
289.67
305.52
292.0
290.64
306.54
294.07
293.51
308.39
295.52
295.33
309.23
296.17
296.62
308.37
296.85
297.96
308.11
297.48
298.52
308.44
297.63
299.02
308.45
297.22
298.94
307.17
296.94
298.46
306.58
296.6
296.46
303.76
295.74
294.37
303.35
292.8
292.26
302.15
291.68
291.21
301.62
291.52
290.66
301.1
290.52
288.68
300.2
290.08
288.47
299.94
289.3
287.09
299.21
288.82
286.79
298.94
287.34
285.82
298.38
286.9
284.93
298.16
287.62
284.58
298.43
285.54
284.59
300.68
285.99
286.54
302.49
287.45
288.48
304.66
289.88
289.63
305.94
291.62
291.05
306.78
292.9
292.55
307.76
293.47
293.94
308.36
293.84
294.61
308.92
294.73
296.25
308.87
294.92
296.59
308.15
294.93
296.4
306.51
295.09
295.44
304.92
294.37
293.81
303.85
292.25
291.57
302.47
291.44
290.11
301.6
290.16
289.43
301.31
288.7
287.21
300.57
288.0
287.31
300.31
287.24
286.37
299.41
286.72
285.32
298.94
286.73
284.95
298.94
286.06
283.78
298.16
285.4
283.17
297.99
285.84
282.93
298.34
284.93
283.42
299.77
285.78
286.52
301.18
287.07
288.12
302.36
289.74
291.0
304.11
291.89
292.42
305.04
292.98
293.59
305.15
293.46
294.14
306.08
294.6
295.85
305.83
294.83
295.9
305.62
295.43
296.72
304.22
295.61
296.76
303.41
295.47
296.28
302.37
294.75
295.46
301.9
293.15
292.86
300.82
291.04
292.269510654
300.453212763
289.4
290.32
299.31
288.74
288.93
298.93
288.05
288.74
298.7
287.46
287.69
297.53
286.73
286.84
297.13
286.21
285.88
296.68
285.74
285.47
296.47
285.44
284.1
295.97
285.03
284.0
296.4
284.53
284.45
299.2
285.96
287.03
301.17
288.39
289.74
302.65
292.09
292.1
304.44
293.79
294.19
305.37
294.56
295.77
306.49
295.58
296.99
307.15
296.92
298.12
307.67
297.2
298.6
307.51
296.89
299.66
306.96
297.34
299.64
305.75
296.95
299.01
303.68
296.22
298.33
301.94
295.35
295.88
300.35
292.18
293.65
299.21
291.22
292.79
298.79
290.35
291.43
297.49
290.25
290.98
297.07
289.72
289.26
296.37
289.09
288.42
295.83
288.94
288.68
295.54
289.03
288.64
295.33
288.53
288.18
295.05
287.32
287.34
296.35
286.66
287.63
297.94
288.7
290.25
301.87
290.95
291.98
304.31
292.68
293.0
305.01
295.0
295.78
307.04
296.29
297.26
307.66
296.85
298.5
308.38
297.1
300.02
308.35
297.72
300.53
308.12
297.6
301.04
306.66
298.13
300.86
305.45
297.94
300.48
303.75
297.73
299.57
302.15
295.9
296.22
300.54
294.64
294.95
299.62
293.59
294.57
299.05
293.06
294.12
297.57
293.0
293.4
297.2
292.49
292.13
296.41
290.65
291.31
295.6
290.83
290.84
295.19
290.51
290.15
295.05
289.76
289.1
294.67
289.02
288.37
296.16
288.65
288.47
297.28
288.07
289.15
300.63
288.62
290.32
302.5
289.25
291.88
304.5
290.02
293.43
306.13
290.71
293.83
307.16
292.17
294.83
308.18
293.77
295.31
308.58
293.76
295.84
308.62
293.67
295.68
307.85
293.64
295.0
306.14
293.73
294.65
305.35
292.75
293.69
303.08
292.28
292.95
302.24
292.51
292.45
301.95
291.41
291.81
301.37
291.17
291.06
300.9
290.51
290.2
300.54
290.19
290.05
299.93
290.32
290.14
299.41
290.33
289.76
299.02
290.22
289.89
298.97
290.21
289.55
298.55
290.73
289.26
298.54
289.3
289.63
299.72
288.51
290.11
301.29
289.1
290.76
302.03
290.26
293.17
305.33
291.78
293.73
306.75
291.96
292.49
307.25
292.93
291.67
308.01
292.83
293.71
308.24
292.74
292.694503185
307.457890013
293.03
291.047751592
306.229445006
291.83
292.297
304.959525133
291.2
289.826333333
303.743
289.83
290.251666667
302.485
289.43
288.486
301.886
289.06
289.641666667
300.408333333
288.75
288.606333333
299.589666667
288.52
288.045203081
299.050900789
288.24
286.77
298.01
288.03
286.48
297.71
287.77
286.41
297.08
287.45
286.53
297.51
287.4
286.6
297.38
287.2
286.16
297.34
286.37
286.07
297.73
286.52
285.85
299.64
286.06
286.37
301.52
286.86
287.51
304.1
287.89
288.75
305.95
289.26
290.15
306.67
290.66
290.95
307.71
291.87
290.96
308.33
292.35
291.88
308.26
292.43
292.27
307.67
292.27
292.3
306.67
291.86
292.71
305.41
291.53
291.89
304.57
290.55
290.74
302.53
290.2
289.79
301.43
289.67
289.52
300.4
288.97
289.31
299.47
288.07
289.35
299.08
287.56
289.09
297.9
287.45
289.05
297.59
287.66
289.12
297.14
287.63
289.17
296.96
287.62
289.21
296.64
287.35
289.38
296.03
287.13
289.28
297.21
286.78
289.26
298.26
287.15
289.58
301.83
287.22
289.69
302.84
287.91
289.56
305.27
288.28
289.06
305.96
288.69
289.64
306.57
289.21
289.89
307.27
289.8
290.55
307.45
289.15
290.5
307.01
289.01
290.54
306.75
289.69
290.78
305.61
288.89
290.65
304.12
288.92
290.53
303.51
288.99
290.08
302.01
288.94
290.09
301.72
288.89
289.95
300.73
288.53
289.65
299.62
288.431866086
289.528419427
299.262860963
288.26
289.271709714
298.538930481
288.15
289.67
298.12
288.09
289.520910123
297.725374115
287.99
289.187955061
296.890187058
287.88
288.974457679
299.76998995
286.19
288.610666667
297.960666667
286.73
288.366333333
299.866333333
286.77
289.12
300.67
287.39
289.5
303.34
288.19
289.16
304.03
288.73
289.25
305.87
289.51
289.88
306.58
289.02
290.62
307.06
288.86
290.02
307.31
289.17
290.093095023
307.118848485
289.2
290.253547511
306.716424242
288.96
288.923551935
304.676328767
288.51
289.470666667
304.704
288.13
288.527333333
303.094
287.37
288.8265
302.9015
287.12
287.469
300.819
286.77
287.354
300.154
286.72
287.117164813
299.479226003
286.67
286.9
298.56
286.45
286.4
297.84
285.97
286.33367676
297.459294141
285.4
286.641828633
296.835822757
285.02
286.04
295.85
284.65
285.74
295.46
284.31
285.55
296.1
283.57
285.31
298.68
283.8
286.02
300.79
284.25
286.93
301.98
286.01
288.88
304.16
286.97
290.43
305.42
287.99
290.79
306.09
288.24
291.15
306.72
288.45
290.23
306.76
287.28
291.01
306.92
287.29
291.51
306.32
286.92
290.54
305.3
287.02
289.87
304.44
286.6
288.14
302.43
286.17
287.14
301.8
285.31
286.19
300.8
285.06
285.42
300.45
284.68
284.88
299.15
284.83
284.63
298.75
284.56
283.97
298.02
284.34
283.41
297.33
284.17
283.17
296.97
283.95
283.09
296.58
284.13
283.35
296.05
283.59
283.5
297.37
283.37
283.54
298.43
284.24
284.5
301.49
284.47
285.32
302.6
285.62
287.49
304.61
286.51
288.63
305.83
286.74
288.54
306.32
287.28
288.95
307.01
287.72
289.35
307.43
287.95
289.68
307.42
287.85
290.55
306.29
287.33
290.13
305.36
287.09
289.05
303.92
286.74
288.08
302.51
285.69
286.99
301.38
284.75
285.27
301.14
284.49
285.28
301.09
284.24
284.82
300.14
283.91
284.53
299.42
283.61
283.91
299.31
283.21
282.7
298.81
282.88
282.41
298.41
282.59
282.38
298.2
282.45
282.92
297.58
282.29
282.92
298.7
282.12
283.25
299.58
282.62
283.67
302.3
283.84
284.48
304.01
285.47
284.8
304.74
286.95
286.13
305.91
287.87
287.16
306.71
288.74
287.37
307.06
290.56
288.9
307.74
291.21
288.8
307.62
291.86
289.47
307.07
291.95
289.48
306.22
291.52
289.29
305.56
290.9
288.18
303.79
289.45
286.71
303.15
287.38
285.44
302.65
286.41
284.98
302.29
285.68
284.34
301.3
284.78
283.54
300.49
284.09
283.33
300.14
283.77
282.37
299.38
283.34
281.75
299.13
282.9
281.27
298.56
282.54
281.33
298.12
281.58
280.75
299.29
280.98
280.81
300.18
281.84
282.7
303.12
283.66
283.97
304.5
285.79
284.85
305.08
287.76
287.91
306.49
288.69
289.47
307.17
289.69
290.02
307.59
290.85
291.61
307.77
291.27
292.2
307.78
291.27
292.11
307.63
291.62
291.8
306.76
291.18
290.82
306.1
290.02
289.37
304.21
289.47
289.1
303.9
288.05
287.71
302.61
287.31
287.5
302.37
286.48
286.11
301.26
285.67
285.87
301.04
285.55
285.95
300.43
284.54
285.43
299.41
284.13
285.46
299.47
283.95
285.33
298.95
283.63
284.57
298.68
283.76
284.67
298.79
284.31
284.51
299.5
284.11
284.27
301.75
284.63
284.36
301.88
285.33
285.08
306.02
285.97
286.41
307.13
287.31
287.02
308.41
287.84
288.06
309.07
288.48
288.26
309.69
288.84
288.55
309.32
289.16
288.76
309.1
289.32
289.07
308.3
289.02
288.67
306.13
289.0
288.48
305.77
287.57
287.52
304.09
286.36
287.15
303.6
285.33
287.16
303.21
285.14
286.93
301.56
285.18
286.64
301.57
284.92
286.83
300.44
284.95
286.42
300.37
283.96
286.52
299.08
283.94
286.53
299.05
284.18
286.63
298.64
284.66
286.37
299.62
284.3
286.27
300.07
284.46
286.79
305.11
284.96
286.94
306.48
286.64
287.95
306.62
288.56
289.3
309.38
289.54
290.93
309.53
289.52
291.79
309.75
290.53
293.18
310.42
290.68
293.4
310.49
291.37
293.9
309.82
291.19
294.28
309.08
291.19
294.0
308.89
290.54
292.52
305.58
290.57
290.29
304.55
290.15
288.95
303.54
290.15
288.89
303.5
289.64
287.29
301.94
289.42
286.59
301.63
289.14
285.87
301.14
288.43
286.06
300.56
288.19
286.12
300.32
288.23
286.16
299.54
287.69
286.28
299.48
287.13
286.16
299.42
287.0
286.25
301.39
287.25
287.56
303.85
287.7
289.27
305.96
288.67
290.56
307.26
288.95
290.77
307.62
289.56
292.79
309.03
289.97
293.43
309.55
290.81
294.11
309.45
291.31
294.2
309.2
291.4
294.87
308.99
291.63
295.18
307.81
292.2
294.39
306.18
290.94
293.41
305.01
290.38
292.48
304.37
289.59
290.39
303.94
289.1
289.4
303.58
288.73
288.43
302.84
288.53
288.05
301.89
288.69
287.99
300.4
287.99
287.33
296.66
287.74
287.01
296.57
287.64
286.25
296.36
287.44
285.97
296.47
287.05
285.63
296.43
286.7
285.84
296.61
287.23
287.69
297.04
288.23
289.17
297.74
288.95
289.74
298.47
292.07
291.79
300.66
293.5
292.89
301.55
294.44
293.55
301.92
295.17
295.29
302.11
295.24
295.69
302.1
295.56
295.86
301.48
295.43
296.54
299.96
294.98
296.52
299.35
293.9
294.37
298.31
292.48
291.94
297.86
290.88
291.41
297.78
289.25
290.01
297.25
288.71
288.6
296.85
287.84
288.24
296.52
287.02
288.02
296.47
287.11
287.09
296.25
286.69
286.58
296.17
286.59
286.39
296.07
286.27
285.93
295.87
286.26
285.79
296.34
285.55
286.13
298.43
286.09
286.66
299.91
288.93
288.27
302.18
290.57
289.52
302.88
292.5
291.89
304.72
294.11
292.52
304.85
295.08
293.97
305.67
295.57
295.6
306.24
295.91
295.79
306.23
296.12
296.45
305.32
296.2
296.28
304.71
296.18
295.36
302.68
295.39
295.1
302.09
293.45
292.52
300.79
291.64
291.69
299.66
290.87
291.22
299.27
290.21
290.28
298.12
289.68
290.02
297.79
288.5
288.95
296.95
288.25
288.54
296.24
287.97
287.96
295.73
287.87
287.79
295.83
287.7
287.01
295.66
287.26
286.59
296.61
287.28
286.42
297.27
287.84
288.59
300.38
289.05
289.84
301.68
291.98
292.74
304.18
293.5
294.32
304.88
294.04
295.08
305.27
295.8
297.23
306.39
296.4
297.98
306.41
296.73
298.4
305.6
296.84
298.6
304.67
296.93
299.53
302.26
296.63
298.66
301.3
295.3
296.54
299.22
293.72
294.24
298.27
290.95
292.74
297.09
290.26
292.13
296.43
289.49
290.26
295.52
289.3
290.02
295.07
288.48
288.82
294.18
288.32
288.3
293.48
288.21
287.18
292.56
287.65
286.64
292.23
287.21
286.05
291.36
286.97
285.88
291.87
286.59
285.83
294.19
287.44
287.92
296.36
288.54
289.26
297.41
290.64
292.16
299.26
292.6
293.97
300.42
293.66
295.19
301.16
294.1
296.2
301.9
294.73
297.51
301.93
295.31
298.66
302.01
295.6
298.67
301.49
296.02
298.62
300.04
295.78
298.22
299.17
294.68
296.09
295.96
293.37
293.94
294.91
291.52
292.55
293.94
290.98
291.66
293.42
290.34
290.21
292.47
290.38
289.38
292.23
290.05
288.52
292.02
289.84
287.9
291.61
289.66
287.82
291.66
289.4
288.25
291.22
289.02
288.24
291.59
288.78
288.27
292.28
287.35
288.12
295.01
287.4
288.24
297.6
288.11
288.4
299.94
288.94
288.65
301.03
290.29
289.21
303.36
290.98
290.2
304.54
291.12
290.66
304.84
291.26
292.03
305.39
291.52
291.97
305.32
291.56
292.19
304.64
291.37
291.16
303.29
291.0
289.67
300.98
290.32
289.13
300.45
289.32
287.37
299.11
288.53
287.16
298.63
287.39
286.65
298.02
286.11
286.297751381
297.393617139
285.72
285.62
296.24
285.97
285.48
295.43
285.35
285.29
294.92
285.4
284.91
294.2
285.46
284.5
293.23
285.46
284.22
292.99
283.59
283.96
293.45
282.64
283.93
295.72
283.19
284.43
298.19
284.12
284.89
299.42
285.85
286.06
301.95
286.88
286.86
303.42
287.84
287.6
304.37
287.88
287.95
304.57
288.44
288.77
304.95
288.73
289.28
304.91
288.47
289.6
303.93
287.94
289.6
302.35
288.11
288.62
300.25
287.45
287.97
299.53
285.57
286.0
297.89
284.9
285.59
297.17
284.35
285.08
296.04
284.14
284.27
294.16
283.63
283.51
293.75
283.31
283.41
293.71
284.51
283.04
292.94
284.47
283.04
292.84
283.55
282.67
292.4
283.4
282.45
292.36
283.82
281.85
293.62
282.57
281.89
295.04
282.88
282.7
297.48
283.71
285.36
299.27
284.57
286.08
300.35
285.39
287.83
301.57
286.58
288.85
302.35
287.37
289.46
302.79
289.18
290.28
303.83
289.6
290.28
304.2
288.93
290.05
304.2
289.35
289.72
303.39
289.2
288.52
302.25
288.49
287.83
301.72
287.5
286.13
300.36
286.49
285.59
299.63
286.28
285.37
299.23
285.77
284.4
298.51
285.51
284.12
298.23
285.02
283.7
297.6
284.71
283.68
296.99
284.61
283.59
296.77
283.88
282.93
296.47
282.57
283.023951249
297.069832572
281.81
283.233666667
297.533666667
281.74
283.408333333
299.008333333
282.69
284.721103052
299.833503476
283.47
285.55
301.69
286.08
287.36
302.98
287.78
288.8
304.14
288.86
290.25
304.92
289.51
291.02
305.38
291.27
291.69
306.06
291.33
292.02
306.14
290.64
292.26
305.73
290.31
291.85
304.86
290.0
291.07
303.07
289.4
290.03
302.12
288.13
288.8
301.16
287.0
288.49
300.98
286.41
286.9
300.16
285.84
286.5
299.93
286.05
286.33
299.76
285.35
286.12
298.91
