300.48
301.863
303.588
300.14
302.668333333
303.718333333
299.38
301.163666667
302.613666667
298.02
298.7635
301.7635
296.27
297.557333333
300.574
295.52
295.455666667
299.639
295.13
296.1325
299.4825
295.11
293.104666667
298.288
293.72
292.855333333
297.872
294.3
292.4605
297.2605
293.75
292.259666667
296.909666667
294.01
291.913333333
296.363333333
293.59
292.348
299.223
292.64
291.741333333
297.541333333
292.52
291.915666667
299.265666667
293.17
294.493
300.443
293.79
293.866333333
302.349666667
294.47
295.642666667
303.709333333
294.91
296.6895
303.4145
295.35
298.709
305.325666667
294.77
299.999
305.582333333
294.9
299.9355
304.5855
294.73
301.676666667
305.26
297.01
302.064333333
304.681
296.04
298.0825
302.2825
296.89
299.926666667
302.31
296.05
297.401333333
300.518
294.52
296.938
299.588
293.78
293.725333333
297.508666667
293.54
292.574666667
296.291333333
293.0
292.5825
295.6325
293.0
291.045666667
294.229
292.15
290.667333333
293.384
292.3
290.765
293.24
291.84
290.228
292.161333333
291.44
290.167
291.783666667
291.29
290.4055
296.6305
290.84
290.244666667
294.511333333
289.87
290.383333333
297.616666667
290.05
291.1795
297.7295
290.55
291.099
301.832333333
290.47
291.676
302.942666667
291.12
292.5955
303.4955
291.49
293.058333333
304.791666667
292.01
293.863666667
305.530333333
292.32
293.798
304.973
291.62
294.893666667
306.143666667
291.75
295.118333333
306.018333333
292.26
293.529
303.004
292.13
294.358333333
303.841666667
292.02
293.373666667
301.790333333
291.53
292.4825
300.9325
290.73
291.466666667
298.483333333
290.3
290.544333333
297.227666667
289.84
289.9815
296.4815
289.69
288.939333333
295.056
289.34
288.256666667
294.14
289.32
288.184
294.309
289.17
287.298
293.031333333
288.99
287.022
292.838666667
289.0
288.3875
297.4375
289.19
287.564333333
295.647666667
289.18
288.382666667
298.649333333
290.04
290.0335
299.0335
292.871
290.574333333
302.907666667
291.51
291.947666667
304.164333333
292.871
292.5225
304.4975
293.67
294.162
306.062
294.12
295.003
306.703
293.89
294.9875
306.0875
295.12
296.114
307.147333333
295.02
296.384
306.950666667
294.32
294.3345
303.9095
293.59
295.377666667
304.661
292.71
294.101333333
302.568
292.5
293.963
302.113
291.65
292.307333333
299.474
291.05
291.789666667
298.473
290.59
290.941
298.266
290.45
290.533666667
297.000333333
290.3
289.795333333
296.528666667
290.44
289.6875
296.3625
290.45
288.739
295.789
290.42
288.421
295.521
290.3
289.814
298.914
289.94
288.925666667
297.425666667
290.947612903
289.748333333
299.598333333
290.26
291.3775
300.7775
290.26
291.931333333
303.281333333
291.04
293.291666667
304.791666667
290.83583277
293.448
305.123
291.73
295.209666667
307.026333333
291.15
295.767333333
307.750666667
293.46
295.533
306.983
293.44
296.354666667
308.204666667
293.64
296.384333333
307.934333333
293.16
295.114
305.714
293.16
295.577
306.093666667
293.03
294.74
304.523333333
292.4
293.697
303.972
291.65
292.928666667
302.062
291.65
291.954333333
301.171
291.15
291.344
301.044
290.87
290.248333333
299.898333333
290.73
289.516666667
299.516666667
290.73
289.171
299.346
290.44
288.310666667
298.894
290.58
287.836333333
298.653
290.29
289.358
301.833
290.37
288.218333333
300.451666667
290.49
289.074666667
302.491333333
291.181
290.926
303.826
291.140604035
291.450666667
306.100666667
290.890302018
292.970333333
307.670333333
292.29347769
293.3525
306.2525
293.11
295.251333333
308.818
292.324
296.012666667
308.396
293.56
295.9915
306.7665
294.35
297.013666667
306.747
294.57
297.253333333
305.52
294.7
295.905
305.205
294.72
296.674
303.674
293.71
295.855
303.055
293.27
294.8975
302.7725
292.04
294.124666667
302.041333333
291.4
293.213333333
301.646666667
291.15
292.2935
301.7185
291.86
291.385
301.168333333
291.189103797
290.468
301.084666667
290.645613337
289.8505
299.6505
288.133666667
288.833666667
300.017
287.916333333
288.116333333
299.033
290.41
289.736
298.911
289.88
288.239666667
297.639666667
290.26
289.080333333
297.230333333
290.49
291.2555
299.4305
291.7
291.651333333
298.151333333
291.862
293.381666667
299.481666667
291.881544163
293.711
299.611
293.143221404
295.908333333
301.341666667
292.751
296.704666667
301.871333333
292.751
296.7115
302.2115
296.62
297.771
302.804333333
297.02
298.041
303.207666667
297.23
296.704
300.779
296.63
297.509666667
302.126333333
295.86
296.708333333
300.641666667
294.15
295.0395
300.8645
293.26
294.527333333
298.810666667
292.61
293.147666667
298.464333333
292.0
292.8095
298.0095
291.831860714
291.082666667
297.699333333
290.071930357
290.397333333
297.280666667
290.99
290.0395
297.4395
290.7
289.245
296.828333333
291.382
288.778
296.794666667
291.23386989
290.2335
298.8335
290.14
289.125666667
298.109
289.7
289.940333333
299.457
289.712828593
292.311
300.611
291.623666667
292.607
302.023666667
293.142333333
294.459
303.242333333
291.743477654
295.0085
303.6335
292.712
297.294666667
305.128
292.712
298.278333333
305.795
292.712
298.2675
304.5175
293.447
299.582666667
305.832666667
294.39
299.903333333
305.203333333
295.09
298.436
303.536
295.06
299.352666667
303.252666667
294.47
298.481333333
301.931333333
294.38
296.99
301.54
294.36
296.325333333
299.908666667
293.15
295.040666667
299.207333333
292.99
294.552
299.327
292.16
293.002
298.352
292.14
292.248
298.198
291.86
291.6535
298.1535
291.28
290.846333333
297.963
290.99
290.198666667
297.882
290.7
291.9385
299.5635
290.25
290.495
298.895
290.49
291.439
299.989
290.49
292.968
301.193
292.25
293.717
302.250333333
293.37
295.051
303.417666667
293.7
295.1475
303.8975
293.81
296.894
305.294
294.25
297.403
306.003
295.04
297.6045
305.1795
296.16
298.216
306.399333333
296.72
298.52
306.086666667
296.71
296.815
304.34
296.15
297.788666667
304.505333333
295.52
296.753333333
303.236666667
294.16
295.4555
302.9555
292.8
294.507666667
301.357666667
292.17
293.297333333
300.747333333
291.83
292.4725
301.0475
291.14
291.133666667
300.133666667
291.13
290.180333333
300.130333333
290.16
289.771
299.921
290.17
288.636333333
299.986333333
289.41
288.045666667
299.845666667
289.56
288.6375
301.0875
288.98
287.652666667
300.486
289.44
287.850333333
301.267
290.04
289.1525
302.5525
290.72
288.982
303.165333333
291.85
289.916
304.282666667
292.51
290.9215
304.8215
293.38
291.831666667
306.131666667
293.74
292.813333333
306.863333333
294.83
292.9755
306.2005
294.61
294.230333333
307.397
295.07
294.665666667
307.199
294.66
293.0835
305.6585
294.53
294.191333333
305.908
293.52
293.281666667
304.815
292.45
292.044
304.569
291.07
291.243666667
303.193666667
290.81
290.115333333
302.665333333
289.92
289.668
302.443
289.54
288.312666667
301.812666667
289.43
287.638333333
301.488333333
288.88
287.2105
301.1105
288.33
286.454
300.804
288.02
285.944
300.444
288.22
286.568
302.293
287.8
285.68
301.196666667
288.06
285.926
302.309333333
288.11
287.6575
303.3325
290.28
287.408333333
304.475
290.44
288.644666667
305.528
292.16
289.547
305.972
292.12
290.894666667
307.228
293.81
291.908333333
307.875
294.64
291.971
307.296
295.0
293.301666667
308.351666667
294.97
293.681333333
308.181333333
294.53
292.131
306.131
294.15
293.154
306.587333333
293.43
292.247
305.163666667
292.4
291.0165
305.2165
291.1
290.217333333
303.300666667
290.47
289.094666667
302.861333333
289.76
288.6715
302.6965
288.9
287.315666667
302.165666667
288.26
286.659333333
301.909333333
287.78
286.3345
301.4095
286.93
285.567666667
301.234333333
286.6
285.132333333
300.815666667
286.28
286.726
302.676
285.9
285.614333333
301.497666667
286.36
286.531666667
302.598333333
286.43
288.5505
304.0255
289.57
289.100666667
305.017333333
291.84
290.752333333
306.335666667
293.28
290.891
306.766
294.89
293.047
308.380333333
295.2
293.69
309.106666667
296.11
293.7765
308.1515
296.82
294.605
309.438333333
297.09
294.877
309.043666667
297.2
293.025
306.475
296.77
294.005
306.805
295.36
292.861
304.961
293.57
291.53
304.88
292.7
290.448333333
302.448333333
291.57
289.179666667
301.779666667
290.29
288.998
301.523
289.96
287.367
300.717
289.1
286.823
300.323
288.54
286.6835
299.9835
288.29
286.004666667
299.571333333
287.57
285.730333333
299.213666667
287.15
287.3625
301.8375
287.37
286.452666667
300.486
286.49
287.449333333
302.116
288.78
289.658
303.183
290.41
290.250666667
305.000666667
293.3
292.055333333
306.255333333
294.83
292.517
306.517
295.05
294.769333333
308.102666667
296.63
295.678666667
308.695333333
297.4
295.5445
307.7445
297.7
296.801666667
308.851666667
297.62
297.015333333
308.415333333
297.78
295.553
306.103
297.02
296.325333333
306.292
295.76
295.421666667
304.605
294.46
293.3035
304.3285
293.44
292.804666667
302.171333333
292.8
291.091333333
301.424666667
291.92
291.0285
301.3035
291.32
288.765
300.348333333
290.98
288.152
300.018666667
290.41
287.792
299.942
289.6
287.094666667
299.528
289.05
286.650333333
299.367
288.46
288.008
301.958
286.72
286.963
300.879666667
287.0
287.72
302.553333333
289.06
289.8725
303.5975
290.66
290.164333333
305.481
292.0
291.851666667
306.735
292.097391304
292.551
306.776
293.26
294.567666667
308.434333333
294.656152993
295.596333333
308.879666667
296.21
295.624
308.199
297.03
296.986333333
309.019666667
297.34
297.347666667
308.714333333
298.46
294.974
306.474
297.27
296.247
306.813666667
296.19
294.785
305.218333333
294.87
293.685
304.66
293.72
292.102333333
302.719
292.65
290.881666667
301.815
291.74
290.539
300.914
291.82
289.025666667
300.009
291.14
288.390333333
299.107
288.25
287.941
298.891
289.46
287.243666667
297.760333333
289.62
286.732333333
297.315666667
288.34
288.359
301.134
288.83
287.135
299.268333333
288.81
288.049
301.665666667
288.95
290.6055
302.4305
292.07
290.972
305.372
293.38
292.981
306.681
294.08
293.4425
306.8175
294.08
295.967333333
308.517333333
295.07
296.944666667
309.044666667
298.56
296.8675
308.4675
296.18
298.196333333
309.363
296.99
298.470666667
309.154
296.88
296.607
306.6945
296.61
297.594
307.235666667
295.74
296.443
305.526333333
294.92
294.4255
304.9005
293.69
293.563333333
302.83
292.91
291.834666667
301.843
292.25
291.489
301.1765
292.01
289.299333333
300.082666667
291.66
288.492666667
299.309333333
291.15
288.414
298.864
290.8
287.364666667
297.981333333
290.41
287.043333333
297.426666667
289.92
288.6015
300.7015
289.28
287.653666667
298.870333333
290.15
288.585333333
300.868666667
290.303163265
291.677
302.027
291.67
291.888666667
304.305333333
293.68
294.260333333
305.743666667
295.2
294.619
305.494
296.6
297.661666667
307.495
297.05
298.691333333
307.808
297.6
298.491
307.191
298.29
299.930666667
307.814
299.12
300.140333333
307.507
298.28
298.606
305.7935
298.16
299.397
305.955333333
297.54
298.444
304.710666667
296.07
296.335
303.96
294.89
295.767333333
302.550666667
294.39
294.043666667
301.635333333
293.95
293.657
301.1445
293.52
291.487666667
300.087666667
292.91
290.655333333
299.455333333
292.15
290.585
299.035
291.58
289.498666667
298.332
291.17
289.174333333
297.841
290.73
290.4415
301.0665
289.62
289.586666667
299.336666667
289.74
290.323333333
301.323333333
291.37
292.8055
301.8055
293.24
292.960333333
304.293666667
294.55
294.860666667
305.277333333
295.62
295.7275
305.5025
296.26
297.972333333
306.739
296.79
299.183666667
307.217
298.0
298.7355
306.4605
298.34
300.5
307.35
298.34
300.605
307.005
298.55
298.6935
304.5935
298.27
299.470666667
304.937333333
297.25
298.231333333
303.214666667
295.83
296.302
302.527
294.43
295.292666667
300.459333333
293.31
293.593333333
299.426666667
292.32
293.4685
299.1685
291.84
291.244333333
297.877666667
291.07
290.594666667
297.361333333
290.43
290.474
297.224
290.19
289.648
296.581333333
290.77
289.351
296.317666667
290.66
289.8805
299.8805
288.89
289.308
298.341333333
290.24
289.562
300.628666667
290.49588512
291.227
301.127
292.73
291.010666667
304.010666667
292.82
292.205333333
305.105333333
293.19
292.622
305.347
293.7
294.076
306.726
294.42
294.752
307.252
294.65
294.664
306.539
295.89
295.594666667
307.478
295.64
295.761333333
307.178
295.28
294.4365
305.0365
294.99
295.100333333
305.350333333
294.15
294.272666667
303.822666667
293.36
292.971
303.396
292.25
292.301333333
301.501333333
291.89
291.157666667
300.707666667
291.53
291.0485
300.5235
291.19
289.56
299.526666667
291.32
289.106
299.139333333
291.1
289.1375
299.0125
290.52
288.521666667
298.538333333
290.43
288.391333333
298.324666667
290.3
288.9315
300.5565
288.34
288.577666667
299.527666667
289.03
288.894333333
300.944333333
289.56
290.0485
301.7735
290.45
290.086
303.386
290.91
290.961
304.411
291.66
290.826
304.176
292.33
292.037666667
305.621
292.7
292.239333333
305.806
293.18
292.169
305.369
292.31
292.461333333
305.761333333
291.9
292.481666667
305.531666667
291.84
292.223
301.848
291.16
292.336333333
302.769666667
290.25
292.170666667
300.237333333
290.52
290.9275
300.7025
290.25
291.121
297.171
289.95
290.237
296.637
289.49
289.911
297.261
288.1
288.841
296.341
288.98
288.329
296.579
288.54
288.053
296.203
288.39
287.462333333
296.645666667
287.9
287.107666667
296.474333333
287.94
287.915
297.565
286.98
287.173
296.973
286.57
287.593
297.643
288.23
288.6545
299.6295
289.67
288.860666667
299.860666667
290.36
289.708333333
301.408333333
291.19
289.94
301.665
291.61
290.993
303.643
291.61
291.43
304.33
291.29
291.283
303.608
291.31
291.914666667
304.764666667
291.75
291.962333333
304.512333333
291.98
290.4765
303.0265
291.01
291.035333333
303.185333333
290.42
290.060666667
302.110666667
289.41
290.158
301.533
288.77
288.826
300.292666667
288.59
288.566
299.549333333
288.28
288.521
299.146
288.11
288.189333333
298.289333333
287.87
288.072666667
297.772666667
287.76
287.392
297.417
287.62
287.463333333
296.846666667
287.38
286.970666667
296.437333333
287.14
287.3405
299.4655
286.77
286.560333333
297.910333333
287.18
286.642666667
299.792666667
287.61
288.236
300.836
288.66
287.814666667
302.998
289.71
288.904333333
304.321
290.28
289.3105
304.5605
291.47
290.628
306.244666667
292.1
291.262
306.845333333
292.19
291.1715
305.9215
292.78
292.047
307.030333333
292.58
292.198
306.614666667
292.5
291.2955
304.996
292.12
291.797666667
304.981333333
291.36
291.246333333
303.763666667
290.33
289.5225
303.1975
289.73
289.362
301.762666667
289.7
288.029
300.979333333
289.07
287.8125
300.613
288.25
286.107333333
299.690666667
287.75
285.518666667
299.185333333
287.56
285.666
299.066
287.29
284.832
298.432
287.12
284.734
298.184
286.72
285.802
300.302
285.89
285.315333333
299.265333333
286.22
285.994666667
300.594666667
287.5
288.409
301.984
289.04
288.51
303.293333333
290.26
290.346
304.662666667
290.78
290.635
305.035
292.86
292.986666667
306.736666667
293.26
293.791333333
307.441333333
293.52
293.377
306.677
293.49
294.588
307.871333333
293.18
294.58
307.596666667
292.83
293.587
305.837
292.67
293.907333333
306.057333333
291.86
293.242666667
304.792666667
291.21
292.459
304.584
290.25
291.834
302.967333333
289.93
291.09
302.406666667
289.55
290.87
302.12
289.14
289.951333333
301.468
288.82
289.556666667
301.09
288.44
289.1745
300.6245
288.25
288.775666667
300.275666667
287.97
288.389333333
299.839333333
288.01
288.3625
301.8875
287.69
287.856333333
300.623
287.67
287.709666667
301.843
287.92
288.7755
303.1005
288.12
288.224666667
304.308
288.69
288.886333333
305.553
288.43
290.4565
305.7315
288.39
290.815333333
307.332
288.35
292.082666667
307.866
288.15
288.907
307.082
287.77
291.655333333
308.055333333
287.83
289.960666667
307.710666667
287.81
290.828
305.703
287.74
288.279333333
305.912666667
287.91
288.292666667
304.459333333
287.63
287.5455
304.4705
287.49
287.812333333
302.529
287.28
287.318666667
302.052
287.0
286.834
301.684
286.42
286.337333333
301.170666667
286.39
285.849666667
300.766333333
286.43
286.034
300.284
286.42
285.322333333
299.905666667
286.21
285.282666667
299.449333333
285.84
285.6185
301.6435
285.72
285.453666667
300.303666667
285.06
285.664333333
301.614333333
286.11
287.694
302.744
287.67
287.298333333
304.115
288.76
288.721666667
305.305
289.84
289.179
305.604
291.92
290.924333333
307.091
291.1
291.703666667
307.687
292.11
291.6435
306.9185
292.13
292.702666667
307.969333333
292.39
292.922333333
307.655666667
292.58
290.7385
306.0385
292.12
291.759333333
306.159333333
290.89
290.376666667
304.976666667
289.3
288.983
304.408
288.84
287.604
303.020666667
287.35
286.214
302.247333333
286.64
285.9225
301.9225
285.75
284.166333333
300.999666667
285.2
283.508666667
300.525333333
284.9
283.4015
300.0515
284.2
282.560333333
299.577
284.19
282.269666667
299.103
283.83
283.3055
301.4305
283.62
282.572666667
300.022666667
284.14
283.166333333
301.416333333
285.96
286.6055
302.4805
287.66
286.250666667
303.984
288.91
288.741333333
305.158
290.7
288.939
305.3895
291.91
292.194
306.877666667
292.72
293.156
307.423333333
293.22
292.925
306.65
293.63
294.284666667
307.635333333
293.7
294.451333333
307.301666667
293.94
292.9775
305.628
293.44
293.691
305.741
292.48
292.764
304.514
291.03
291.6775
303.9525
288.73
290.803666667
302.503666667
288.14
289.770333333
301.720333333
287.28
289.6465
301.4715
287.18
288.31
300.51
286.37
287.883
300.083
286.19
287.5655
299.7905
286.06
287.102
299.318666667
285.82
286.748
298.981333333
285.57
287.478
301.428
284.18
286.762666667
300.162666667
285.12
287.131333333
301.681333333
287.52
290.1655
302.4655
289.16
289.645666667
304.229
291.24
291.791333333
305.258
296.27
292.5775
305.3775
295.07
295.176333333
306.709666667
295.79
296.415666667
307.132333333
296.43
295.9905
306.4655
296.82
297.784666667
307.251333333
296.79
297.914333333
306.947666667
296.63
296.233
304.758
296.35
296.966333333
305.083
295.14
295.888666667
303.522
292.75
294.701
302.751
291.69
293.66
300.926666667
291.17
292.509
299.892333333
290.4
291.694
299.844
289.89
290.431
298.481
289.27
289.504
298.104
289.1
288.445
297.045
288.92
287.562
296.895333333
288.49
286.547
296.063666667
288.1
287.6485
298.3985
286.7
285.928
296.511333333
286.45
286.324
297.790666667
289.15
290.4715
299.8215
291.12
289.617
300.850333333
293.1
292.514
302.630666667
295.53
293.1155
302.4905
297.41
296.777666667
304.911
298.29
298.144333333
305.411
299.05
297.8465
304.0215
299.35
299.768
305.151333333
299.16
300.025
304.391666667
299.21
297.625
300.45
298.5
298.767666667
300.751
296.59
297.253333333
297.87
294.09
294.747
299.272
292.63
293.563333333
294.963333333
291.61
291.387666667
294.937666667
291.19
290.968
295.143
290.49
288.207
295.040333333
289.6
287.202
295.168666667
289.54
287.184
294.784
288.71
285.85
295.083333333
288.17
285.503
294.869666667
287.4
286.671
295.271
286.03
285.819
294.852333333
286.45
286.482
295.048666667
287.53
290.824
295.574
290.24
290.260666667
295.660666667
293.52
293.376333333
296.076333333
294.76
293.542
296.667
295.69
297.641
297.024333333
296.69
298.79
297.556666667
296.776242686
298.5155
297.3405
296.170593727
300.139
298.122333333
297.6
300.339
298.155666667
297.5
296.8705
298.1705
296.75
298.293333333
298.21
294.89
296.047666667
298.231
294.16
294.9645
297.3395
292.02
292.331333333
297.664666667
291.42
290.860666667
297.077333333
291.16
290.7985
297.7485
290.24
288.858333333
296.741666667
289.72
288.326666667
296.993333333
289.38
287.984
296.309
289.09
287.389333333
296.872666667
288.85
286.983666667
296.500333333
288.7
287.5175
299.0425
288.3
286.798666667
297.698666667
288.06
287.019333333
299.269333333
288.17
288.7725
300.1225
289.22
288.482333333
301.932333333
290.66
289.724666667
303.024666667
291.76
290.843
303.118
292.41
292.126666667
304.543333333
293.05
293.286333333
304.969666667
294.06
293.5535
304.2785
293.63
295.010666667
305.077333333
293.87
295.575333333
304.758666667
293.49
292.542
303.267
292.36
294.306
303.339333333
291.27
292.472
302.238666667
290.16
292.757
302.082
289.39
290.216666667
300.666666667
289.13
289.795333333
300.195333333
288.37
289.315
299.965
287.81
288.913333333
299.413333333
287.46
288.452666667
299.102666667
287.93
287.9715
298.6965
288.0
287.517666667
298.417666667
287.81
287.043333333
298.043333333
287.49
287.1705
300.5455
286.26
286.495666667
299.212333333
286.13
286.422333333
300.755666667
287.49
288.085
301.96
289.0
287.433
303.616333333
289.88
288.517
304.933666667
291.2
289.222
304.822
291.13
290.432333333
306.615666667
292.01
291.263666667
306.980333333
292.62
291.3355
306.0855
293.28
292.42
306.87
293.22
292.745
306.395
292.99
291.051
305.151
292.43
292.049
304.932333333
291.59
291.028
303.944666667
290.35
289.874
303.524
289.37
288.897333333
302.347333333
288.18
287.787666667
301.737666667
287.58
287.688
301.613
287.12
286.241666667
300.841666667
286.71
285.805333333
300.555333333
286.72
285.4915
300.3915
286.95
285.014333333
300.064333333
287.7
284.659666667
299.859666667
287.62
285.2985
301.6985
286.79
284.612666667
300.812666667
287.07
284.920333333
301.970333333
287.96
287.987
303.387
289.37
287.375
304.458333333
290.67
289.522
305.788666667
291.86
289.7615
306.2365
292.7
292.544333333
307.861
293.57
293.419666667
308.603
294.23
293.0685
307.6935
294.33
294.352666667
308.986
294.58
294.410333333
308.627
294.16
291.979
306.754
293.14
292.866333333
306.899666667
292.11
291.264666667
305.531333333
289.98
290.4485
304.8735
289.01
288.585
303.268333333
288.57
287.507
302.373666667
288.13
288.0985
302.3235
287.9
286.464
301.147333333
286.93
286.499
300.815666667
286.77
286.367
300.617
286.11
286.457666667
300.241
286.05
286.381333333
299.998
284.29
286.495
301.395
282.7
286.355333333
300.605333333
283.22
286.405666667
301.455666667
286.21
288.6675
302.2675
287.84
287.980666667
303.130666667
290.66
289.505333333
303.955333333
292.21
290.15
303.875
292.28
291.968
305.001333333
294.02
292.906
305.222666667
