292.61
291.5345
295.6845
293.0
293.125
297.491666667
293.54
294.519
296.702333333
294.45
294.3095
297.6095
294.87
296.238
296.254666667
295.01
296.563
296.596333333
295.46
294.4895
297.9145
295.55
295.614
297.930666667
294.76
294.34
298.923333333
292.96
293.048
297.698
291.05
291.78
299.43
290.53
290.494
298.944
289.89
289.7555
298.9555
289.34
288.287
298.303666667
288.81
287.366
298.149333333
288.58
287.0085
297.0335
288.07
285.899666667
297.199666667
287.28
285.354333333
296.404333333
286.54
286.5115
296.6865
286.02
285.398666667
295.532
285.73
285.988333333
295.455
287.1
287.958
295.533
289.2
288.087666667
295.404333333
290.81
289.597333333
295.430666667
291.65
290.4625
295.4875
292.32
292.187
295.503666667
292.65
293.267
295.550333333
293.97
293.268
295.818
294.41
294.707666667
295.791
294.46
295.068333333
295.985
294.73
294.4945
295.9695
294.51
295.166666667
296.233333333
294.4
294.904333333
296.287666667
292.89
293.24
296.015
292.1
293.445
296.178333333
290.9
292.248
296.014666667
290.3
291.8305
296.2555
289.61
290.373666667
295.957
289.3
289.696333333
296.063
289.05
289.3525
295.7525
288.64
288.564
295.997333333
288.65
288.109
295.825666667
289.28
289.0135
296.9385
284.968
288.105333333
296.338666667
286.924
288.556666667
297.023333333
286.924
289.5285
298.0535
288.008
289.806333333
298.623
288.853
290.604666667
299.538
288.853
291.6005
298.5505
288.853
292.333
300.099666667
289.293
293.263
299.746333333
289.293
292.6675
300.2425
289.293
294.106
299.606
287.782
294.019
299.819
287.782
293.695
299.37
287.782
293.687
299.803666667
286.399
293.442
299.575333333
286.399
292.1745
298.7995
286.399
292.270333333
298.753666667
286.116
291.343666667
298.160333333
286.116
290.6585
297.9835
286.116
289.651333333
297.251333333
285.613
288.885666667
296.935666667
285.613
288.241
296.841
285.613
287.435
296.451666667
284.89
286.75
296.283333333
284.89
287.57
298.895
284.89
286.383333333
297.8
287.401
286.701666667
299.485
287.401
287.747
300.372
286.17
287.823
302.323
288.429
288.626
303.476
288.429
289.69
303.84
288.429
290.406
305.256
290.01
291.383
305.883
290.01
291.146021601
301.446561773
290.01
292.439909859
303.374952208
290.707
292.557
298.857
290.707
292.66743222
299.427056197
290.707
292.800333333
300.067
289.653
293.043666667
301.277
289.653
290.5215
299.8465
289.653
291.686666667
301.936666667
286.046
290.086333333
301.386333333
286.046
289.072
300.997
286.046
287.276333333
300.393
285.556
286.066666667
299.95
285.556
285.5955
299.8455
285.556
284.139666667
299.289666667
285.581
283.422333333
299.072333333
285.581
286.2755
300.7005
285.581
284.368
299.868
286.239
286.031
300.881
286.239
287.537
301.237
287.494
289.252333333
302.469
291.069
290.810666667
303.044
291.069
291.235
302.635
291.069
293.171333333
303.538
292.676
293.973666667
303.457
292.676
294.07620514
303.010518132
292.676
295.059146067
303.022354883
292.869
295.469
302.519
292.869
295.247066854
302.159940354
292.869
294.993333333
301.776666667
291.683
294.517666667
301.034333333
291.683
292.861
301.136
291.683
292.779
300.112333333
287.247
291.516
299.932666667
287.247
291.3485
299.7485
287.247
289.720333333
299.570333333
283.923
289.187666667
299.387666667
283.923
289.0365
297.5865
283.923
288.376666667
297.943333333
282.422
288.098333333
296.681666667
282.422
288.8875
298.7625
282.422
288.253333333
296.386666667
288.603
288.686666667
297.353333333
288.603
289.8585
298.6835
288.32
290.045666667
299.529
293.747
290.971333333
300.738
293.747
291.8565
301.0315
293.747
292.795666667
302.545666667
295.543
293.694333333
303.144333333
295.543
293.8305
302.8555
295.543
294.983333333
303.75
295.564
295.373666667
303.757
295.564
295.2345
302.5095
295.564
295.801333333
302.934666667
293.379
295.838666667
302.105333333
293.379
293.540327023
301.613364791
293.379
294.212091298
300.69352988
287.464
291.664
299.814
287.464
291.199389365
299.794484241
287.464
290.489
300.205666667
284.928
289.357
299.940333333
284.928
288.871
299.621
284.928
287.523666667
299.373666667
284.41
286.822333333
299.072333333
284.41
288.147
300.972
284.41
286.770333333
299.937
289.264
287.419666667
301.103
289.264
289.33
302.105
289.719
289.559
303.325666667
292.439
291.049
304.382333333
292.439
291.7095
304.6845
292.439
293.476
305.992666667
293.55
294.413
306.546333333
293.55
294.768383018
305.855892479
293.55
295.856377205
306.727628725
292.844
296.594
306.194
292.844
296.253126058
305.538673857
292.844
295.853
304.819666667
292.544
295.112
303.445333333
292.544
293.278
303.153
292.544
292.901333333
301.418
287.158
291.431666667
300.765
287.158
290.687
300.112
287.158
288.975666667
299.459
284.607
287.989333333
298.806
284.607
287.5075
298.4575
284.607
286.353
297.703
282.869
285.703
297.253
282.869
287.613
300.138
282.869
286.109666667
298.576333333
287.49
287.166333333
300.349666667
287.49
288.615
301.04
287.773
289.541
303.174333333
291.977
290.859
304.225666667
291.977
292.073
304.573
291.977
293.425666667
305.859
293.823
294.674333333
306.441
293.823
294.7685
305.9185
293.823
296.402
306.868666667
294.61
296.881
306.714333333
294.61
295.8885
304.4385
294.61
296.858
304.991333333
293.058
296.356
303.422666667
293.058
294.2775
303.1025
293.058
294.301
301.117666667
287.886
292.748
300.381333333
287.886
292.484
300.309
287.886
290.501333333
299.351333333
287.291
289.807666667
299.057666667
287.291
289.441
298.641
287.291
289.065332783
298.502413798
287.375
287.825
298.075
287.375
287.825
298.075
287.375
287.825
298.075
290.253
289.091230613
300.110671336
290.253
290.953
303.553
289.968
295.282
303.168
293.382
295.282
304.148285714
293.382
295.282
306.082
293.382
296.371
307.471
292.871
296.371
307.471
292.871
296.371
307.471
292.871
296.442018166
307.311675463
290.76
296.71
306.76
290.76
296.71
306.76
290.76
296.71
306.76
290.496
295.596
303.296
290.496
295.596
303.296
290.496
295.596
303.296
289.466
291.716
301.416
289.466
291.716
301.416
289.466
291.716
301.416
288.893
288.593
300.093
288.51
288.245945425
299.730646473
288.42
287.368
297.901333333
288.39
286.678
297.694666667
288.25
289.385
300.635
288.39
287.562666667
299.379333333
288.85
289.137333333
301.270666667
290.65
291.4185
301.7935
292.42
292.757666667
304.141
294.26
294.803333333
305.12
295.49
297.58
306.13
296.53
299.05
306.69
297.02
300.97
307.28
297.49
301.65
307.34
299.17
302.03
307.31
299.4
301.678473042
307.187414003
299.57
301.81
306.13
299.73
300.99
304.95
299.25
299.7
303.35
298.19
298.21
302.2
297.06
296.25
301.3
295.19
294.59
300.54
293.59
293.41
299.81
292.76
292.09
299.42
292.12
292.023705882
299.306762872
291.87
290.52
298.79
291.56
290.19
298.69
290.7
289.02
298.35
290.41
289.015046838
298.872582345
290.36
289.0
300.36
291.17
290.617791519
301.698524804
292.06
293.24
303.48
294.04
294.84
304.59
295.83
296.116169643
305.309813187
296.63
297.73
306.02
298.25
299.42
306.73
299.08
300.46
307.14
300.38
301.27
307.21
300.15
301.64
307.24
300.76
302.42
306.54
300.94
302.64
303.52
301.14
301.84
299.03
301.15
300.93
296.93
300.58
299.24
296.99
298.03
296.66
297.18
295.93
294.7
297.35
293.87
293.88
297.53
293.18
292.58
297.29
292.65
291.93
296.78
291.95
290.89
296.74
291.85
290.52
296.66
291.53
290.25
296.47
291.09
289.17
296.72
290.65
289.2
297.72
291.13
290.11
298.38
293.12
293.43
300.49
294.83
295.02
301.65
295.94
297.04
302.69
298.71
298.98
303.69
299.18
299.61
303.95
300.78
301.74
304.59
301.17
302.37
304.73
301.71
303.2
304.66
302.16
303.68
304.39
302.68
304.1
303.5
302.71
303.78
302.85
302.47
302.787295302
301.022105664
301.84
302.03
299.03
300.17
298.92
298.06
299.28
296.89
297.04
297.94
296.16
296.33
297.03
294.29
295.56
296.61
293.53
295.11
296.01
292.11
294.5
295.95
291.67
294.12
294.55
291.56
293.71
293.83
290.82
294.86
292.58
291.69
297.43
292.11
292.93
298.91
294.84
295.58
301.24
296.52
296.73
301.67
298.34
296.35
303.24
300.11
296.35
304.11
301.0
296.47
304.97
300.01
297.57
305.64
299.89
298.67
305.66
299.07
298.78
305.93
298.99
298.78
305.74
298.05
298.02
304.89
297.35
297.54
304.22
297.09
295.96
300.89
296.29
295.75
299.33
295.4
295.31
298.21
295.19
294.81
297.99
294.99
294.06
297.45
295.24
293.95
297.28
294.58
292.88
296.97
294.46
292.17
296.99
293.96
292.32
296.71
293.54
291.94
296.35
292.56
290.87
297.04
292.61
290.56
298.93
292.74
291.02
299.76
293.77
292.64
302.47
294.79
294.42
303.85
297.13
296.01
304.78
298.54
298.29
305.71
299.82
299.89
306.24
300.36
299.88
307.04
301.31
300.39
307.63
301.6
300.613530249
307.655556821
301.47
301.21
307.72
301.67
301.24
306.48
301.57
301.08
305.83
301.32
300.64
302.94
299.55
297.96
301.7
298.98
296.85
301.02
297.02
293.59
299.73
295.09
292.898798098
299.375262376
293.99
291.11
298.51
292.82
289.51
297.26
292.44
289.09
296.23
291.97
288.84
295.38
291.31
288.31
295.46
290.58
287.95
295.81
290.42
288.0
296.68
290.66
288.49
299.91
291.68
289.28
301.37
293.57
290.61
303.15
294.9
292.14
304.47
296.94
294.49
305.4
297.42
296.67
306.23
298.09
298.59
306.95
298.75
300.17
307.46
299.25
301.46
307.34
299.65
301.704246696
307.242120411
299.76
300.77624431
304.85149725
299.26
301.243666667
304.777
299.08
300.359333333
302.476
298.0
299.03
300.48
296.91
296.39
300.06
295.32
293.89
299.16
294.09
292.69
298.14
293.37
292.47
297.66
293.33
290.62
296.81
291.6
289.19
296.62
291.31
288.88
296.44
290.73
288.06
296.08
290.41
287.73
296.34
290.17
288.379445524
297.165661732
290.74
290.37
299.55
293.06
292.67
301.06
293.28
293.63
301.74
294.93
295.51
302.89
296.76
297.33
304.6
298.46
299.13
305.46
299.6
300.06
306.2
300.85
301.28
306.6
301.12
301.62
306.56
301.43
302.55
306.28
301.62
302.45
305.67
301.92
302.77
304.21
301.57
301.65
302.11
300.88
300.92
301.04
299.44
297.75
300.08
297.57
296.38
299.4
296.14
294.76
298.91
294.79
294.28
298.38
294.08
292.89
297.7
293.45
291.2
296.91
293.41
290.92
296.68
292.8
290.07
296.24
291.89
289.54
296.5
291.13
289.44
297.8
291.98
291.11
298.81
294.38
295.29
300.96
295.24
297.17
302.13
296.85
297.86
302.53
298.23
299.68
304.42
298.94
301.1
305.04
299.62
302.66
305.69
301.02
303.55
306.07
301.51
303.93
305.79
302.41
304.88
305.35
302.63
305.0
304.82
302.72
304.78
303.8
302.58
303.7
302.76
301.01
301.79
302.18
299.77
300.72
301.73
297.64
298.33
301.56
295.3
295.64
300.94
294.43
294.06
300.51
293.96
293.53
300.18
293.26
291.55
299.59
292.44
290.25
299.11
292.03
289.94
298.96
291.29
288.84
298.77
291.29
289.16
298.82
291.42
292.2
299.65
292.62
294.12
300.53
294.42
296.22
301.54
295.61
297.89
302.25
297.21
299.39
303.79
298.29
301.04
304.9
298.95
302.52
305.19
300.21
304.0
305.4
301.14
304.37
305.49
301.0
304.8
305.17
301.41
305.17
304.28
301.51
304.25
303.07
301.17
303.65
301.97
299.86
301.74
300.92
298.32
299.76
300.71
296.92
297.35
300.63
295.19
294.39
299.95
294.28
292.63
299.59
294.0
291.79
299.62
293.23
290.13
299.22
292.66
289.57
298.86
291.93
288.49
298.47
291.47
287.77
298.22
290.19
287.8
299.4
290.23
289.95
300.59
292.52
292.32
302.12
295.35
294.75
303.58
296.06
295.74
304.12
297.7
298.52
305.43
298.5
300.04
305.83
299.08
301.64
306.57
300.56
302.75
306.67
301.08
302.92
306.73
301.22
303.61
306.41
301.36
303.83
305.58
301.29
303.55
304.46
301.41
303.13
304.0
299.86
301.49
302.6
298.53
300.02
302.14
296.69
297.34
301.5
294.37
295.09
300.42
292.57
292.92
299.97
291.79
292.38
299.7
291.32
290.49
299.12
292.17
289.89
298.93
293.64
289.26
298.29
293.21
288.87
298.34
293.37
288.84
299.38
292.54
291.27
300.92
293.97
293.84
302.23
295.8
296.24
303.91
297.08
296.88
304.36
299.36
299.11
305.67
301.33
300.62
306.19
302.56
301.55
306.52
303.02
302.43
306.54
303.35
303.52
306.3
303.72
304.0
306.17
303.47
304.09
305.74
302.54
303.91
304.28
301.96
303.47
303.78
299.3
301.41
302.62
297.78
299.64
302.33
295.44
296.95
301.67
294.14
294.13
300.92
293.49
292.66
300.24
293.1
291.72
299.96
292.13
290.22
299.53
291.98
289.32
299.26
291.58
288.93
299.21
291.01
288.19
299.21
289.54
287.74
299.62
289.47
288.13
299.97
290.82
290.91
301.41
292.37
292.62
302.75
293.69
293.35
303.28
296.0
296.61
305.02
297.27
298.61
305.74
297.79
299.69
306.05
298.46
300.79
306.25
298.97
301.35
306.2
298.74
301.36
305.96
298.45
301.36
304.96
297.97
300.56
304.56
297.58
298.27
302.99
296.48
296.48
302.51
294.58
293.13
301.68
293.4
291.49
301.26
292.84
290.79
301.01
292.05
288.79
300.13
291.78
288.68
299.97
291.19
287.17
299.51
290.58
286.59
299.38
290.26
286.56
299.14
289.91
286.7
299.16
289.81
287.07
299.49
289.12
287.72
300.77
289.65
288.71
301.64
290.85
289.36
302.42
292.38
290.18
302.72
293.76
292.02
303.57
294.78
293.71
304.29
295.45
295.59
304.0
296.18
297.04
303.45
296.73
298.11
303.86
297.08
298.87
303.59
297.59
298.27
303.42
297.62
297.7
302.96
296.86
296.2
301.9
295.54
294.93
301.66
294.15
292.65
301.38
293.11
292.2
301.19
291.85
290.67
300.43
291.37
290.4
300.18
291.13
289.45
299.61
290.78
288.45
299.46
290.25
288.07
299.11
289.95
287.77
299.11
289.51
287.01
299.08
289.42
286.95
299.27
288.43
288.38
299.8
289.68
290.13
300.13
291.59
292.4
300.79
293.02
292.91
299.83
295.11
295.33
297.53
295.39
297.43
297.39
296.15
298.85
297.95
298.03
300.22
299.1
298.81
300.78
300.46
298.81
301.33
301.36
299.18
301.08
301.32
299.96
300.85
301.05
298.59
299.49
300.2
297.92
298.37
299.97
296.18
295.71
299.97
294.86
293.67
300.19
293.77
292.25
299.88
292.31
291.0
299.56
291.72
289.85
298.99
290.58
289.45
298.76
289.99
288.05
298.15
289.78
288.07
298.03
289.19
287.37
297.77
288.41
287.15
298.79
288.8
287.33
299.5
291.38
288.8
301.64
292.4
289.5
302.06
294.81
292.59
303.63
296.65
294.48
304.37
298.09
296.05
305.26
298.42
296.8
305.59
299.61
299.39
306.21
300.21
299.8
306.17
300.59
300.58
306.04
300.76
300.14
305.34
300.75
299.3
303.96
300.51
297.85
302.49
299.01
294.95
301.25
297.3
291.77
300.6
295.85
290.27
300.1
293.91
289.7
299.21
293.39
289.64
298.72
292.69
289.57
297.28
291.32
289.17
296.86
290.57
289.32
296.31
289.69
289.34
296.01
289.29
289.07
296.0
289.01
289.03
297.33
288.54
289.16
298.11
289.72
289.77
300.87
290.74
290.18
301.7
291.68
291.16
304.05
292.15
291.52
304.91
292.55
292.07
305.64
293.29
292.65
306.19
293.9
292.63
306.58
294.54
293.09
306.61
294.99
293.43
306.13
295.31
293.26
305.32
294.98
293.1
304.84
294.28
292.33
302.28
293.21
291.78
301.45
293.04
291.57
300.71
291.72
290.73
300.47
291.24
290.59
300.0
291.03
290.29
299.82
291.25
290.06
299.27
290.95
289.95
298.6
290.86
289.9
298.37
290.93
289.54
297.47
290.9
289.54
297.39
290.46
289.59
297.94
290.01
289.85
300.38
290.33
290.55
301.94
290.53
290.92
302.65
290.97
291.67
304.68
291.25
292.12
305.57
290.99
291.76
306.44
291.17
292.15
307.03
291.55
292.84
307.43
291.52
293.73
307.29
291.26
293.97
306.8
291.09
293.06
306.0
290.76
292.37
304.79
290.68
291.19
303.06
290.46
290.55
301.82
290.23
290.37
301.56
289.73
290.11
300.8
289.18
290.13
299.85
289.04
289.9
299.38
288.96
290.1
298.95
288.87
289.27
298.35
288.86
289.35
298.19
289.04
289.29
297.51
288.82
289.23
297.3
288.48
289.44
299.34
288.68
289.39
300.24
289.55
290.14
303.15
290.11
290.661100389
303.812423675
290.82
292.3
305.78
291.23
293.52
306.63
291.78
294.78
307.58
292.63
296.0
308.14
293.11
297.23
308.63
293.77
298.17
308.86
294.26
298.25
308.49
294.43
298.27
307.39
294.43
297.89
306.64
293.88
295.93
304.2
293.78
295.16
303.59
292.7
292.58
302.39
291.99
291.49
301.55
291.76
290.94
300.93
291.71
290.64
300.33
291.13
290.15
299.71
290.65
289.5
299.13
290.66
289.47
298.81
290.41
289.12
298.23
290.08
288.99
298.54
289.21
289.15
300.06
288.59
289.25
300.84
290.23
289.74
303.81
291.17
290.53
305.42
291.94
291.31
306.8
293.08
292.52
307.82
293.64
293.65
308.66
294.95
294.06
309.45
295.18
295.16
309.65
296.0
296.5
309.38
295.92
296.73
309.22
295.95
296.74
308.06
295.73
296.34
306.58
295.88
295.24
305.1
294.56
293.55
303.77
293.95
292.57
303.4
292.65
290.7
302.47
291.13
289.61
301.49
290.43
288.99
301.0
289.93
288.48
300.61
288.2
287.65
299.74
287.63
287.42
299.34
287.75
286.76
298.8
287.66
286.31
298.65
286.81
286.45
299.89
287.52
287.42
300.65
289.3
289.74
303.62
291.06
291.18
305.14
292.57
292.22
305.88
293.79
294.22
307.98
294.56
295.24
309.07
295.31
296.46
309.91
295.27
297.84
310.13
296.19
297.67
309.91
296.58
298.52
309.24
296.57
298.67
308.17
297.12
298.57
307.57
295.34
298.13
304.47
295.69
296.85
303.1
293.71
294.57
302.38
292.35
292.06
301.6
290.55
290.95
300.4
290.37
290.48
300.26
288.97
289.05
299.23
288.18
288.27
298.64
287.76
288.04
298.49
287.57
287.14
297.5
287.18
286.62
297.14
286.52
285.61
298.52
286.98
286.2
298.82
288.03
289.37
301.62
290.67
290.91
303.92
292.36
291.98
305.34
293.13
293.51
306.61
293.5
295.14
307.24
294.39
295.8
308.13
295.28
296.93
308.55
295.94
297.46
308.58
296.22
297.17
308.21
296.27
296.99
306.96
295.82
295.77
305.51
295.91
295.61
304.65
294.91
293.02
302.58
293.18
291.65
301.88
292.32
290.93
301.09
291.18
290.06
300.63
290.75
289.95
300.38
290.6
289.53
299.11
290.08
289.31
299.03
289.99
289.02
298.68
289.33
288.31
297.75
289.25
288.1
297.62
288.96
288.27
298.16
288.26
288.89
300.73
289.57
289.67
302.28
291.18
290.44
304.09
292.36
291.35
305.26
293.26
292.6
306.48
293.65
293.49
307.47
294.89
294.96
308.24
295.62
295.76
308.81
295.71
296.93
308.92
296.28
297.18
308.52
296.04
297.32
307.36
296.03
297.01
306.05
295.63
296.39
304.16
294.95
295.51
303.29
293.43
292.51
302.43
292.31
291.47
302.13
290.95
289.55
301.08
290.47
289.16
300.75
289.58
287.65
299.91
288.3
286.93
299.68
288.33
286.35
299.11
288.48
285.84
298.78
287.07
284.66
298.47
286.51
284.95
299.86
286.79
286.32
300.5
