273.98
274.61
281.58
274.08
274.33
281.09
273.86
273.86
280.46
272.99
273.54
280.45
272.75
273.03
280.27
273.07
273.17
279.98
272.92
273.2
279.78
273.97
273.08
279.11
273.15
272.5
278.57
273.03
272.31
278.09
272.86
271.61
277.88
272.68
271.33
277.47
272.75
271.5
277.32
272.62
272.05
277.47
273.25
274.36
278.23
273.39
275.87
278.31
273.7
276.79
277.96
274.5
277.64
277.66
274.55
277.71
277.21
274.23
277.37
276.45
273.81
276.54
276.09
273.5
275.31
275.91
273.39
275.02
275.77
273.05
274.72
275.38
273.21
274.27
275.2
272.41
273.82
275.04
273.985
272.715
274.075
275.56
271.61
273.11
275.56
271.61
273.11
275.56
271.61
273.11
275.56
271.61
273.11
275.56
271.61
273.11
275.56
271.61
273.11
275.25
271.03
273.54
272.16
267.5875
273.48
271.88
272.69
274.0
271.95
271.81
274.65
272.91
273.23
275.3
273.98
275.36
275.9
275.05
276.94
276.41
276.23
278.81
276.67
277.11
279.58
276.9
277.28
280.31
277.3
277.43
280.0
276.78
275.94
278.29
275.75
275.26
277.39
275.2
274.16
275.71
274.26
274.32
275.28
273.54
273.8
275.0
273.28
273.47
274.4
272.59
273.17
274.2
272.26
272.65
274.3
272.46
272.63
273.35
272.52
272.55
273.03
272.54
271.5
272.76
272.32
272.14
272.19
272.12
271.55
271.91
271.8
271.49
271.65
271.99
271.83
271.05
272.62
271.93
270.92
275.14
271.89
271.35
276.87
272.64
273.35
279.27
274.02
276.23
280.96
275.03
277.78
281.66
276.0
278.76
282.2
276.57
279.61
282.31
277.16
280.02
281.9
275.99
279.25
281.03
275.31
277.85
279.71
275.18
277.5
279.17
275.01
277.36
278.83
275.17
275.67
278.96
275.15
275.41
279.05
275.29
275.25
278.97
274.923
274.993
278.18925
274.167333333
274.517333333
275.725666667
273.994666667
274.369666667
275.786333333
275.3825
275.92875
276.95875
275.73
276.35
277.39
275.91
276.86
277.28
276.06
277.155
277.275
276.21
277.45
277.27
276.32
277.92
277.52
275.99
278.21
278.48
276.08
278.45
278.89
276.14
278.91
279.81
276.79
279.61
280.72
276.96
280.24
281.46
277.45
281.82
282.04
277.93
282.34
282.95
278.04
282.5
282.39
277.88
281.97
281.66
277.76
281.03
281.28
277.59
279.91
281.08
277.59
280.04
280.82
277.94
278.95
280.67
277.5
278.76
280.38
277.34
278.6
280.21
277.48
278.42
280.09
277.0
278.64
279.97
276.89
278.4
279.56
277.22
278.36
279.26
277.11
278.06
279.06
277.17
278.06
277.78
277.37
277.79
277.04
277.22
278.11
276.91
277.42
278.28
277.32
277.09
278.73
277.95
277.17
278.48
279.11
277.13
278.69
280.18
277.55
278.85
281.5
277.69
279.12
282.49
277.92
279.21
283.85
278.35
278.96
284.43
278.81
279.47
284.38
278.66
279.47
283.25
277.88
279.01
280.94
277.74
278.6
279.99
277.6
278.26
279.28
278.22
278.48
278.2
278.06
278.68
278.0
277.84
278.26
277.04
277.44
277.86
276.07
277.67
277.73
275.74
277.51
277.73
274.84
277.25
277.51
274.71
277.34
277.32
275.13
277.99
277.23
275.01
277.75
277.23
274.52
277.79
277.23
274.1
278.38
277.53
274.65
278.19
277.37
276.64
277.78
277.66
279.24
278.3
278.07
281.41
278.33
278.83
283.4
278.35
279.31
284.63
278.18
279.78
285.5
277.97
279.88
285.74
278.01
279.75
285.45
277.87
279.54
284.5
277.83
279.36
281.83
277.74
279.2
280.07
277.29
279.08
278.39
277.38
279.18
277.48
277.3
278.84
276.35
276.99
278.35
275.22
277.18
277.65
274.42
276.77
277.65
273.85
276.57
277.69
273.94
276.45
277.87
273.7
276.4
278.05
273.17
276.31
278.34
272.55
276.12
278.74
272.2
275.94
279.22
271.97
275.83
279.81
272.94
275.69
280.35
277.09
275.83
280.89
279.86
276.41
281.45
282.5
276.76
281.55
284.07
277.07
282.22
285.26
276.4735
281.2485
284.081
278.003333333
282.64
284.973333333
278.47
282.85
284.83
278.26
282.55
284.09
278.25
282.1
282.68
278.16
281.81
281.77
278.16
281.23
281.65
277.86
281.18
280.91
277.7
280.86
280.57
277.46
280.7
280.79
276.75
280.63
280.91
277.25
280.52
280.84
276.69
280.23
281.05
276.59
280.145
281.17
276.49
280.06
281.29
276.67
280.05
281.42
276.665
280.015
281.495
276.66
279.98
281.57
276.62
279.16
281.61
276.44
278.73
281.79
276.79
278.26
281.78
276.86
278.21
281.7
276.76
278.12
281.53
276.85
278.61
281.41
276.85
279.39
281.57
276.42
280.5
281.75
275.92
281.64
281.56
275.88
282.71
281.41
275.79
283.29
281.26
276.41
283.46
281.18
276.68
282.85
281.36
276.05275
280.94275
282.8565
274.831666667
275.898333333
286.79
274.501333333
275.559666667
287.068
276.036
279.7735
287.826
275.084
277.917333333
287.944
275.997
280.613666667
288.542
276.91
283.31
282.96
279.85
282.69
283.23
276.8135
277.746
285.2035
277.5488
277.6828
284.5868
273.883666667
271.925333333
286.992
273.990333333
271.048666667
286.807
273.714
274.546
286.2985
273.948333333
272.211333333
286.221333333
273.799666667
274.250666667
285.820666667
277.49
276.29
285.42
274.187333333
276.321666667
286.575
274.723666667
276.353333333
287.73
275.1504
277.556
286.3425
275.705
277.3925
286.65
276.15
278.4
286.44
275.15
278.4
286.92
276.83
277.98
286.44
276.83
276.77
286.325
276.83
276.98
286.21
273.66
276.225
286.46
275.81
275.47
286.71
275.25
275.47
286.575
274.91
275.69
286.44
275.81
275.89
286.44
274.15
275.62
286.71
275.15
275.62
287.0
274.83
275.2
286.835
274.99
275.2
286.67
274.15
274.89
285.96
274.98
275.11
286.065
273.99
275.11
286.17
274.15
274.89
287.15
273.15
274.81
288.6195
274.15
275.06
286.97
275.15
275.31
286.88
276.12
275.83
286.17
276.21
276.04
285.805
275.98
276.04
285.44
275.75
276.04
285.44
273.15
276.1
284.44
272.15
276.04
283.9
272.15
276.1
286.4955
272.99
275.82
283.73
272.15
275.03
283.23
271.99
274.55
283.73
271.98
274.15
283.44
271.81
273.06
283.46
270.67
273.03
283.0
270.83
272.94
283.23
270.67
272.73
282.67
270.81
272.66
282.67
270.42
272.36
283.65
269.81
271.84
282.61
269.65
272.15
285.5
269.67
272.15
287.96
269.67
271.36
290.71
270.52
271.93
292.15
269.15
272.93
293.63
271.15
274.23
293.71
273.28
274.3245
294.21
273.75
274.87
294.4
274.21
275.66
294.21
271.15
275.24
293.23
273.28
275.03
292.56
272.67
273.82
291.56
271.67
273.31
291.67
271.67
271.43
291.41
271.48
271.76
291.15
271.78
271.31
291.44
271.15
271.04
291.92
267.15
269.7815
283.9715
266.15
270.52
291.65
266.15
270.24
291.65
266.15
270.04
291.71
266.15
269.53
291.44
266.15
269.53
291.44
265.15
269.25
290.71
273.2
269.32
290.94
268.675
269.68
291.585
264.15
270.04
292.23
264.15
270.66
284.268
265.55
271.915
287.69
266.95
273.17
285.42
270.15
274.45
284.65
271.15
274.995
284.325
272.15
275.54
284.0
272.75
275.61
280.42
270.95
274.715
278.43
269.15
273.82
276.44
270.52
273.03
274.5525
267.15
272.45
275.92
267.15
271.45
275.92
266.15
271.18
276.21
274.77
271.04
275.71
268.19
269.94
275.21
265.15
269.83
275.21
265.15
269.64
274.92
264.15
269.66
274.44
264.15
269.66
274.21
264.15
269.66
273.92
265.15
268.7185
273.92
268.15
269.29
274.0
266.49
269.08
274.44
266.15
268.8
275.0
272.17
270.08
275.92
266.75
271.08
277.15
267.75
272.36
278.65
269.15
274.15
278.58
272.95
275.07
278.51
273.0
275.05
278.13
272.9
274.85
277.14
272.69
274.0
275.74
272.6
272.87
275.12
272.19
272.24
274.54
273.59
271.92
273.83
273.55
271.84
273.14
272.79
271.85
272.39
274.2
271.51
271.98
274.2
271.47
271.67
272.86
271.44
271.22
273.09
271.42
271.17
273.09
271.54
271.3
273.09
271.41
271.26
273.09
271.62
271.36
273.05
271.79
271.5
272.22
271.95
271.7
272.195
272.04
273.07
272.17
272.13
274.44
272.8
272.59
276.05
272.875
273.295
277.235
272.95
274.0
278.42
273.17
274.61
279.35
273.55
275.28
279.35
273.87
275.46
279.25
273.74
275.58
278.94
273.64
275.02
277.69
273.6
274.83
276.71
273.66
274.43
276.09
273.55
273.93
275.5
273.55
274.15
274.87
273.7
274.01
274.21
273.7
273.95
273.94
273.7
274.0
273.86
273.7
274.01
274.08
273.7
273.835
274.055
273.7
273.66
274.03
273.64
273.64
273.76
273.6
273.81
272.47
273.54
273.68
271.89
273.71
273.68
272.21
273.76
273.66
273.03
273.76
273.58
273.92
273.72
274.22
274.84
274.5
275.83
275.3
275.07
276.59
275.3
275.55
277.76
275.56
276.12
278.0
275.91
276.06
278.11
276.17
275.9
277.9
276.13
275.65
277.06
276.09
275.71
276.13
275.95
275.61
275.19
275.74
275.07
273.97
274.66
274.82
276.47
274.27
271.909
278.31
272.859
276.92
280.15
276.14
275.62
271.25
272.12
275.62
271.25
272.12
275.62
271.25
272.12
275.62
271.25
272.12
275.62
271.25
272.12
275.62
271.25
272.12
274.26
271.31
270.05
274.35
270.99
270.88
274.23
270.49
273.53
274.55
270.28
275.94
274.56
271.92
277.81
275.07
273.73
279.46
275.31
275.02
280.36
275.59
275.59
280.88
276.11
277.02
281.5
275.97
277.22
281.36
275.72
278.21
280.99
275.3
277.08
278.56
274.65
275.66
277.26
273.9
274.95
275.92
273.65
274.55
275.61
273.35
274.08
275.92
273.07
273.41
276.91
272.83
272.93
277.18
272.47
272.83
276.32
272.51
272.63
275.88
271.11
272.09
275.83
272.08
272.36
275.71
272.29
272.12
275.35
271.58
272.18
275.155
271.59
271.93
274.96
271.69
271.97
276.23
271.58
271.9
279.51
272.09
272.14
281.32
272.81
272.26
283.73
274.525
273.36
285.275
276.24
274.46
286.82
276.84
275.09
287.47
277.29
275.04
287.82
277.34
275.85
287.86
277.27
275.85
286.66
276.53
274.71
284.41
275.83
274.63
282.62
275.02
274.37
281.19
274.41
273.51
279.56
273.91
273.51
279.1
273.51
273.61
277.75
273.33
273.43
277.13
272.95
272.57
276.68
273.42
272.43
276.26
272.07
272.08
275.44
272.57
272.46
275.23
273.27
272.27
274.73
272.51
272.66
274.27
272.77
272.63
273.51
273.17
272.82
275.4
273.54
272.67
280.33
274.28
272.83
282.66
274.73
273.32
285.23
275.9
274.35
287.43
276.35
274.05
288.39
277.09
274.32
289.19
277.73
275.27
289.53
277.65
275.4
289.25
277.3
275.37
288.13
276.485
274.93
286.42
275.67
274.77
284.71
275.25
274.39
283.53
275.08
274.335
283.085
274.91
274.28
282.64
274.31
273.96
281.49
274.045
273.775
281.26
273.78
273.59
281.03
273.28
273.6
280.61
273.19
273.46
280.045
273.1
273.32
279.48
272.91
273.4
278.75
272.87
273.53
278.46
272.83
273.66
278.76
272.15
273.66
280.76
272.88
273.45
283.15
273.61
274.15
284.79
273.2725
274.405
286.43
280.45
283.8
289.42
279.39
283.15
289.39
279.39
283.15
289.39
278.47
279.055
287.245
277.55
274.96
285.1
277.62
275.17
285.1
277.16
274.96
285.49
276.77
274.66
284.15
276.24
274.96
283.49
276.14
274.66
283.09
276.16
274.43
282.69
275.35
274.2
281.81
274.795
274.065
281.215
274.24
273.93
280.62
274.1
273.81
280.05
273.685
273.715
279.34
273.27
273.62
278.63
273.41
273.53
278.13
273.44
273.39
277.66
273.96
273.49
277.17
273.31
273.28
278.65
273.31
273.57
281.63
273.31
273.86
284.61
273.76
274.43
287.56
274.74
274.915
289.38
275.72
275.4
291.2
276.28
274.84
292.31
276.71
275.86
292.91
277.02
276.07
293.51
276.33
276.48
292.24
276.015
275.96
289.54
275.7
275.44
286.84
275.12
274.5
285.2
275.01
274.155
284.18
274.9
273.81
283.16
274.82
273.69
281.83
275.74
272.26
282.36
276.66
270.83
282.89
276.66
270.83
282.89
276.755
270.785
281.005
276.85
270.74
279.12
276.85
270.74
279.12
274.82
272.05
278.18
272.79
273.36
277.24
272.69
273.51
277.3
272.415
273.295
278.535
272.14
273.08
279.77
272.2
273.25
281.56
272.84
273.91
283.82
274.11
274.37
285.13
274.3
274.11
286.21
274.92
274.27
287.0
274.57
274.6
286.71
274.77
275.06
285.98
274.405
274.775
284.375
274.04
274.49
282.77
273.32
273.99
280.9
273.115
273.84
280.165
272.91
273.69
279.43
273.22
273.61
278.95
274.325
272.13
280.405
275.43
270.65
281.86
275.43
270.65
281.86
275.82
271.44
281.68
275.82
271.44
281.68
275.82
271.44
281.68
272.03
272.42
276.44
271.81
272.16
276.79
271.86
272.19
277.61
271.57
271.61
280.62
271.65
271.66
282.43
272.47
272.24
285.4
273.27
272.72
287.51
274.01
273.56
288.7
274.9
274.47
290.14
276.07
275.72
291.17
276.34
276.23
291.2
276.2
276.8
290.56
275.59
276.79
288.24
275.27
276.12
286.92
275.29
275.88
286.04
275.32
275.25
285.435
275.35
275.07
284.83
275.36
275.5
284.37
275.405
275.795
284.14
275.45
276.09
283.91
275.56
276.32
283.96
275.695
276.19
284.1
275.83
276.93
284.24
275.71
276.36
284.58
275.875
276.885
284.36
276.04
277.41
284.14
275.87
277.78
284.81
276.06
278.065
287.335
276.25
278.35
289.86
276.61
278.45
291.75
276.815
278.62
293.155
277.02
278.79
294.56
277.73
278.49
295.38
277.755
278.225
295.44
277.78
277.96
295.5
277.72
277.74
294.53
277.685
277.765
293.315
277.65
277.79
292.1
277.7
278.01
291.57
277.765
278.215
290.84
277.83
278.42
290.11
277.47
278.42
289.13
277.44
278.395
288.915
277.41
278.37
288.7
277.11
278.11
288.13
277.105
277.925
287.345
277.1
277.74
286.56
277.17
277.29
285.18
277.195
277.005
284.855
277.22
276.72
284.53
277.16
276.4
284.74
276.98
276.235
286.63
276.8
276.07
288.52
277.39
276.8
290.66
277.885
277.775
292.835
278.38
278.75
295.01
278.84
279.08
296.03
278.855
279.385
296.955
278.87
279.69
297.88
278.68
279.54
296.96
278.135
278.97
294.875
277.59
278.4
292.79
277.21
278.03
290.94
277.065
277.995
289.625
276.92
277.96
288.31
276.92
278.03
286.86
277.05
278.085
286.075
277.18
278.14
285.29
277.27
278.29
284.59
277.3
278.47
284.33
277.33
278.65
284.07
277.42
278.9
283.77
277.58
279.14
282.915
277.74
279.38
282.06
277.45
279.53
281.07
277.35
279.635
281.025
277.25
279.74
280.98
276.7425
280.14
281.1
278.59
280.54
281.22
275.992
279.820333333
283.473666667
275.749
279.100666667
285.727333333
275.7695
279.222
284.5245
275.438666667
278.222
287.930333333
275.371333333
278.063
287.879666667
275.154
277.3415
286.579
275.136666667
277.37
286.945
274.969333333
276.836
286.061
274.84
276.865
286.94
274.66
276.143333333
285.468333333
274.518
275.984666667
285.759666667
277.373
277.268
282.09675
278.23
277.59
281.07
278.17
277.61
280.91
278.063333333
277.523333333
280.71
276.1075
276.2825
284.1375
277.85
277.35
280.31
277.985
277.23
280.28
278.12
277.11
280.25
277.87
277.08
280.42
277.695
277.145
281.01
277.52
277.21
281.6
277.47
277.56
282.34
277.53
278.145
283.075
277.59
278.73
283.81
277.99
279.36
284.08
277.945
279.54
283.975
277.9
279.72
283.87
277.79
279.64
283.51
277.5
279.285
283.205
277.21
278.93
282.9
277.09
278.53
282.77
276.945
278.28
282.61
276.8
278.03
282.45
276.64
277.92
282.27
276.53
277.82
282.34
276.7
277.65
282.4
276.55
277.57
282.48
276.68
277.44
282.66
275.6555
277.34
288.153
276.72
277.24
283.34
276.51
277.28
283.82
275.2835
277.16
289.2435
276.5
277.04
285.47
276.39
276.96
286.96
276.56
277.24
291.301
276.73
277.52
289.43
277.22
277.83
290.49
277.455
277.915
294.215
277.69
278.0
293.91
277.656666667
277.873333333
294.59
277.0225
277.7375
295.34
277.59
277.62
295.95
277.386666667
277.456666667
295.343333333
276.6595
277.4595
294.447
276.98
277.13
294.13
276.9525
277.0975
294.143
276.169333333
277.179333333
294.44
276.519666667
277.089666667
294.311
276.87
277.0
293.04
276.466
277.186
294.040666667
276.062
277.372
293.899333333
275.6535
277.331
294.047
275.251
277.592666667
293.809333333
274.844
277.627333333
293.860666667
274.5745
277.4745
293.787
274.121666667
277.571666667
293.88
273.806333333
277.481333333
293.848
274.563
277.8505
293.3005
273.890333333
277.607
293.440333333
274.289666667
277.823
293.064666667
275.3775
278.59
292.365
275.547333333
278.622333333
292.097333333
276.405666667
279.205666667
291.505666667
275.7575
279.0825
291.3825
277.118
279.901333333
290.634666667
276.972
280.013666667
290.355333333
276.785
279.435
288.9225
276.652666667
279.777666667
289.027666667
276.479333333
279.429333333
287.979333333
276.4125
279.5625
286.8875
276.203666667
279.053666667
285.853666667
276.101333333
279.026333333
284.776333333
277.3065
278.48775
292.70525
277.64
278.29
294.63
277.35
278.29
294.35
277.32
278.07
294.26
276.604
279.264
287.6915
277.33
278.9
294.18
277.26
278.87
294.71
277.05
278.92
295.04
277.41
278.98
295.09
277.34
279.23
295.09
277.39
279.29
294.71
277.58
279.47
294.79
277.95
280.17
295.54
278.15
280.36
296.65
278.34
280.47
297.98
278.59
280.79
297.69
278.25
280.91
291.22
278.29
281.03
291.48
278.35
280.84
285.98
278.12
280.76
285.98
278.19
280.8
285.98
278.06
280.61
284.01
278.12
280.54
284.01
278.01
280.33
284.01
277.98
280.19
282.09
277.98
279.86
282.09
278.01
279.93
282.09
277.94
280.24
279.48
277.91
280.27
279.48
277.95
280.54
279.48
277.985
280.46
279.64
278.02
280.38
279.8
278.08
280.47
279.8
277.7
280.54
283.07
277.54
280.65
283.07
277.92
280.99
283.07
278.13
281.14
283.8
278.44
281.29
284.53
278.69
281.61
284.53
278.99
281.64
281.59
279.17
281.76
281.59
279.08
281.59
281.59
278.82
281.68
279.41
278.56
281.55
279.41
278.52
281.55
279.41
278.56
281.46
279.43
278.33
281.55
279.43
278.23
281.49
279.43
278.27
281.16
278.35
278.18
281.23
278.35
278.28
281.08
278.35
278.25
281.08
277.54
278.28
281.08
277.54
278.23
280.97
277.54
278.18
281.08
279.93
278.34
280.99
279.93
278.28
280.87
279.93
278.14
280.76
287.33
278.27
280.88
287.33
278.62
281.11
287.33
278.97
281.03
290.59
279.56
281.04
291.3
280.02
281.31
292.3
280.25
281.91
293.1
280.63
282.15
293.22
280.39
281.98
292.33
280.67
281.65
291.18
