274.33
274.7
290.44
274.38
273.82
289.84
274.16
274.03
289.46
273.77
273.37
288.4
273.75
273.57
288.09
274.56
273.7
287.29
275.12
273.89
286.62
274.93
274.03
286.22
274.52
274.28
286.21
273.78
273.58
288.59
273.26
274.38
292.06
273.69
274.92
294.81
274.57
275.69
298.2
275.88
276.36
301.21
276.17
276.78
302.28
277.05
277.52
303.28
277.61
277.92
303.6
277.61
277.59
303.37
277.61
277.92
302.41
277.05
278.15
300.47
275.63
276.83
298.91
274.89
275.48
297.88
274.17
274.69
296.78
273.8
274.76
296.16
273.67
274.76
294.95
273.94
274.01
293.78
273.95
274.02
292.72
273.93
274.02
291.53
273.56
274.25
289.95
273.37
274.02
289.35
272.95
273.68
286.95
273.15
274.04
284.22
272.73
274.02
282.74
273.14
273.9
282.21
273.43
274.02
283.08
273.58
275.0
284.53
274.14
275.9
285.29
275.0
277.24
286.79
275.99
277.91
287.54
276.58
278.92
288.46
277.14
279.48
289.28
278.03
279.7
289.36
277.87
280.27
288.89
277.6
280.26
287.29
275.92
278.6
285.89
274.21
277.14
284.88
274.18
276.25
283.27
273.31
275.92
282.71
273.0
275.91
282.22
272.17
276.25
281.15
271.76
275.62
280.02
266.97
274.62
278.75
266.64
273.46
277.55
270.75
272.67
276.42
270.35
272.57
275.47
270.13
272.24
274.78
270.14
271.64
274.46
271.13
271.68
275.7
271.12
272.24
277.01
272.52
273.0
278.21
273.81
274.91
279.88
275.55
276.25
281.15
276.99
278.03
282.27
277.28
278.72
283.89
277.72
279.38
284.27
277.72
280.04
284.82
277.72
279.91
284.59
276.62
279.53
283.17
275.46
278.93
281.72
275.3
278.05
280.16
275.34
277.7
279.69
274.35
277.38
278.77
273.82
277.14
278.34
273.14
276.92
277.9
272.97
276.64
277.96
272.39
276.15
277.59
272.27
275.71
277.88
271.96
275.37
277.46
271.78
274.93
277.4
271.73
275.04
277.64
271.58
274.93
279.14
273.94
274.9
281.01
274.48
275.05
283.95
274.43
275.25
285.58
275.7
275.59
286.95
276.85
276.04
287.83
277.86
276.9
289.08
279.0
277.04
289.82
279.43
277.47
290.02
279.86
277.36
289.91
279.87
277.14
289.59
279.5
277.37
289.22
278.5
277.15
288.59
277.54
276.81
288.28
277.33
276.52
287.72
275.9
276.4
288.15
275.1
276.15
288.22
273.78
275.9
287.97
273.78
275.64
288.01
272.79
275.76
288.46
271.98
275.14
288.77
270.97
274.88
289.15
271.56
274.77
289.3
272.11
274.77
289.08
271.56
274.52
289.55
272.74
274.27
290.71
273.13
274.77
292.39
273.82
275.03
294.85
273.41
275.47
295.09
272.79
275.71
295.65
273.31
276.14
296.27
273.66
276.69
296.95
274.18
277.36
298.3
274.51
277.36
298.82
275.17
276.91
298.78
276.0
275.92
297.9
275.3
275.16
296.01
274.32
275.28
294.48
272.36
275.45
293.43
271.86
275.14
292.71
272.0
274.79
292.75
271.77
275.16
293.55
271.28
274.77
293.22
271.55
274.27
293.15
271.15
274.28
293.35
270.94
274.28
293.46
271.13
273.9
293.86
271.34
273.91
294.08
271.53
273.3
294.02
271.62
274.45
294.15
271.09
274.58
295.28
272.55
274.64
296.14
273.85
275.87
297.02
275.14
277.04
297.77
275.98
278.41
299.3
277.29
279.71
299.55
277.49
280.86
300.01
277.32
280.77
300.02
276.43
280.91
299.29
276.07
280.3
298.41
275.69
280.03
297.36
276.51
279.63
296.65
276.33
279.27
296.34
277.35
278.76
296.02
277.31
279.27
295.69
275.98
279.28
294.97
276.36
278.87
294.49
276.96
278.65
294.28
277.57
278.52
293.34
277.38
278.52
292.35
277.79
278.64
290.94
277.34
278.64
285.22
277.75
278.64
284.51
278.51
278.64
285.0
277.17
278.76
286.21
277.83
279.14
288.01
278.46
279.52
289.08
279.97
279.88
290.02
280.47
280.86
291.21
280.65
281.13
291.15
280.97
281.41
291.21
280.98
281.52
291.21
280.49
281.71
290.6
279.31
281.6
288.7
278.59
280.94
286.82
279.13
280.38
285.16
278.73
279.92
284.02
277.01
279.27
282.42
276.33
278.89
281.89
275.77
279.13
281.15
275.19
279.02
279.85
275.19
278.68
279.26
275.6
278.68
278.76
275.34
278.47
278.21
275.47
278.35
278.36
275.77
278.36
277.41
275.57
278.25
276.93
278.33
278.24
280.38
277.71
278.46
285.54
278.99
279.24
286.64
279.27
280.26
288.21
279.84
280.71
289.28
280.42
281.28
290.65
280.71
281.27
291.29
280.85
281.52
291.55
280.56
281.4
291.21
280.42
280.7
290.28
279.86
280.26
288.02
279.8
279.92
285.78
279.72
279.26
284.08
279.72
279.26
282.96
279.72
279.26
281.46
279.94
279.59
280.96
277.76
279.48
279.77
278.01
279.93
279.39
277.61
280.15
279.33
277.82
280.71
279.02
277.63
280.71
278.52
277.56
281.04
278.01
277.43
281.27
277.9
277.84
281.27
280.08
280.13
281.27
284.68
279.47
281.39
288.74
280.46
282.15
291.22
280.53
282.49
292.07
279.65
282.71
293.46
280.96
283.41
293.65
280.97
282.72
293.86
280.95
283.04
293.93
280.68
282.93
292.65
280.4
281.9
291.28
279.18
280.93
288.62
278.14
280.37
287.56
277.83
279.37
286.83
276.98
278.38
285.75
276.79
277.14
285.01
276.63
276.82
284.14
276.34
276.59
283.64
275.34
276.25
283.34
275.55
276.15
283.28
272.84
276.03
283.81
272.37
275.7
283.89
272.04
275.27
283.94
271.37
275.02
284.4
271.52
275.02
285.28
273.11
274.48
286.28
273.38
275.03
287.28
273.56
276.25
287.84
273.24
278.03
288.21
274.22
278.93
288.35
274.81
279.77
287.09
275.65
279.93
286.08
278.5
279.59
285.65
281.5
278.92
285.55
280.54
278.7
285.09
279.82
278.14
284.9
279.25
278.15
284.46
278.44
277.58
284.46
277.26
277.59
284.27
276.76
276.77
284.21
275.94
276.77
284.4
275.94
276.64
284.4
276.14
276.48
284.4
275.95
276.64
284.55
275.15
275.92
284.68
274.14
275.37
284.75
273.37
275.14
284.81
273.76
274.91
285.02
274.15
274.68
285.09
274.49
274.36
285.52
273.97
275.25
285.88
275.27
276.37
286.55
275.94
277.59
287.15
277.64
277.93
287.68
278.64
277.82
288.46
279.4
277.83
289.02
279.81
279.03
289.4
279.91
279.16
289.58
279.18
278.26
290.08
279.13
276.7
289.95
278.31
275.92
290.02
278.1
275.81
290.27
277.46
275.92
290.77
276.63
275.59
291.21
276.46
275.93
291.53
277.93
276.03
291.59
277.91
276.15
291.65
277.39
275.7
291.88
276.52
275.48
292.15
277.09
275.03
292.55
277.09
275.03
292.41
277.47
274.58
292.9
277.5
274.58
293.33
276.18
274.59
294.15
275.47
274.7
295.21
275.96
275.14
296.08
276.06
275.7
297.34
277.08
276.15
299.08
277.68
277.59
299.81
277.56
277.92
300.35
278.14
277.92
300.44
277.85
278.65
300.21
277.29
276.14
299.27
276.84
275.69
298.27
276.15
275.37
297.48
275.82
275.04
297.15
275.14
274.65
296.55
274.3
274.52
295.9
274.29
275.02
295.21
274.55
274.7
294.75
273.53
275.02
294.55
273.34
274.92
294.58
273.6
275.03
294.5
274.36
275.15
290.53
274.32
275.48
285.35
274.18
275.37
285.62
273.97
275.64
285.74
274.43
275.64
287.15
275.39
275.64
288.14
276.25
275.29
289.59
276.24
275.44
290.34
277.14
276.61
291.33
277.13
277.16
292.22
277.57
278.15
292.9
277.42
277.9
293.02
277.55
278.4
293.15
277.16
278.16
291.79
276.72
277.9
289.08
276.3
277.9
287.77
276.67
277.4
285.72
275.49
277.77
284.03
275.44
278.27
282.83
274.62
278.26
282.21
275.77
278.15
281.4
275.38
277.59
280.4
276.15
277.15
279.84
275.35
276.7
279.71
274.75
276.9
279.33
273.78
276.65
279.39
273.95
276.59
279.34
273.74
276.49
281.74
274.26
276.15
286.06
274.53
276.88
290.48
274.43
277.37
292.4
276.28
277.69
293.95
276.97
278.14
295.21
278.14
278.8
296.08
278.8
278.76
296.41
279.32
278.03
296.84
278.53
277.15
296.68
278.93
276.78
295.75
277.32
276.38
293.61
276.32
276.38
293.08
275.79
276.27
292.46
275.55
276.26
292.03
275.55
276.26
290.96
275.14
277.03
290.55
275.94
277.03
290.03
274.94
277.03
289.88
275.33
276.9
289.4
274.74
277.03
289.35
274.94
277.03
289.58
275.14
276.93
290.34
274.55
277.03
290.83
274.34
277.28
291.52
274.54
276.82
292.28
274.61
276.93
294.02
274.59
277.27
295.71
274.95
277.71
296.48
275.63
278.04
296.46
275.97
278.6
297.59
276.3
279.04
298.29
276.12
279.38
298.21
275.45
279.37
298.15
275.14
279.71
297.21
275.11
279.7
296.28
274.94
279.15
295.34
275.33
279.02
294.96
276.08
280.04
294.48
276.74
281.05
293.88
275.46
281.82
293.33
275.73
282.6
292.46
275.93
283.37
291.58
276.74
284.03
290.68
276.95
283.26
289.81
276.56
283.04
289.34
276.94
282.37
289.42
277.52
282.38
289.48
277.72
282.26
290.61
277.11
282.15
291.32
276.83
282.37
292.01
277.09
282.72
290.89
277.4
283.26
290.69
278.41
283.82
291.21
280.68
282.89
291.13
280.83
283.04
292.6
281.33
283.05
293.63
280.17
282.93
294.09
280.16
283.16
294.41
279.88
282.39
292.95
279.02
281.9
292.15
280.33
280.7
292.42
277.84
280.27
291.93
277.99
279.72
291.47
277.98
279.38
291.41
278.01
279.6
290.9
277.63
279.91
290.67
277.01
279.05
290.15
276.85
278.82
289.58
276.58
277.92
289.42
276.18
277.03
289.21
276.38
277.69
289.07
276.76
277.36
289.58
277.89
277.75
289.87
276.58
277.58
291.95
277.15
278.47
293.95
277.54
278.9
295.9
278.17
280.03
296.22
278.84
280.83
296.16
279.27
282.27
295.54
279.4
283.61
294.11
280.44
283.94
291.81
280.52
284.03
289.46
279.97
283.36
288.64
279.13
283.53
286.0
279.63
283.02
284.1
279.49
282.48
282.85
280.53
282.03
282.28
281.3
281.89
281.71
280.27
281.77
281.28
282.15
281.15
280.9
280.08
281.26
280.62
279.59
281.26
279.95
279.59
281.15
279.69
279.2
280.8
279.3
279.27
280.58
279.09
278.03
280.36
278.9
278.31
280.46
279.28
278.57
281.27
279.59
279.0
281.7
280.15
280.0
283.02
280.96
281.0
283.04
281.68
283.33
283.9
282.09
282.56
284.38
283.22
282.13
284.66
283.45
282.41
285.29
284.27
282.14
284.84
284.15
281.62
284.82
283.47
281.29
284.62
283.09
281.17
283.29
282.96
281.16
282.62
282.62
281.15
282.4
282.3
280.35
281.9
282.35
279.98
281.9
282.28
279.38
281.36
282.28
279.19
281.64
282.36
278.79
281.36
282.22
278.4
281.39
282.15
278.4
282.03
282.42
273.9
281.7
282.22
278.31
281.452910695
282.323921569
278.31
281.7
283.29
278.36
281.71
285.28
278.7
282.15
286.59
279.3
282.48
287.03
279.84
283.15
288.41
280.42
283.37
289.41
281.56
283.91
290.61
281.57
284.15
290.68
282.14
284.71
290.22
282.0
284.59
289.23
281.75
284.59
287.16
281.29
284.66
285.08
281.69
284.37
283.51
280.66
283.9
282.37
280.85
283.78
280.71
280.18
283.41
279.72
279.58
282.92
279.09
279.19
282.9
278.69
279.26
282.9
277.09
278.91
282.61
276.33
278.6
282.5
275.96
278.78
282.16
275.46
278.74
282.16
275.47
278.62
283.16
278.5
279.14
284.63
279.33
279.99
285.82
281.95
281.12
286.38
283.46
281.97
286.65
285.55
283.11
287.27
286.76
283.83
287.49
288.68
284.7
287.52
289.92
284.98
287.29
290.07
285.44
286.03
290.29
285.3
285.65
290.15
284.89
285.9
289.59
284.33
285.26
287.37
284.43
285.03
286.23
283.56
284.65
285.09
283.05
284.15
284.43
281.6
284.03
284.03
281.4
284.15
283.43
280.82
283.71
282.29
280.01
283.37
281.79
280.21
282.93
281.51
279.78
282.37
281.01
279.6
282.26
280.28
279.57
281.82
280.42
278.58
282.229117485
280.216322299
279.12
282.04
282.95
280.09
282.26
284.03
281.23
282.26
285.22
282.23
282.48
286.84
283.07
282.52
288.75
284.1
282.53
289.84
282.43
283.04
290.72
285.11
283.03
290.78
285.66
282.81
291.22
284.67
283.04
290.94
283.57
282.82
290.49
282.56
283.27
288.5
282.96
283.14
287.49
282.44
282.53
286.49
281.95
281.65
286.38
281.56
281.27
285.82
280.95
280.37
285.22
280.4
279.82
285.02
279.99
279.39
284.88
279.56
278.64
285.15
278.98
277.68
285.75
276.44
277.48
286.59
276.1
276.82
287.08
276.86
277.03
287.71
276.66
276.81
288.4
276.7
278.59
289.15
277.56
279.82
289.96
277.65
281.27
290.75
278.51
282.15
292.44
278.82
282.71
293.22
279.2
283.49
294.22
280.02
283.82
295.28
280.08
283.93
295.46
280.06
284.42
295.48
284.23
282.93
294.62
283.12
282.18
293.82
282.6
281.53
293.47
281.44
280.15
292.85
281.08
278.99
292.53
280.66
277.69
292.47
280.27
277.01
292.01
279.87
276.47
291.9
278.88
275.77
292.55
279.07
275.67
292.87
277.11
275.23
293.08
276.52
275.26
292.96
276.31
275.26
292.71
276.43
275.26
293.21
276.97
275.48
293.75
277.95
277.15
294.34
279.22
278.59
294.9
280.08
279.26
295.82
281.08
279.26
296.77
281.53
279.48
297.15
281.96
279.35
297.47
282.11
279.27
297.97
281.97
279.58
298.22
280.99
279.37
297.96
279.96
279.59
297.53
278.69
279.65
296.29
278.96
279.36
295.35
278.48
279.37
294.72
278.31
279.93
295.15
278.73
280.37
294.47
278.55
280.27
293.82
278.15
282.61
292.75
277.95
285.04
291.22
278.15
285.47
290.71
278.35
286.05
290.55
278.93
285.4
290.82
278.13
285.44
290.96
277.26
282.92
291.21
277.56
281.04
292.77
278.52
280.4
295.28
279.23
279.92
295.83
278.48
280.03
298.82
276.93
280.43
299.09
277.33
281.71
300.22
278.83
281.39
300.51
279.11
281.5
300.88
279.66
282.53
300.79
279.38
282.6
300.1
280.58
280.75
298.7
281.25
280.17
297.02
280.93
278.92
295.43
280.09
277.89
294.69
278.88
277.4
293.89
276.18
276.0
292.65
276.01
275.74
292.01
276.19
274.86
291.35
275.54
274.01
291.15
277.48
273.88
290.75
277.1
273.96
290.77
276.15
273.58
290.75
275.71
273.34
290.68
275.23
272.81
291.68
275.67
272.7
293.27
273.87
273.98
293.68
275.32
277.29
296.78
276.78
279.44
298.4
277.21
280.36
298.91
277.57
281.65
300.22
277.89
282.15
300.9
278.11
282.77
301.35
278.66
283.52
301.56
278.65
283.41
300.83
283.65
283.29
299.35
282.39
281.93
297.83
281.78
280.61
296.69
280.08
280.28
295.6
278.97
279.78
295.59
278.71
279.28
294.65
277.52
278.89
294.41
277.31
278.41
293.72
276.73
277.53
292.15
276.3
277.27
292.48
276.52
277.27
292.35
276.31
275.59
292.29
275.94
276.26
292.28
275.26
276.4
293.82
276.24
276.25
295.35
277.23
277.82
297.35
278.79
280.43
299.08
279.28
282.3
301.15
280.45
284.01
302.65
281.64
284.03
303.9
282.99
284.29
304.46
283.16
283.4
304.28
283.52
283.81
304.03
283.35
283.04
301.78
283.85
282.48
301.63
283.01
281.93
298.66
282.31
281.36
297.91
281.81
281.26
296.48
281.65
281.03
296.37
281.99
280.91
295.21
281.77
281.03
294.78
281.54
280.8
293.84
281.75
280.81
293.02
281.75
280.27
291.28
281.37
280.02
291.09
280.61
280.26
289.68
280.42
280.26
289.88
279.51
279.786607163
291.697412844
279.8
280.48
293.52
278.54
281.15
295.82
279.69
282.14
298.21
280.47
282.82
300.02
281.94
283.37
301.22
282.97
283.36
301.34
282.84
283.37
301.84
283.86
283.92
302.03
283.45
284.04
301.97
283.97
285.53
300.36
284.13
285.94
300.23
283.41
285.65
298.09
283.44
284.4
296.16
281.94
283.52
294.78
281.77
282.65
294.62
281.54
281.77
293.71
280.95
281.81
293.53
280.51
281.71
293.22
280.55
281.14
292.53
280.73
281.04
292.08
280.36
281.39
291.08
280.35
281.78
290.53
280.74
282.05
290.68
280.13
281.94
291.14
280.86
281.95
292.94
281.43
282.58
294.74
281.69
284.76
296.65
282.85
284.7
298.09
283.59
285.15
299.21
284.43
284.93
300.03
284.56
285.4
300.69
284.28
285.52
300.76
284.57
285.15
300.73
284.15
282.89
299.96
283.16
282.93
298.76
282.44
281.78
297.02
281.83
281.15
295.41
280.99
280.37
294.01
280.13
279.7
293.91
280.37
279.7
293.36
279.73
279.51
293.09
279.54
279.39
292.97
279.93
279.02
292.22
279.72
279.26
291.66
279.71
278.93
291.48
279.72
278.58
291.41
279.94
277.91
291.35
278.54
277.25
291.65
278.79
277.46
292.64
279.63
279.38
294.27
280.78
280.78
295.89
282.64
282.47
298.02
283.6
282.82
299.27
284.78
283.8
300.58
285.63
284.93
301.53
286.48
285.83
301.51
286.22
286.53
301.59
286.67
286.16
301.09
285.8
285.71
299.96
284.94
284.6
298.77
284.73
282.7
297.29
281.91
282.05
296.53
281.33
280.91
295.42
282.52
280.65
294.34
282.12
280.65
293.47
280.93
280.26
293.09
280.73
280.52
293.15
280.53
280.37
293.08
280.75
280.26
292.84
280.9
280.37
292.53
280.77
280.27
292.69
279.97
280.27
291.09
279.64
280.7
289.9
279.97
281.03
288.28
279.74
280.93
287.5
280.99
281.69
287.58
281.86
283.36
289.72
282.36
284.41
292.9
283.17
284.65
295.73
283.21
283.37
297.62
283.43
284.37
298.96
283.35
284.03
298.36
282.75
283.15
297.59
282.18
282.15
295.53
281.5
281.77
294.95
280.83
281.26
294.28
280.17
280.93
293.42
279.98
280.6
292.15
279.81
280.14
290.94
279.56
279.8
289.36
279.2
279.88
288.35
279.16
279.93
287.09
278.81
280.15
286.29
278.78
279.9
285.69
278.4
279.37
284.82
277.87
279.52
285.28
278.12
279.25
286.29
279.1
279.8
287.64
279.99
280.81
289.14
280.57
280.89
290.35
281.85
281.47
291.45
282.14
282.48
292.59
282.26
282.27
293.42
282.84
283.02
294.62
283.27
283.58
294.97
283.14
282.58
294.82
282.58
282.93
293.96
281.41
282.67
292.78
