287.241
288.8285
299.3285
287.923
289.685
300.818333333
287.923
290.079
300.395666667
287.923
288.38
300.455
287.866
289.471666667
299.871666667
287.866
288.470333333
299.770333333
287.866
287.9495
299.3995
287.152
286.788
299.388
287.152
286.107
299.107
287.152
285.387
297.012
286.996
284.719
297.335666667
287.018
284.012
295.845333333
287.018
283.9745
295.6995
286.445
283.044333333
293.761
286.459
282.783666667
293.167
286.445
283.636
293.686
286.516
283.004333333
292.721
286.317
283.485666667
292.869
286.317
285.1685
293.0935
286.964
285.249333333
293.216
287.107935927
286.531666667
293.415
286.964
287.3265
294.6015
287.037095349
288.771333333
294.471333333
287.836
289.728666667
295.328666667
287.880577876
289.9395
295.4645
288.415
291.145666667
296.562333333
288.923124174
291.605333333
296.938666667
288.1
290.182
295.807
287.356
291.269333333
296.686
287.356
290.473666667
296.057
287.356
289.483
295.958
286.8
288.752333333
295.152333333
288.124
287.826666667
294.876666667
288.124
287.3995
294.6745
288.124
286.307666667
294.374333333
287.827
285.714333333
294.147666667
287.820154454
284.8895
293.8395
286.31421663
284.373333333
293.64
287.493
283.625666667
293.359
287.128
286.0995
295.3495
287.478
284.278
294.311333333
287.478
285.678
295.544666667
287.478
287.348
296.623
288.568
288.658
297.908
288.568
290.238
299.038
288.725833558
290.874
298.249
289.97
292.768666667
300.018666667
290.578551069
293.719333333
299.869333333
289.97
293.4875
299.9125
290.05435861
294.832333333
299.699
290.707
294.994666667
299.678
290.707
294.0375
298.5625
290.682800691
294.573
298.906333333
290.454
293.989
298.155666667
290.454
292.209
297.159
289.604
292.023666667
296.490333333
289.604
290.642333333
295.575666667
289.604
289.632
295.457
288.737
288.127
294.277
288.737
286.993
293.893
288.737
286.9755
294.3005
288.23
285.469333333
293.652666667
288.23
285.079666667
293.796333333
288.23
286.433
294.658
288.626
285.462333333
294.562333333
288.607
286.234666667
295.184666667
288.626
288.248
296.798
288.776833779
288.606666667
297.09
289.834
290.206333333
298.373
289.834
291.0215
298.2715
289.904950121
292.882666667
300.016
290.636
293.959333333
300.376
290.70433536
293.98
298.455
291.224
295.408666667
299.575333333
291.224
295.781333333
298.414666667
291.454
292.943
298.293
291.55
294.386
296.786
290.64
292.618
296.318
290.64
291.6495
296.8745
290.145
289.615
296.065
289.792
288.38
296.28
290.145
288.671
295.471
289.042
286.927333333
296.027333333
288.949
286.709666667
295.559666667
289.042
286.669
295.769
288.342
286.392333333
295.075666667
288.342
286.292666667
295.059333333
288.138
286.944
296.719
288.596
286.594
296.144
288.711
286.995
297.245
288.762363886
289.269
297.894
289.221
289.045666667
299.145666667
289.878867169
290.695333333
299.945333333
289.221
291.5485
297.5985
289.314609502
293.463666667
299.447
290.291
294.582333333
298.149
290.105
294.346
299.196
291.744
295.916333333
297.116333333
290.69
296.131666667
297.381666667
291.744
295.07
295.745
291.672149429
295.711
296.644333333
291.139
295.075
295.641666667
291.139
293.361
294.786
290.557
293.084333333
293.734333333
290.557
291.729666667
292.829666667
290.557
291.0805
292.0555
290.181013318
289.490666667
291.107333333
288.918
288.606333333
290.289666667
288.918
288.2645
289.9395
289.14
287.199333333
288.966
289.14
286.676666667
288.46
289.14
288.7765
289.476
289.288
287.379666667
288.462666667
288.98
288.605333333
288.971333333
289.537
290.3855
289.5105
290.367
291.426333333
290.009
291.021126679
293.021666667
290.538
290.117
293.5655
290.74
290.241889364
295.511333333
291.378
291.65
296.405666667
291.689
291.65
296.2885
291.7885
292.41
297.52
292.17
293.294097159
297.74
292.34
292.41
296.7195
291.7195
290.508
297.353
292.153
291.739
296.746
291.796
290.508
294.4435
291.8185
290.577
294.401666667
291.335
290.577
292.664333333
291.231
290.07
292.3155
291.2905
289.631
290.115333333
291.132
289.079
289.303666667
291.137
289.079
289.012
290.912
289.222
288.027
290.993666667
288.962
287.562
290.845333333
289.222
288.1145
291.0645
289.127
287.310333333
290.793666667
289.602
287.523666667
290.890333333
289.602
289.1205
291.6705
289.171
288.872666667
291.539333333
289.710447677
290.008333333
292.091666667
289.171
290.7785
292.0285
289.673
292.036
292.786
289.673
292.928
292.928
289.673
292.8055
291.8305
290.177
294.035666667
292.385666667
290.177
294.251333333
291.701333333
290.177
293.1275
291.9275
289.047
293.789666667
290.939666667
289.779
293.112333333
290.862333333
289.779
291.736
290.611
289.316
291.291666667
290.591666667
288.612
290.148333333
290.398333333
288.612
289.4615
290.7615
289.296
288.166
290.382666667
289.296
287.327
290.560333333
289.296
286.891
290.466
288.522
285.917666667
290.734333333
289.049
285.347333333
290.730666667
289.049
286.139
292.364
287.965
285.114666667
291.814666667
287.965
285.452333333
292.902333333
287.254
286.3975
294.3225
288.91
286.532666667
295.299333333
289.145841315
287.275333333
296.608666667
287.585
288.666
296.941
288.633
289.192666667
298.576
289.588
290.367333333
299.234
289.588
290.1895
298.4645
289.60753356
291.815
299.598333333
289.763
292.088
299.304666667
289.2
289.7715
297.7715
289.429
290.907666667
297.891
289.429
289.454333333
296.771
289.429
289.71
296.835
288.673
287.687
295.320333333
288.673
287.373
294.989666667
288.673
287.023
294.873
287.116
286.721
294.471
287.116
286.383
294.283
288.203
286.0635
294.4635
287.563
285.719333333
294.152666667
287.563
285.393666667
294.210333333
287.133
285.5445
293.5195
287.262
285.06
293.826666667
286.794
285.052
293.385333333
286.794
286.029
293.404
287.44
285.692666667
292.809333333
287.44
286.341333333
292.674666667
287.44
287.8495
293.3995
288.605
288.211666667
292.978333333
288.648055875
289.433333333
293.416666667
288.605
289.2815
293.8815
289.094
290.961
294.311
289.094
291.267
294.767
289.094
289.628
294.353
289.094
290.582333333
295.099
289.094
289.591666667
294.975
289.094
289.1375
294.5625
288.1140314
287.968
294.534666667
286.4830157
287.335
294.218333333
286.957454694
286.572
294.297
284.732333333
285.982333333
293.849
284.612666667
285.262666667
293.796
284.937
285.112
293.712
284.669333333
284.202666667
293.669333333
284.845666667
283.862333333
293.595666667
285.162
284.237
294.837
285.291666667
283.658333333
294.325
285.561333333
283.794666667
295.128
285.886
285.336
296.236
286.137333333
285.004
296.937333333
286.443666667
286.077
297.943666667
287.278
287.203
295.253
287.408333333
288.258333333
297.491666667
288.066666667
289.366666667
296.033333333
288.6185
289.2685
295.6435
289.312333333
290.779
293.829
289.899666667
291.083
293.083
289.903303406
289.0635
292.9135
290.487
290.142
291.975333333
289.575577982
288.897
291.613666667
288.423043077
288.26
291.485
286.645666667
286.812333333
291.045666667
285.489333333
285.972666667
290.839333333
285.216
285.316
291.516
283.765333333
284.415333333
291.015333333
283.197666667
283.697666667
291.397666667
282.95
283.625
291.6
282.275666667
282.692333333
292.042333333
281.921333333
282.404666667
292.304666667
284.4415
284.1165
293.2915
283.129
283.162333333
293.312333333
284.691
284.207666667
294.057666667
284.755357588
285.5385
295.6635
286.253
286.488666667
296.122
289.26
287.724333333
297.441
289.26
288.3335
297.7835
289.26
289.778
299.428
291.064
290.596
300.096
291.064
290.689
299.489
291.064
291.748666667
300.582
291.618
292.083333333
300.4
291.618
290.8715
298.6965
291.618
291.721666667
299.021666667
290.469
291.025333333
297.825333333
290.469
289.5475
297.9725
290.469
289.111666667
296.328333333
285.919
287.894333333
296.027666667
285.919
287.4805
296.2555
285.919
285.995333333
295.778666667
284.277
285.313666667
295.830333333
284.277
285.1915
295.9165
284.277
284.323333333
295.956666667
283.766
284.014666667
296.031333333
283.766
286.019
297.094
283.766
284.939333333
296.839333333
288.577
286.172666667
297.572666667
288.577
287.496
297.446
288.577
288.699333333
298.466
291.796
289.992666667
298.626
291.796
290.513
299.213
291.796
292.064
299.230666667
293.094
292.842
299.675333333
293.094
292.899
299.649
293.11809931
293.917333333
300.250666667
293.458
294.214666667
300.381333333
293.458
293.2455
299.0455
293.458
293.965
299.665
292.035
293.418
298.818
292.035
291.4065
298.5065
292.035
291.347666667
297.481
287.342
289.824333333
296.991
287.342
289.4315
296.9315
287.342
287.531333333
296.298
285.868
286.761666667
296.095
285.868
286.5555
295.7805
285.868
285.598
295.614666667
284.955
285.204
295.337333333
284.955
287.43
297.43
284.955
286.162666667
296.362666667
289.889
287.515333333
297.665333333
289.889
288.7145
298.2395
289.889
290.118333333
299.785
292.569
291.368666667
300.602
292.569
291.963
300.788
292.569
293.432
301.815333333
294.158
294.245
302.211666667
294.158
294.287
301.337
294.505
295.357
302.157
294.505
295.656
301.706
294.505
295.0085
300.9085
294.505
295.623
300.573
292.486
295.291
299.891
292.486
293.1855
299.8355
292.486
293.444666667
298.944666667
287.449
291.930333333
298.680333333
287.449
291.347
297.847
287.449
289.522333333
297.772333333
286.01
288.628666667
297.128666667
286.01
288.741
295.716
286.01
287.512
295.328666667
285.44
287.289
294.172333333
285.44
288.72
295.32
289.888
287.945666667
293.395666667
289.888
288.825333333
293.775333333
289.888
290.2
295.225
293.734
290.914666667
295.248
293.734
292.124333333
296.341
293.734
292.9335
295.3835
293.734
294.276666667
297.16
295.212
295.219333333
296.886
295.212
295.127
298.652
295.212
296.414666667
297.698
295.52
296.667333333
298.784
295.52
294.8265
296.2515
295.52
295.777
298.543666667
293.854
294.634
297.217333333
293.854
292.9665
297.0165
293.854
291.998333333
295.315
288.84
290.505666667
294.739
288.84
289.832
294.382
286.007
288.066333333
293.733
286.007
287.119666667
293.303
286.007
286.5845
293.3095
284.128
285.500666667
292.734
284.128
284.828333333
292.595
284.128
285.9785
293.6285
284.128
284.698666667
293.098666667
288.225
285.241333333
293.741333333
288.225
286.777
295.077
290.598
286.988666667
295.488666667
290.598
288.193333333
296.593333333
290.598
289.084
297.034
291.784
290.393333333
298.36
291.784
291.388666667
299.022
291.784
291.5175
298.3925
291.784
292.801666667
299.485
291.837
293.219333333
299.286
291.837
291.9535
296.7285
291.837
292.932333333
297.315666667
290.09
292.227666667
295.544333333
290.09
290.3635
295.5135
290.09
290.045333333
293.162
285.483
288.567666667
292.551
285.483
288.583
292.033
285.483
286.607666667
291.391
283.834
286.125333333
290.842
283.834
285.86
290.385
283.834
285.305333333
289.805333333
283.048
284.967666667
289.317666667
283.048
286.4705
291.4455
283.048
285.519333333
290.086
287.746
286.408666667
291.342
287.746
287.3335
292.0085
287.548
288.211
293.461
288.953428444
289.124
294.324
292.46
289.5025
294.8525
293.9
290.593666667
295.827
294.12
291.150333333
296.467
295.31
291.184
295.984
295.38
291.915
296.998333333
295.65
292.123
296.889666667
294.82
291.969
295.119
294.69
292.297666667
295.564333333
294.5
292.264333333
294.347666667
293.88
290.44
293.765
292.62
291.003666667
292.337
292.86
289.776333333
291.543
291.75
288.9915
291.1415
291.04
287.616666667
290.216666667
290.56
286.684333333
289.684333333
290.32
287.0375
289.6875
290.07
285.676666667
288.976666667
289.2
285.601333333
288.801333333
288.97
286.388
292.238
286.47
286.025333333
290.858666667
287.62
286.524666667
293.091333333
289.68
287.4885
293.3885
291.35
287.833
296.266333333
291.56
288.642
297.208666667
292.38
289.1825
297.6575
292.23
290.081
298.764333333
291.56
290.711
299.377666667
290.67
290.5365
298.9615
290.27
291.434666667
299.918
289.87
291.528333333
299.845
289.05
289.208
297.558
289.75
290.106333333
298.223
288.58
288.590666667
296.674
288.14
288.977
296.127
287.76
286.827333333
294.244
287.54
286.579666667
293.363
287.11
286.2415
293.0165
286.95
286.024
291.957333333
286.81
285.716
291.432666667
286.38
285.6535
291.9285
286.19
285.263666667
291.063666667
286.09
285.119333333
291.219333333
285.89
285.198
294.798
285.63
284.979333333
293.812666667
285.82
284.983666667
296.250333333
286.02
285.2995
296.5245
286.75
285.2
299.683333333
286.95
285.412
300.678666667
287.41
286.1345
300.8345
288.26
286.176333333
302.109666667
289.31
286.728666667
302.545333333
289.74
286.9635
301.9385
290.04
287.621666667
302.721666667
289.86
287.962333333
302.462333333
289.6
287.1995
300.4995
289.45
287.908
300.808
289.18
287.513
299.413
287.92
287.1035
299.0035
287.48
286.713333333
297.28
287.18
286.308666667
296.542
286.71
286.0185
296.2435
286.51
285.575666667
295.359
286.45
285.247333333
294.914
286.09
285.17
294.995
285.82
284.758
294.374666667
285.82
284.597
294.280333333
285.72
284.926
297.376
285.6
284.601666667
296.218333333
285.7
284.767333333
298.250666667
285.87
285.6055
298.5555
284.283
285.547
301.163666667
285.325
286.161
302.044333333
285.325
287.135
302.2105
285.325
287.629
303.329333333
286.438
288.483
303.733666667
286.438
288.218
303.0935
286.438
289.445
303.846
287.911
289.553
303.554
287.911
289.1965
301.872
287.911
289.459333333
302.043333333
287.871
289.257666667
300.824666667
287.871
288.58
300.3805
287.871
288.537
298.903666667
284.707
288.018
298.201333333
284.707
287.8615
297.6615
284.707
287.221666667
296.905
283.788
286.944333333
296.311
283.788
286.3535
296.1035
283.788
286.180666667
295.380666667
284.228
285.694333333
295.044333333
284.228
286.5855
298.3605
284.228
285.64
296.806666667
284.724
286.072
298.905333333
284.724
287.4305
299.2555
285.754
287.553666667
301.937
289.103
288.603333333
302.87
289.103
289.0725
302.9475
289.103
290.315666667
304.165666667
290.691
290.978333333
304.528333333
290.691
290.9545
303.9295
290.691
291.846
304.612666667
291.606
292.051
304.334333333
291.606
291.61
302.485
291.606
292.030333333
302.730333333
290.519
291.804666667
301.404666667
290.519
290.0395
300.7145
290.519
290.327
299.177
286.009
289.075
298.275
286.009
288.644
297.894
286.009
287.118333333
296.818333333
284.044
286.413666667
296.263666667
284.044
285.968
296.393
284.044
285.177
295.610333333
282.948
284.645
295.511666667
282.948
287.09
298.965
282.948
285.565666667
297.682333333
288.018
287.018333333
299.951666667
288.018
288.275
299.925
288.121
289.793
302.959666667
292.087
291.115
303.698333333
292.087
291.6215
304.0215
292.087
293.215333333
304.898666667
293.422
293.993666667
305.360333333
293.422
293.839
304.839
293.422
294.928333333
305.628333333
293.641
295.084666667
305.434666667
293.641
294.676
303.226
293.641
295.020666667
303.704
292.285
294.800333333
302.167
292.285
292.154
301.379
292.285
292.742333333
299.592333333
287.691
290.904666667
298.554666667
287.691
290.197
298.297
287.691
287.982666667
296.999333333
285.776
286.898333333
296.481666667
285.776
286.6825
296.6825
285.776
285.308666667
295.925333333
285.046
284.803333333
295.886666667
285.046
287.85
299.45
285.046
286.160666667
298.210666667
289.215
288.023333333
300.573333333
289.215
289.6345
300.5345
289.786
291.581
303.697666667
293.221
293.276
304.459333333
293.221
293.7945
304.795
293.221
295.881666667
305.698666667
294.703
296.792333333
306.176333333
294.703
296.882
305.707
294.703
298.066333333
306.500333333
294.993
298.429666667
306.346666667
294.993
297.359
303.9595
294.993
298.200333333
304.550333333
293.003
297.607666667
302.907666667
293.003
294.879
302.354
293.003
294.998333333
300.348333333
288.103
292.981666667
299.431666667
288.103
292.214
299.164
288.103
289.781
298.031
286.612
288.597
297.547
286.612
288.5575
297.2575
286.612
286.992
296.708666667
285.884
286.571
296.354333333
285.884
289.4405
299.9155
285.884
287.922666667
298.256
290.813
289.695333333
300.512
290.813
291.512
300.837
291.068
293.27
303.736666667
294.374
295.072
304.705333333
294.374
295.7
304.8875
294.374
297.893333333
306.118333333
295.857
298.912666667
306.562666667
295.857
298.8485
305.886
295.857
300.229
306.704
296.073
300.526
306.401
296.073
299.516
304.5785
296.073
300.248666667
304.782
294.203
299.674333333
303.466
294.203
297.1875
303.025
294.203
297.250666667
301.417333333
288.97
295.401333333
300.684666667
288.97
294.5355
300.0855
288.97
292.358333333
299.308333333
286.977
291.164666667
298.664666667
297.04
290.5975
298.1725
289.45
289.195
297.478333333
288.4
288.419
296.935666667
288.07
290.8775
300.6025
289.65
289.023333333
298.656666667
290.76
290.403666667
300.920333333
292.57
292.82
301.245
293.66
293.855
304.155
296.17
295.926
305.126
297.01
296.4855
305.248
297.54
299.060333333
306.502
297.52
300.123666667
306.907
299.02
299.965
306.49
299.17
301.435666667
307.169
299.55
301.684333333
307.026
299.58
299.96
305.2225
299.42
300.866333333
305.633
299.06
299.799666667
304.383
298.03
297.4665
303.5415
294.56
296.822
302.155333333
293.02
294.911
301.177666667
291.7
293.998
300.573
291.16
291.754333333
299.471
290.74
290.508666667
298.742
289.86
290.2475
298.7725
289.7
288.673666667
297.790333333
288.97
288.084333333
297.567666667
287.05
290.799
301.124
286.41
289.108333333
299.641666667
287.24
290.721666667
301.938333333
289.56
292.1875
302.4375
291.05
293.85
305.333333333
292.6
295.365
306.431666667
293.66
295.915
306.49
294.47
297.751666667
307.935
295.67
298.623333333
308.34
295.93
298.3285
307.5035
296.6
299.589
308.322333333
296.52
299.683
307.899666667
296.44
298.496
305.746
296.21
299.017
305.900333333
296.11
298.257
304.323666667
294.92
295.721
303.796
293.04
295.553
301.869666667
290.86
293.609
300.992333333
288.9
292.789
300.039
289.44
290.470333333
299.187
289.24
289.275666667
298.259
287.96
288.7115
298.4365
288.16
287.306666667
297.14
287.82
286.532333333
296.949
287.39
288.1315
300.8565
284.92
286.566
299.299333333
285.88
287.374
301.840666667
288.54
289.5145
302.1895
291.26
289.878333333
305.461666667
291.9
291.574666667
306.541333333
293.1
292.507
306.432
293.83
294.458
307.908
294.0
295.645
308.195
295.41
295.687
307.737
295.61
297.255666667
308.272333333
295.82
297.679333333
308.062666667
296.27
295.9605
305.8855
296.07
297.098333333
306.331666667
295.53
296.093666667
304.810333333
294.46
294.386
304.511
293.09
293.615666667
302.582333333
291.49
292.142333333
301.875666667
290.25
291.47
301.37
289.4
289.729666667
300.596333333
289.0
288.790333333
300.023666667
288.59
288.252
299.652
288.3
287.179
299.012333333
288.58
286.507
298.573666667
284.494
288.007
301.407
284.494
286.611
299.877666667
287.941
287.387
301.620333333
287.941
289.071
302.121
287.313
289.544333333
304.277666667
290.257
290.925666667
305.192333333
290.257
292.0015
305.3765
290.257
293.484666667
306.534666667
291.49
294.662333333
306.962333333
291.49
294.7305
306.2805
291.49
296.278
307.078
292.404
296.716
306.766
292.404
295.377715085
304.844705559
292.404
295.136
303.536
290.836
294.829498739
303.373716981
290.836
293.902096659
303.088041503
290.836
293.184666667
302.734666667
288.543
292.250333333
302.450333333
288.543
290.9585
302.0585
288.543
290.143333333
301.81
287.892
288.970666667
301.454
287.892
288.55
301.075
287.892
287.126666667
300.726666667
286.971
286.455333333
300.355333333
286.971
287.3845
302.0595
286.971
286.179666667
300.996333333
287.524
286.575333333
302.008666667
287.524
288.0245
302.7245
287.321
288.069
303.835666667
288.415
289.167
304.650333333
288.415
289.9635
304.8135
288.415
291.162
305.845333333
289.856
292.059
306.225666667
289.856
291.536594791
305.399503157
289.856
292.83608939
306.117988838
290.943
292.643
305.343
290.943
292.41448259
304.855362248
290.943
291.511
303.061
289.861
291.511
303.061
289.861
290.796175231
302.687885926
289.861
289.440666667
301.990666667
285.162
288.247333333
301.397333333
285.162
287.361
301.261
285.162
286.065333333
300.515333333
282.743
285.076666667
300.226666667
282.743
284.441
300.166
282.743
283.334666667
299.801333333
281.631
282.581333333
299.664666667
281.631
285.192
300.617
281.631
283.317333333
300.117333333
285.839
284.806666667
300.706666667
285.839
286.3085
301.5085
285.946
287.793666667
302.027
289.839
289.291333333
302.758
289.839
289.7825
303.2575
289.839
291.615666667
304.065666667
291.719
292.442333333
304.642333333
291.719
292.4745
303.8995
291.719
293.566
304.916
292.36
293.863
304.613
292.36
292.950154395
303.405170867
292.36
293.559455288
303.332008253
290.94
292.69
301.94
290.94
291.506973173
301.568805603
290.94
288.187
300.587
285.287
288.39470906
300.31949595
285.287
287.061719868
299.992790117
285.287
287.482
299.432
283.1
286.108
299.108
283.1
285.4935
299.2685
283.1
283.866333333
298.783
282.104
282.998666667
298.782
282.104
286.556
299.581
282.104
284.213333333
299.313333333
287.724
286.295666667
299.845666667
287.724
287.83
300.68
288.378
290.095
301.111666667
292.379
291.812
301.845333333
292.379
292.4645
301.8645
292.379
294.536333333
302.836333333
294.751
295.543666667
303.093666667
294.751
295.556
302.931
294.751
296.895
303.328333333
295.583
297.239
303.305666667
295.583
295.997747047
302.395536108
295.583
295.714
301.914
293.964
295.933425014
301.649974426
293.964
293.96775811
301.290337377
293.964
294.400333333
300.750333333
288.106
292.391666667
300.391666667
288.106
291.738
300.188
288.106
289.277666667
299.777666667
285.39
288.172333333
299.522333333
285.39
287.6015
299.4015
285.39
286.318
299.101333333
288.69
285.569
298.935666667
286.61
288.8955
300.6705
285.78
286.788
299.871333333
289.28
288.756
300.972666667
290.12
290.6755
301.5255
293.11
292.659666667
302.809666667
294.98
294.595333333
303.545333333
295.56
295.2325
303.5575
297.35
297.601
304.534333333
297.68
298.671
304.787666667
298.76
298.268
302.443
298.96
299.829
303.562333333
299.41
299.917
302.083666667
299.51
298.851
303.226
298.93
299.323666667
300.873666667
298.79
298.642333333
301.142333333
297.22
295.68
300.08
294.34
295.759
300.792333333
293.82
293.557
300.173666667
292.67
293.177
299.602
291.3
290.367666667
298.967666667
290.28
289.380333333
298.380333333
289.58
288.7295
298.3795
288.6
287.63
297.596666667
288.3
286.867
297.400333333
286.8
287.7745
296.6245
285.94
286.454666667
296.621333333
286.48
286.805333333
296.038666667
288.82
288.9175
297.7425
290.55
288.681
296.397666667
291.82
290.206
297.339333333
