290.41
289.28
302.66
290.99
291.0
304.25
292.77
292.69
305.63
294.43
294.25
306.97
295.42
295.51
307.7
296.18
296.53
308.4
297.22
297.46
308.89
297.79
298.2
309.14
298.6
298.62
308.66
298.87
298.61
307.52
298.73
298.5
306.21
298.56
298.29
305.34
297.7
296.81
303.74
295.77
294.84
303.0
295.53
294.45
302.57
293.63
292.34
301.84
293.33
291.61
301.51
292.8
289.85
301.06
292.27
289.13
300.35
291.46
288.75
299.62
290.89
288.53
299.21
289.72
287.96
299.19
289.83
287.74
300.07
289.64
289.18
300.94
292.21
292.79
303.32
293.66
293.38
304.13
295.72
296.74
306.21
296.98
298.34
307.51
298.03
299.76
308.73
298.48
301.5
309.48
300.43
302.57
309.82
301.19
303.0
309.8
302.07
304.31
309.28
302.45
304.97
308.34
302.44
304.47
306.88
302.17
303.53
305.41
300.81
301.93
304.37
299.69
300.7
303.97
297.12
298.52
303.21
295.69
296.06
302.15
295.09
294.81
301.46
294.11
294.03
301.0
293.58
292.59
300.07
293.22
292.32
299.61
292.4
290.76
298.4
291.39
290.64
298.53
290.69
290.32
299.84
291.77
291.82
300.54
294.17
296.44
303.32
295.24
297.61
304.11
297.12
300.39
306.51
298.21
302.06
307.81
298.89
303.74
308.45
300.31
304.75
309.21
301.09
306.27
309.78
301.59
306.88
310.08
301.95
306.95
309.48
302.44
305.83
308.32
302.76
304.03
306.62
302.64
302.49
305.67
301.47
299.12
303.89
299.21
296.52
303.06
297.09
295.09
302.91
296.04
292.03
302.07
295.13
291.34
301.28
294.64
291.18
300.92
293.94
290.2
299.91
293.36
289.79
299.92
292.28
289.61
299.1
291.76
290.01
299.29
291.58
290.01
300.16
290.65
290.18
302.73
291.48
290.8
304.65
292.16
291.01
306.41
292.99
291.87
307.59
293.72
292.87
308.71
294.62
294.28
309.6
295.39
295.86
310.04
295.55
296.8
310.41
296.09
297.2
310.33
296.65
298.49
310.04
296.63
298.11
308.87
296.94
297.3
307.29
296.64
295.88
305.27
295.79
294.26
304.07
294.21
292.24
303.44
292.81
291.08
303.0
291.8
289.66
301.8
291.22
289.3
301.16
290.59
289.15
300.88
289.68
289.16
300.29
290.07
289.08
299.74
289.81
289.03
299.33
289.75
288.98
299.22
288.96
288.64
300.07
288.35
288.58
300.64
289.86
288.97
302.21
290.72
289.34
303.1
291.34
290.53
305.62
292.15
291.4
306.99
293.19
291.92
308.07
293.93
293.25
308.61
294.53
293.67
309.03
295.14
294.08
308.99
294.69
294.62
308.9
294.95
294.41
307.69
295.38
293.95
306.24
294.83
293.25
304.65
293.72
291.96
303.38
292.63
290.17
303.01
291.18
289.0
302.1
290.26
288.78
301.71
289.16
287.67
301.04
288.8
287.41
300.95
288.0
286.74
300.7
288.08
286.45
300.48
287.25
286.64
299.98
286.94
286.35
299.39
286.24
286.19
300.05
287.17
286.49
300.23
288.6
288.23
302.41
289.11
288.89
302.97
290.69
290.18
305.32
291.22
291.19
306.79
291.99
292.27
307.97
292.78
293.26
308.88
293.32
294.84
309.39
294.09
294.88
309.37
294.61
295.01
309.03
294.9
294.84
307.9
294.67
294.5
306.62
293.89
293.81
305.21
293.12
292.27
304.07
292.22
290.45
303.45
291.11
289.18
302.88
290.69
289.07
302.6
289.62
287.92
302.11
289.09
287.73
301.6
288.77
287.66
301.23
288.5
286.98
300.51
288.24
286.95
300.12
287.93
286.84
299.53
287.67
287.15
300.0
287.96
287.64
301.87
288.94
288.64
303.71
290.6
289.7
305.62
292.08
291.0
306.78
293.17
292.27
308.15
294.17
293.87
309.15
294.7
295.05
309.82
295.32
296.59
310.26
295.07
297.14
310.14
295.56
297.36
309.91
295.94
296.69
309.07
296.15
296.66
307.48
295.73
295.42
305.64
294.86
293.7
304.52
293.47
292.51
304.13
292.49
291.27
303.6
290.72
289.44
302.67
290.2
288.4
302.34
290.06
288.31
302.02
289.67
286.8
301.02
289.45
286.42
300.56
289.07
285.99
299.29
288.76
285.63
299.23
287.98
285.55
299.55
288.02
286.97
301.63
288.06
288.45
303.8
288.06
289.38
305.25
288.39
290.02
306.53
288.16
290.8
307.7
288.56
291.64
309.02
288.78
292.35
309.8
288.87
293.93
310.23
289.39
294.85
310.14
289.35
295.41
309.83
290.55
295.19
308.7
290.65
294.93
308.03
290.35
293.8
305.02
290.25
292.64
304.01
289.57
291.73
303.09
289.17
290.54
302.12
288.87
289.88
301.67
288.61
289.42
300.71
288.3
289.11
300.14
287.99
289.05
300.07
287.81
288.52
299.83
287.63
288.36
299.47
287.45
288.03
299.17
287.08
287.72
300.7
287.1
287.75
301.74
288.2
288.32
305.07
289.18
288.51
305.82
290.87
289.39
307.76
291.63
290.05
308.71
292.59
290.88
309.59
292.79
291.16
309.75
293.22
291.76
309.87
293.05
291.92
309.9
293.68
292.36
309.24
292.51
292.36
308.35
292.2
291.95
306.2
292.46
291.17
304.22
291.49
290.18
303.48
290.86
289.1
302.3
289.9
288.61
301.59
289.59
288.48
301.34
289.06
287.87
300.53
288.78
287.8
300.05
288.58
287.07
298.98
288.3
286.96
298.36
288.15
287.06
297.73
287.78
287.18
297.45
287.52
286.98
300.36
287.42
287.16
301.62
287.74
287.97
305.2
288.08
288.48
306.04
288.25
289.82
307.95
288.53
290.74
308.89
288.81
291.63
309.7
289.42
292.66
310.21
290.39
292.3
310.52
290.05
292.12
310.37
290.69
291.58
310.09
290.95
290.2
309.12
291.18
289.72
308.34
291.64
289.49
305.55
291.42
288.77
304.1
289.84
287.73
302.64
288.84
287.16
301.63
288.38
286.66
301.28
287.73
286.05
300.89
287.57
286.05
300.19
287.04
285.46
299.24
286.79
285.51
299.1
286.79
285.26
298.44
286.59
285.51
298.38
286.43
285.5
300.72
286.74
286.05
302.89
287.41
286.7
304.02
288.97
287.9
306.81
290.4
289.13
307.99
291.32
290.22
308.93
292.22
291.41
309.54
293.35
292.55
309.76
294.14
294.14
310.12
294.6
294.4
309.91
294.87
295.09
309.54
295.06
294.77
308.73
295.07
294.7
307.14
294.88
294.58
306.13
293.77
293.25
304.22
292.64
292.57
303.76
291.03
290.41
302.82
289.96
289.27
302.08
289.56
288.96
301.87
289.22
288.27
300.97
288.9
287.71
300.62
288.38
286.6
300.09
287.99
286.34
299.99
287.54
285.88
299.47
287.22
285.46
300.22
287.53
287.18
302.16
288.56
289.41
303.93
290.39
290.53
305.31
291.7
291.3
305.97
294.12
293.6
307.76
295.0
294.7
308.69
295.45
296.25
309.6
296.17
296.95
309.97
296.75
298.1
310.08
296.57
298.54
309.58
297.23
298.71
308.59
297.2
298.71
307.19
297.03
298.34
306.42
296.0
296.19
304.32
293.9
293.67
303.33
293.17
292.72
303.05
291.59
290.92
302.13
290.98
289.62
301.72
290.31
289.19
301.44
289.69
288.18
300.55
289.13
287.86
300.05
288.63
287.05
299.16
288.35
286.15
298.69
287.2
285.85
300.36
287.21
286.72
301.24
289.08
290.41
304.12
290.7
291.33
304.9
292.87
294.93
307.43
294.56
296.56
308.48
296.33
298.52
309.58
297.14
299.9
310.35
297.84
301.43
310.77
298.64
301.737221429
310.646222317
299.36
302.78
310.25
299.75
303.23
309.53
299.02
303.0
307.87
299.2
301.7
305.73
298.84
300.51
305.0
296.82
296.21
302.95
295.0
294.81
302.03
293.54
294.42
301.6
292.26
292.56
300.74
291.86
292.22
300.38
291.19
290.34
299.21
290.72
290.0
298.85
289.87
288.75
298.2
289.57
287.81
298.32
289.65
287.46
299.67
288.5
289.48
304.29
290.69
292.55
306.58
293.94
294.76
308.37
295.26
295.96
308.75
297.0
298.98
310.39
298.62
300.65
310.96
299.63
302.4
311.28
300.84
303.86
311.74
301.51
304.17
311.56
301.28
305.13
311.31
302.11
304.97
310.21
302.36
304.584039046
309.254976859
301.86
303.59
306.92
300.35
301.03
305.3
298.77
299.43
304.78
296.2
297.49
304.05
294.35
294.55
302.54
293.48
293.67
302.15
293.02
291.84
301.04
292.4
290.39
300.34
291.06
289.38
299.82
290.56
289.03
299.61
289.93
287.62
299.25
288.29
287.58
300.8
288.23
288.69
301.39
290.69
293.39
303.97
292.75
294.58
304.24
295.89
297.95
306.29
296.91
299.81
307.54
297.91
301.13
308.37
299.07
302.72
308.64
300.2
304.29
308.95
301.1
304.97
308.92
301.17
305.73
307.81
301.5
305.61
307.31
301.04
303.9
305.19
300.91
303.23
304.34
299.41
299.93
302.23
297.43
298.61
301.95
294.78
296.26
301.46
293.54
293.84
300.17
293.05
293.34
299.4
291.16
290.91
298.7
291.24
289.81
298.34
289.94
288.39
297.69
289.6
287.97
297.37
289.39
286.4
297.14
288.28
286.32
299.54
289.11
287.62
300.56
290.94
291.74
303.49
292.98
293.12
303.97
295.24
296.26
305.74
296.63
298.27
306.68
297.71
299.83
307.83
298.17
301.52
308.31
299.67
302.72
308.47
300.56
303.43
308.25
300.9
304.32
308.31
301.12
304.19
307.5
300.99
303.94
305.52
300.56
303.26
304.51
298.72
299.87
302.51
297.12
298.01
302.17
295.33
295.48
301.86
294.11
294.61
301.36
293.72
292.9
301.03
293.45
292.07
301.14
292.64
290.91
300.16
292.19
289.95
299.22
291.84
288.86
298.74
291.29
287.63
298.01
291.07
287.27
298.81
289.6
289.14
302.16
290.53
291.44
304.09
293.02
293.09
305.95
294.64
294.68
307.16
295.89
296.6
307.96
297.17
298.09
308.85
297.81
299.18
309.07
298.82
300.34
309.26
299.74
301.71
309.6
299.96
302.21
308.98
300.22
303.05
308.34
300.02
302.19
306.35
299.27
301.12
304.25
297.98
298.75
303.07
296.16
296.8
301.98
294.54
295.64
300.99
293.63
294.9
300.0
293.15
294.21
299.61
292.15
292.45
298.8
291.33
291.52
298.38
290.84
290.81
297.79
288.99
290.55
297.69
289.14
289.86
297.4
288.69
289.75
298.44
287.39
290.08
301.9
288.1
290.49
304.2
291.18
291.47
306.5
292.94
292.5
307.99
294.16
293.68
308.72
295.3
295.75
309.7
296.06
296.24
309.73
297.13
298.33
309.98
297.19
299.0
309.88
297.7
299.48
309.38
297.08
299.62
308.58
296.84
299.35
307.98
296.19
297.29
305.56
295.89
295.19
304.26
294.62
293.06
303.38
293.48
292.63
302.91
292.57
290.34
301.39
291.86
289.27
300.88
291.44
288.87
300.63
290.77
288.07
299.66
290.93
287.33
299.78
289.6
287.36
299.07
289.25
287.19
299.21
288.28
287.29
299.45
287.81
287.59
302.0
288.75
288.13
304.53
290.8
289.07
306.46
292.11
289.81
306.81
292.99
292.25
308.17
293.46
294.07
308.99
294.46
295.54
309.42
294.62
296.85
309.54
295.25
297.67
309.68
295.57
298.23
309.54
296.03
298.1
308.31
295.48
297.35
307.27
295.87
295.16
305.86
294.21
293.06
304.66
292.55
291.22
304.21
291.21
290.24
304.05
290.54
288.6
303.1
289.08
287.58
302.7
289.28
287.37
302.58
288.2
286.63
301.84
287.37
286.43
301.55
287.97
285.63
300.8
287.89
285.63
300.42
287.57
285.85
301.16
287.54
286.37
301.66
288.13
287.31
303.56
288.31
288.5
305.68
288.87
289.0
306.02
289.16
290.71
308.86
289.14
291.94
309.93
289.33
293.34
310.58
290.29
293.91
311.28
290.55
294.61
311.3
289.97
295.337923918
311.10104194
290.95
294.71
310.1
290.76
293.26
308.69
290.8
292.81
308.24
290.32
290.45
305.66
289.66
289.59
304.97
288.81
289.53
304.79
287.94
289.03
303.87
287.37
288.42
303.53
287.21
288.33
303.26
287.43
287.32
301.99
287.76
287.54
301.5
287.66
287.42
301.06
287.51
287.14
300.96
287.74
287.01
301.61
287.81
287.29
302.16
287.73
288.59
304.86
288.26
289.84
306.59
289.22
290.99
307.39
290.24
292.59
309.84
291.21
294.06
310.81
291.8
294.55
311.53
293.75
295.8
311.99
294.63
296.26
311.96
294.46
296.72
311.61
295.19
296.52
310.43
295.08
296.33
308.77
294.94
296.16
307.89
293.45
294.02
305.9
292.07
292.12
304.95
290.36
291.28
304.62
289.04
289.71
303.73
288.65
288.64
303.43
288.07
288.33
302.85
287.38
287.39
301.95
286.94
287.21
301.64
286.75
286.17
300.71
286.45
285.64
300.33
285.36
285.24
301.16
285.81
285.92
301.89
287.95
289.33
305.22
289.72
291.09
305.97
292.57
292.87
308.47
293.84
294.58
309.88
294.53
295.95
311.01
294.71
297.07
311.67
295.94
298.06
311.99
296.58
298.84
311.85
297.18
299.67
311.49
297.56
299.3
310.49
296.99
298.9
308.72
296.76
298.14
306.33
295.86
295.85
305.21
294.81
294.4
304.85
292.56
293.11
303.99
290.8
291.6
303.27
290.28
290.91
302.96
289.74
289.85
302.25
289.3
289.05
301.54
289.0
288.8
300.81
288.44
288.52
300.55
288.28
288.6
299.89
287.48
288.58
300.83
287.69
288.83
301.6
288.92
289.54
304.32
289.98
290.08
305.27
292.03
291.23
307.97
292.43
293.0
309.33
293.22
295.08
310.34
293.66
296.39
311.2
293.73
297.05
311.94
293.39
297.35
311.85
293.74
296.51
311.46
293.23
295.34
310.4
292.59
294.38
308.53
292.38
293.65
307.84
292.26
292.04
305.92
292.59
291.41
305.28
291.95
291.13
304.9
291.73
290.59
303.74
291.21
289.91
302.95
290.73
289.48
302.65
290.49
288.94
301.75
289.84
288.13
300.98
289.7
287.95
300.63
289.17
287.56
299.46
289.38
287.5
299.68
288.92
288.22
301.75
289.37
290.47
303.76
291.3
291.94
305.87
292.3
293.3
307.81
293.04
294.55
310.08
294.43
295.94
311.46
295.12
297.03
312.53
295.63
298.11
313.11
296.49
299.26
313.3
297.09
300.1
312.72
297.0
300.13
311.33
296.06
299.62
309.24
295.84
297.99
306.74
295.14
295.93
305.41
293.98
294.7
305.23
291.4
293.43
303.87
290.48
292.33
302.9
289.88
292.047912854
302.573829169
289.35
291.1
301.54
289.19
290.68
300.9
288.4
290.45
300.61
288.06
290.38
300.37
287.44
289.73
298.87
287.3
289.45
301.03
287.18
289.44
302.14
288.92
289.44
306.42
290.09
291.26
308.51
290.51
292.16
309.3
292.37
294.96
311.31
293.44
296.74
312.46
294.8
298.13
313.0
296.58
299.26
313.65
297.19
300.6
313.45
297.52
300.3
313.07
297.85
299.97
311.6
297.74
300.09
310.61
297.19
298.49
306.84
295.26
296.46
304.94
294.48
294.71
304.25
293.0
294.1
303.76
291.59
292.37
302.78
290.98
292.11
302.86
289.75
290.72
302.84
289.12
290.08
302.35
288.75
288.98
301.74
288.18
289.02
301.25
287.79
287.77
301.26
287.44
288.03
301.46
287.26
288.89
303.35
288.22
290.19
304.53
292.09
292.67
305.91
293.94
293.52
306.57
296.83
296.01
309.2
297.05
297.09
310.33
298.26
298.43
311.08
299.46
299.71
311.49
300.13
300.37
310.58
300.91
300.98
309.65
301.27
301.25
308.81
301.41
301.09
307.71
300.93
300.54
306.08
299.84
298.27
305.33
297.08
296.16
304.54
295.36
294.83
303.77
294.78
293.68
302.83
294.28
292.6
301.93
293.03
291.98
301.12
292.49
291.22
300.42
292.06
289.85
299.74
291.55
290.02
299.31
291.36
289.2
298.91
289.87
289.04
299.78
289.84
289.27
300.47
291.72
292.46
302.82
293.8
294.51
304.54
295.65
294.96
305.15
297.83
295.5
307.31
298.8
296.16
308.46
299.7
297.82
309.21
299.37
297.76
309.69
299.68
299.18
309.73
301.06
300.24
308.96
301.37
300.76
307.61
300.87
300.89
306.18
300.16
300.92
304.88
298.31
299.13
303.57
295.4
297.25
302.72
294.6
296.51
302.36
294.68
293.86
300.81
293.95
292.8
300.17
293.39
292.11
299.76
292.76
290.92
298.71
292.43
290.27
298.38
291.51
289.79
297.73
291.14
288.99
297.55
289.16
289.07
299.14
289.29
288.97
299.89
291.37
290.56
302.51
292.89
291.45
304.09
294.39
292.0
304.87
296.31
294.1
306.8
296.49
295.48
307.5
297.09
297.39
308.48
297.36
299.57
308.88
297.75
299.82
308.85
298.38
300.38
308.58
299.15
300.67
307.6
298.94
300.26
305.99
297.87
299.41
304.54
296.6
296.74
303.45
294.62
294.34
302.73
293.51
293.53
302.36
292.64
291.12
301.5
291.21
290.56
301.0
290.99
289.07
300.33
289.89
289.02
299.85
289.36
288.75
299.03
289.19
288.91
298.65
289.14
289.23
298.07
288.34
288.9
298.78
288.05
289.16
299.58
288.86
289.9
301.97
289.55
290.3
302.66
291.08
290.48
305.3
291.74
290.54
306.48
291.54
290.35
307.12
291.23
289.82
307.69
291.09
289.14
307.23
291.55
288.86
307.52
291.85
288.58
307.47
291.66
288.61
306.4
291.38
288.63
305.77
291.48
288.61
303.76
291.12
288.64
303.05
290.22
288.5
302.4
290.16
288.07
301.39
289.87
287.72
300.84
289.57
287.67
299.59
289.33
287.68
299.12
289.19
287.73
298.84
289.23
287.59
297.76
289.43
287.67
297.42
289.55
287.27
296.73
289.42
286.91
297.23
288.76
287.26
300.03
288.67
287.7
301.0
289.07
288.99
304.16
290.14
289.88
305.78
290.4
291.2
306.56
290.92
292.22
307.3
291.77
292.64
307.83
292.44
292.86
308.1
292.81
293.08
308.07
293.15
292.87
307.54
293.33
292.93
306.5
293.51
292.34
304.84
293.03
291.5
303.0
292.34
290.74
301.8
290.72
290.15
300.59
289.67
289.35
299.41
288.36
289.28
298.69
287.62
288.56
297.27
288.37
288.25
296.98
287.95
286.44
295.9
287.97
286.15
294.94
287.92
286.06
295.01
288.06
285.52
294.53
287.21
285.01
296.68
286.7
285.49
297.99
287.95
287.77
302.52
288.93
288.63
303.72
291.32
290.86
306.39
292.89
292.18
307.18
294.02
293.49
308.15
294.6
294.52
308.68
295.68
295.39
308.81
296.04
295.62
308.97
296.35
296.13
308.48
296.23
296.04
307.64
295.91
295.88
305.97
295.25
295.25
304.44
294.03
293.36
303.42
292.76
292.49
303.05
291.37
290.11
301.85
290.01
288.84
300.82
289.89
288.12
300.05
288.68
287.59
299.7
288.1
286.58
298.68
287.75
286.41
298.2
287.81
285.06
297.39
