287.36
287.72
296.34
287.55
287.42
296.71
287.5
286.33
297.4
287.9
286.43
298.15
291.33
289.64
298.59
293.35
292.34
299.15
295.2
295.7
298.72
296.6
296.26
298.95
297.63
298.45
299.72
298.03
299.75
298.59
299.21
301.02
298.66
300.07
301.52
298.9
300.27
302.77
299.62
300.43
302.77
299.08
300.23
301.59
298.66
299.22
300.81
297.46
296.38
298.04
297.15
294.97
296.13
297.15
292.88
294.38
297.08
291.65
292.93
296.72
290.65
291.73
296.28
290.62
290.73
296.08
290.9
289.23
295.65
290.68
288.93
295.71
290.59
288.44
295.55
289.84
288.14
296.02
288.7
287.73
296.55
288.88
287.63
297.77
291.73
290.23
297.74
293.99
293.04
298.83
296.0
296.03
300.75
297.24
298.02
301.42
298.7
299.82
301.95
299.27
301.26
302.28
299.69
302.35
301.97
300.29
303.45
301.16
300.9
303.95
300.82
300.85
304.35
299.22
300.22
304.15
298.53
298.67
302.15
297.52
295.63
299.26
296.57
293.18
296.44
296.43
292.44
294.74
296.15
291.4
293.03
295.59
290.9
292.24
295.55
289.88
291.23
295.21
289.13
290.93
294.68
289.11
290.44
294.75
288.87
289.64
294.34
288.4
289.33
294.52
287.5
289.23
295.64
287.69
288.93
298.35
291.28
290.63
299.88
295.32
294.52
300.35
297.36
295.14
301.82
298.56
296.37
302.95
299.72
299.04
303.4
300.37
300.7
304.08
301.36
301.55
304.02
300.76
302.45
304.15
301.36
302.75
302.9
300.17
301.69
301.35
298.98
300.01
299.9
297.59
297.68
299.94
295.8
294.23
299.15
293.56
292.23
298.58
292.42
289.94
297.94
291.62
289.24
297.01
290.92
288.64
296.15
290.13
288.33
295.41
289.65
289.03
295.08
289.66
288.92
294.74
288.89
289.26
293.68
288.89
289.15
294.28
288.34
289.16
296.09
288.34
289.15
298.35
289.72
289.37
300.15
290.54
289.92
300.21
291.54
290.37
301.95
292.71
291.34
302.84
293.1
292.05
303.15
293.53
293.35
303.46
294.11
295.05
303.45
294.16
296.25
303.27
294.45
297.5
302.21
294.35
297.59
300.9
294.37
297.04
300.58
293.36
296.04
298.29
292.17
294.24
297.46
291.57
293.14
297.15
290.95
292.24
296.57
290.68
291.37
296.51
290.45
291.37
295.9
289.68
291.04
295.4
289.68
291.04
295.35
289.66
290.93
295.02
288.72
290.71
294.58
288.93
290.48
294.95
287.56
290.27
296.68
287.92
290.25
299.15
289.52
290.25
301.02
291.15
290.65
301.14
291.54
290.7
303.34
292.78
291.26
303.68
293.58
292.35
304.28
294.56
293.86
304.41
295.56
294.56
304.46
295.19
295.35
304.55
296.2
296.59
302.42
295.81
296.45
300.89
295.39
296.49
298.96
294.78
295.53
297.88
292.35
293.14
297.28
291.13
291.95
296.81
289.89
290.54
295.08
289.15
289.74
294.46
288.92
289.24
293.96
288.39
288.54
293.34
287.89
287.04
292.83
287.12
287.04
292.83
286.62
286.35
292.33
286.11
285.95
293.02
285.52
285.44
293.2
285.5
285.02
298.61
288.34
287.53
300.41
290.56
290.23
300.81
291.76
292.14
302.08
293.2
294.05
303.36
294.45
295.75
304.35
295.6
297.15
304.55
296.65
298.45
304.81
297.26
300.25
304.88
298.06
300.92
304.77
298.03
301.04
302.28
297.68
300.05
300.15
296.05
299.14
298.4
293.62
296.15
298.39
291.97
294.46
297.78
290.65
293.25
297.08
290.14
292.14
295.97
289.41
291.33
295.54
288.91
290.93
294.71
287.91
289.73
294.64
288.39
288.82
294.33
287.36
288.06
293.96
287.62
287.53
294.52
287.13
286.83
296.9
286.52
287.92
300.02
290.91
289.73
302.44
293.35
292.37
302.83
295.58
295.04
304.45
297.2
296.95
306.02
298.6
299.59
306.22
299.83
301.04
306.75
300.29
301.93
306.75
301.22
303.82
306.34
301.28
304.26
306.28
301.28
304.37
303.78
301.26
302.84
301.96
299.8
301.59
301.15
296.37
298.35
300.39
294.76
297.15
300.29
290.2
295.34
298.42
289.08
294.53
297.59
291.84
293.63
297.34
290.65
292.52
296.48
289.65
291.93
296.46
289.67
291.34
296.28
289.08
290.63
295.22
288.56
289.73
295.84
288.1
288.93
298.75
288.51
288.23
299.94
291.91
290.69
303.75
294.53
293.14
305.22
296.77
295.38
305.82
298.24
297.74
306.21
299.02
299.71
307.09
300.02
301.48
307.27
300.84
302.15
307.33
301.63
303.05
307.35
301.83
304.04
305.82
301.43
303.85
304.56
301.25
302.94
303.55
298.82
301.35
300.65
295.78
298.84
300.7
293.98
297.49
300.42
292.88
296.14
299.02
291.62
294.03
298.21
291.58
292.63
297.52
291.62
291.99
296.95
290.12
290.62
296.58
289.62
289.74
296.02
290.36
289.03
295.52
289.09
288.56
295.83
289.54
288.09
298.34
289.46
288.13
301.15
292.11
290.33
301.35
294.77
294.02
303.02
297.42
296.77
305.55
299.28
298.54
306.42
300.88
299.84
307.15
301.49
300.84
307.15
302.31
302.03
307.21
302.35
302.65
306.53
302.51
302.85
306.48
302.09
302.81
303.35
301.08
301.65
302.22
298.64
299.95
301.14
296.58
297.94
300.52
294.57
297.55
300.58
293.37
296.34
299.03
292.84
296.02
297.77
292.37
294.64
297.27
291.88
294.32
296.83
291.81
293.92
296.27
292.31
293.64
295.55
291.31
293.03
295.15
291.36
292.33
295.35
291.92
291.53
298.14
292.73
291.13
300.95
293.33
291.63
300.81
294.74
293.43
302.68
296.2
295.37
304.52
297.01
297.65
306.08
297.82
299.45
305.65
298.02
300.49
304.97
299.05
301.27
304.9
298.8
301.36
303.58
298.83
301.46
301.48
297.22
301.35
300.22
297.41
300.35
298.86
296.8
298.94
297.68
295.43
296.93
297.36
295.16
295.35
296.62
292.91
294.55
296.5
293.17
293.94
295.79
292.67
293.48
294.61
292.41
291.36
292.61
291.41
290.94
292.41
292.15
290.64
291.27
291.65
290.24
290.29
291.41
289.94
290.29
291.34
289.64
292.94
291.34
289.04
295.87
290.76
290.24
296.58
291.66
293.63
299.21
294.14
294.04
300.64
295.56
295.92
300.96
295.76
297.26
301.52
296.39
298.48
301.68
297.01
299.7
301.68
293.15
300.15
301.15
297.95
299.48
300.78
296.56
299.65
298.7
295.18
299.26
296.58
294.16
297.44
294.28
292.82
295.84
293.03
293.0
294.65
292.35
292.22
294.14
290.14
291.68
293.54
289.83
291.91
292.84
289.39
291.62
292.14
287.77
290.66
291.64
287.52
289.89
290.48
287.08
289.89
290.25
286.58
289.39
290.14
287.71
289.34
288.94
292.21
289.17
289.25
295.48
289.74
289.64
295.65
291.15
291.14
297.65
292.33
292.04
300.01
293.33
292.95
301.01
294.16
294.7
301.64
294.61
295.45
301.96
295.22
295.74
302.15
295.22
296.7
302.21
295.01
296.7
300.65
293.99
296.25
297.84
293.59
295.52
296.15
292.77
294.14
295.14
292.16
292.54
294.47
291.33
291.64
292.96
290.62
291.64
291.97
290.4
291.35
291.34
290.13
291.6
290.59
289.92
291.25
289.96
290.13
291.15
288.58
290.4
291.15
287.9
289.92
291.14
287.94
289.66
290.85
288.64
289.78
290.85
291.46
289.77
290.93
295.82
289.76
290.75
295.88
289.34
291.24
297.87
289.92
291.85
299.48
291.15
292.04
301.33
291.15
292.94
301.62
291.36
293.46
301.9
291.96
293.74
301.95
291.8
293.95
301.95
292.77
293.95
301.62
292.17
293.54
298.84
291.96
293.44
297.84
290.77
292.94
295.52
290.38
291.84
295.4
290.17
290.94
292.96
289.92
289.95
292.9
290.18
289.15
292.4
289.67
288.55
290.75
288.92
288.25
290.83
288.66
287.95
290.59
288.15
288.05
289.47
288.41
287.94
289.15
288.42
287.64
288.88
287.35
287.44
293.15
287.16
287.34
296.42
286.95
288.04
296.55
287.15
288.85
298.62
287.36
289.95
300.02
287.76
290.95
301.42
287.57
291.84
301.84
287.57
292.55
302.28
287.77
292.35
302.61
287.96
291.84
302.48
287.74
290.73
300.94
288.34
290.16
298.78
288.35
289.95
296.82
288.57
289.48
295.58
287.95
289.14
294.81
287.55
288.85
294.68
287.42
289.37
293.01
287.15
288.85
292.44
285.63
288.81
291.41
285.68
288.47
290.81
286.14
288.24
290.81
285.09
287.79
289.94
285.88
287.32
289.46
285.62
285.93
289.69
284.76
286.14
292.73
284.73
286.36
296.02
285.54
286.64
296.08
286.75
287.94
298.4
287.75
290.15
300.01
288.95
291.35
301.58
289.95
292.74
301.9
291.33
293.34
301.9
291.77
294.54
302.09
292.36
295.59
302.09
293.34
296.03
300.65
293.17
296.03
299.15
292.36
295.7
297.15
291.15
294.48
296.47
289.34
291.92
295.28
287.23
288.74
293.35
286.35
288.64
292.14
286.58
287.83
291.87
285.8
286.94
290.48
285.32
285.43
290.53
284.84
284.84
290.54
284.57
284.16
289.6
284.57
283.45
289.33
284.57
283.64
289.02
284.1
282.45
292.73
283.7
282.14
295.33
286.29
284.83
295.89
288.76
287.93
298.14
291.15
290.48
299.9
293.15
292.26
301.21
293.84
294.93
301.39
295.82
296.45
302.42
296.2
297.46
302.22
297.21
299.15
301.88
297.44
299.35
300.96
297.04
300.04
299.28
296.58
299.15
296.27
294.58
297.25
295.52
291.6
294.15
294.02
290.8
292.56
292.7
290.18
292.58
291.89
289.68
291.57
291.19
288.93
289.43
290.45
288.19
288.91
290.08
287.89
287.92
289.01
288.09
287.22
288.76
287.56
286.43
288.52
288.12
285.93
289.27
288.55
285.66
293.41
288.74
285.71
296.62
289.15
287.41
296.58
289.76
290.69
300.07
290.57
291.71
301.02
291.75
293.25
301.41
292.6
294.74
301.4
292.37
295.65
301.4
293.0
296.69
301.42
293.63
297.25
301.55
293.62
297.03
300.88
293.83
296.25
297.34
292.6
295.45
295.9
291.01
294.25
294.27
289.97
292.24
293.53
289.14
291.64
292.46
288.65
289.63
291.46
288.89
288.75
291.58
287.88
287.33
290.77
287.38
286.23
290.52
286.85
285.63
289.71
285.82
284.64
289.55
285.32
284.24
289.02
285.32
284.03
289.14
285.32
283.85
292.83
285.53
283.94
296.07
286.54
285.14
296.64
287.73
286.14
299.58
288.78
287.75
301.22
289.58
288.74
303.61
290.98
290.04
304.28
291.6
290.85
305.21
292.19
291.65
305.35
292.61
292.45
304.95
293.21
293.25
303.72
292.82
293.59
300.65
292.61
292.55
298.02
291.0
291.05
296.9
288.35
289.45
296.59
287.54
288.64
295.53
285.65
287.75
294.02
285.6
286.84
293.15
285.24
286.53
293.01
285.72
286.13
292.2
286.37
285.24
292.27
286.91
284.94
292.15
286.46
284.45
292.15
287.2
283.74
292.33
286.99
283.55
295.42
286.96
283.33
295.58
287.76
283.92
301.02
290.4
286.12
301.07
292.04
288.84
305.4
293.27
291.47
307.14
293.87
292.65
308.15
294.5
294.37
308.88
295.25
295.15
308.83
295.07
295.85
308.42
295.23
296.15
307.09
295.03
296.04
304.47
294.24
295.25
303.41
292.23
293.44
301.68
288.97
291.69
300.84
287.76
288.29
299.9
285.84
287.14
298.96
284.36
285.33
298.41
283.6
284.53
297.65
283.84
283.33
297.08
282.58
282.73
296.55
282.07
282.03
296.33
282.09
281.22
295.58
281.05
280.93
295.93
281.52
280.13
296.68
280.86
279.93
299.08
284.04
282.43
300.78
287.71
286.14
302.2
289.95
288.92
304.07
291.97
291.14
305.54
293.2
293.35
305.58
293.61
295.14
306.83
294.42
295.82
307.08
295.42
296.37
306.58
295.63
297.04
305.09
294.84
296.59
303.47
293.61
295.46
302.15
290.8
293.45
301.41
288.97
290.64
300.68
287.31
289.04
300.15
286.85
287.73
298.96
287.35
286.64
298.82
286.12
285.53
298.08
285.62
284.83
297.28
284.81
284.03
296.46
284.77
283.54
296.28
284.57
282.83
296.09
283.52
282.23
296.22
282.88
282.91
296.42
282.67
282.94
297.96
284.27
284.02
300.89
286.48
286.14
301.61
289.55
289.15
304.45
291.36
290.76
305.22
292.63
292.36
306.72
293.23
293.86
307.48
294.25
295.26
307.29
294.63
295.76
307.15
294.83
295.82
306.08
295.02
295.92
304.69
293.64
295.65
303.53
291.8
293.71
301.65
289.15
290.92
300.89
287.14
288.43
300.48
286.83
287.33
299.51
287.35
285.83
298.65
286.65
285.14
298.4
284.89
284.69
297.4
285.15
284.53
296.87
285.09
284.54
296.21
284.57
284.64
295.75
284.3
285.04
295.87
284.5
284.84
297.44
284.52
284.63
300.35
284.93
285.71
302.65
287.11
286.85
302.88
287.76
289.15
304.89
288.36
290.25
306.01
288.77
291.05
306.21
288.95
290.77
307.07
289.01
289.06
306.96
288.38
287.75
306.75
287.98
287.26
305.71
287.56
287.76
304.02
286.97
286.59
302.33
286.73
286.15
301.35
285.52
285.74
300.83
285.32
285.14
299.55
285.37
285.58
298.34
284.93
285.44
297.21
284.37
285.04
296.21
284.38
285.13
295.76
283.89
284.59
295.38
283.66
284.48
294.84
284.16
284.03
294.09
283.91
283.14
294.59
283.13
283.59
298.02
282.74
283.15
299.56
283.12
284.15
302.42
284.33
284.15
302.46
285.52
286.14
304.48
286.17
286.89
305.41
286.94
287.76
305.87
287.35
287.74
306.75
287.96
287.74
306.75
288.34
288.14
306.72
288.74
286.75
305.72
288.35
286.92
303.4
287.36
285.55
302.42
285.73
284.65
301.46
285.11
284.45
301.01
284.72
283.85
300.15
284.9
283.95
298.9
284.65
283.71
298.08
284.65
283.59
297.46
284.66
283.35
296.88
283.9
283.48
296.65
283.66
283.37
296.9
283.89
283.04
296.95
283.4
283.14
296.95
283.13
283.14
298.45
283.13
283.04
299.88
283.33
283.34
300.78
283.71
284.15
302.59
284.72
285.55
304.49
284.72
286.35
307.03
285.16
286.65
308.08
285.74
286.7
308.68
285.37
287.48
308.43
286.35
287.96
308.22
285.97
288.36
306.71
285.34
288.26
305.29
285.16
287.27
304.55
284.97
285.87
304.16
284.55
285.35
302.65
284.55
285.15
301.51
284.41
284.14
300.48
283.94
283.81
300.57
284.13
283.35
299.96
284.15
282.14
299.72
283.38
282.04
299.09
283.38
282.13
299.03
283.12
282.55
298.33
282.9
282.53
298.34
281.92
282.83
298.64
282.12
282.63
300.58
282.71
282.54
301.48
283.72
282.74
303.35
285.15
283.74
305.87
285.34
284.25
307.26
286.36
284.55
307.65
286.77
285.15
308.59
287.54
285.65
309.08
287.75
286.36
309.02
288.16
286.71
307.15
288.37
286.71
305.75
287.39
286.49
305.08
286.15
285.65
303.89
285.29
285.15
302.65
285.32
284.26
302.34
285.43
284.04
301.09
284.93
283.8
300.28
284.65
283.05
300.21
284.42
282.84
299.96
284.66
282.64
299.21
284.12
282.73
299.22
283.89
282.74
299.15
283.62
282.83
298.96
283.13
283.14
299.46
283.945321528
283.386974644
300.857048611
284.797821528
283.662070163
302.404548611
285.650321528
283.937165683
303.952048611
286.54
284.24
305.65
287.76
285.15
306.78
288.37
285.58
307.46
289.16
286.6
308.21
290.17
287.65
308.15
289.62
288.25
307.62
289.79
289.59
306.42
289.6
289.95
304.02
288.79
288.47
301.82
287.96
287.45
300.62
286.56
285.84
299.78
286.17
284.74
299.21
286.15
284.24
298.34
285.65
283.54
297.65
285.64
283.59
297.15
285.65
282.74
296.88
285.18
282.84
296.75
284.18
283.14
296.72
284.45
282.74
297.08
284.41
282.84
297.59
282.79
282.65
298.52
282.56
282.54
299.65
283.91
283.14
300.62
286.54
284.24
301.01
288.15
288.26
304.28
289.77
289.59
305.48
290.18
289.95
306.4
290.59
290.64
306.79
291.01
291.48
306.82
290.78
291.93
306.34
290.01
292.24
305.22
290.0
291.48
303.15
289.6
290.66
302.27
287.97
289.17
301.22
287.55
288.74
300.89
286.92
287.36
299.34
286.92
286.74
298.4
286.38
285.84
297.96
287.15
285.25
297.09
286.42
285.14
296.58
286.92
285.14
296.15
286.16
284.84
296.22
285.65
285.04
295.09
284.89
285.14
295.15
284.76
285.36
297.86
284.55
284.84
300.59
286.15
285.24
302.35
287.13
286.54
302.58
288.73
288.15
304.95
289.55
289.7
305.59
290.75
290.37
306.21
290.36
291.35
307.02
291.39
292.45
306.95
291.39
292.75
306.15
291.59
292.75
305.21
291.18
292.95
303.6
290.41
292.6
301.52
288.4
290.95
300.59
286.96
288.45
300.15
285.98
287.54
299.81
284.64
285.94
299.08
283.86
285.04
298.48
283.6
284.44
297.46
283.11
283.27
296.9
282.61
282.83
296.21
282.11
282.53
295.96
281.81
281.84
295.46
282.84
281.72
295.52
283.73
281.54
297.35
283.92
281.32
299.15
284.52
282.73
301.15
285.9
284.59
301.09
287.74
289.37
303.82
288.53
290.24
305.03
290.13
291.36
305.82
290.77
292.05
306.28
291.15
293.65
306.08
290.77
294.7
305.88
292.17
294.95
304.52
291.78
294.71
302.4
290.74
293.7
301.52
289.37
291.81
300.9
288.57
289.95
300.08
287.73
288.94
299.72
287.41
288.45
298.48
287.4
288.14
297.4
286.91
287.34
297.14
286.91
287.48
296.15
286.89
287.24
295.68
286.66
286.74
295.34
286.69
286.74
294.53
286.63
286.45
294.96
286.35
286.15
295.42
286.13
285.94
299.15
286.36
286.14
300.77
287.15
286.7
300.83
287.35
287.48
303.95
287.91
288.71
304.82
288.7
289.15
305.52
289.33
290.27
305.59
290.12
290.24
305.52
290.35
290.85
305.75
290.2
291.15
304.36
290.17
291.04
302.46
289.96
290.7
301.59
289.16
290.55
301.28
288.57
289.85
300.64
287.79
289.45
300.34
287.2
288.58
298.83
286.937756944
288.24
298.33
286.65
288.14
298.08
286.4
287.23
297.58
285.68
286.64
297.48
284.69
285.96
297.41
285.39
285.65
296.83
285.66
285.72
296.77
285.17
285.59
298.08
286.15
285.85
299.71
286.32
286.04
301.22
287.5
287.38
302.28
289.16
289.26
303.68
290.1
291.49
304.35
291.43
292.15
305.08
291.98
293.35
305.15
292.2
294.15
305.08
292.99
295.26
304.4
293.02
295.37
303.59
292.43
294.46
301.96
291.6
293.55
301.0
289.79
291.7
299.74
287.95
290.05
299.39
287.14
289.34
298.48
286.37
288.74
297.75
285.88
287.76
297.35
285.39
286.73
297.21
