286.593333333
284.15
287.15
285.94
284.73
286.15
284.587
284.63
286.15
281.365
285.15
286.15
281.365
284.87
284.89
285.1
284.59
283.63
285.04
284.53
283.26
285.15
284.45
283.8
284.84
284.36
287.39
284.925
284.615
291.05
285.01
284.87
294.71
286.52
285.36
297.99
285.97425
285.3855
297.958
284.521666667
285.43
297.03
284.429333333
285.446
297.446
287.49
287.21
300.05
285.5485
286.061
298.361
286.76
286.66
298.86
286.33
286.4
296.78
286.11
285.82
294.38
285.37
285.01
291.45
284.96
284.81
289.9
284.107
284.573333333
286.048333333
283.254
284.399666667
285.024666667
284.3525
280.54925
289.3805
284.15
279.15
290.15
283.1975
281.2475
286.935
282.966
281.79
287.676666667
282.0135
283.11
286.44
281.782
283.2405
284.6555
281.782666667
279.803333333
288.413333333
281.8525
278.15
289.4
281.784
280.961
290.736
282.19325
280.6784
292.6484
282.121666667
284.005
293.888333333
282.771333333
284.238
295.704666667
283.9488
283.9988
295.526
284.5105
284.3105
298.007333333
285.6
284.15
298.493666667
285.47
284.15
298.193
285.79
284.15
298.193
286.65
284.15
294.469
285.94
284.15
294.469
285.39
282.15
294.469
283.95
280.15
288.657
283.41
277.15
294.15
282.98
277.15
293.15
282.18
276.15
292.15
282.06
275.15
292.15
281.72
275.15
291.15
281.72
274.15
290.15
280.94
276.59
290.15
280.49
277.679
289.15
280.6
276.0
286.9395
280.16
274.15
281.867
280.32
279.15
281.867
279.94
279.15
291.072
281.01
276.07
291.072
281.85
280.09
291.072
282.37
281.15
297.957
283.18
283.15
297.957
283.77
284.15
297.957
284.32
284.15
299.862
284.69
287.15
299.862
285.3
286.15
299.862
285.12
288.15
296.09
284.64
286.15
296.09
283.83
282.15
296.09
283.92
280.15
290.625
283.5
281.15
295.15
282.342
281.15
294.15
283.27
282.41
293.15
283.35
280.15
293.15
282.81
279.15
293.15
282.81
280.15
292.15
282.06
279.15
291.15
282.48
277.15
291.15
282.13
280.15
287.971
282.5
279.15
284.792
282.12
279.15
284.792
282.45
279.15
293.236
281.78
281.62
297.15
282.51
281.84
296.6685
283.14
282.15
299.798
282.15
284.15
299.798
284.52
286.15
299.798
285.18
286.15
301.041
285.51
284.93
301.041
285.57
284.15
301.041
285.38
284.15
298.135
285.15
284.15
298.135
284.21
283.15
298.135
283.28
283.15
293.836
282.85
284.05
293.836
282.4
283.5
293.836
282.06
284.43
292.15
281.63
283.66
292.15
281.51
283.75
292.15
281.51
283.44
295.15
281.39
282.78
295.15
278.3965
283.12
294.15
280.26
282.52
294.69
279.83
283.14
294.15
279.63
282.46
294.15
279.425
282.385
294.8995
279.22
282.31
295.61
279.45
282.52
297.49
281.33
283.1
299.41
282.465
283.645
300.45
283.6
284.19
301.49
284.26
285.0
301.81
284.43
285.215
301.925
284.6
285.43
302.04
284.79
285.46
301.42
284.41
284.93
300.666666667
283.6715
284.1565
300.2015
283.65
283.87
299.16
283.18
283.225
298.91
282.71
282.58
298.66
281.61
282.43
298.38
281.443333333
282.39
298.13
280.116
282.39
297.346
281.11
282.39
297.42
281.48
282.39
297.33
279.8015
281.4865
297.445
280.75
282.12
297.56
280.3
281.93
298.08475
280.13
281.139666667
297.191666667
279.96
280.349333333
298.425333333
280.955
282.35
299.3372
281.95
281.0945
300.6245
282.3675
282.63
301.59
285.06
283.27
304.02
287.34
283.95
304.9025
286.3805
285.17
305.47
286.9
285.56
303.56
286.0305
285.695
298.2405
286.64
285.83
298.76
285.25
284.863
298.0605
283.814
284.047333333
296.330666667
282.488
283.004666667
296.146333333
281.6
282.6075
295.71625
281.12
281.78
295.45
279.933
281.25
294.77
279.74
280.785
294.035
279.038
280.32
293.3
279.33
280.0
293.09
278.88
279.69
293.39
277.04
279.38
294.606666667
276.719
278.5265
294.577333333
277.7804
278.3708
295.1715
277.229
277.401
294.934333333
278.06
277.129
295.320666667
278.39
279.97325
294.902
278.6885
280.74
295.02
281.47
281.5
295.2
283.193333333
282.253333333
295.696666667
284.4625
283.6475
295.6125
286.64
283.76
296.69
287.4
284.49
296.565
288.16
285.22
296.44
286.56
285.7675
296.815
285.02825
283.6652
296.0472
283.354333333
284.654333333
296.612666667
281.893666667
282.993666667
296.035333333
281.63875
281.94625
295.4275
280.58
280.49
294.84
279.3515
279.93
294.48
279.93
279.525
294.16
279.26
279.12
293.84
278.2495
278.81
293.54
279.38
278.43
293.445
277.5195
278.05
293.35
277.8
277.97
293.31
277.725
277.8
293.415
277.65
277.63
293.52
277.27
278.19
293.71
277.32
278.495
293.895
278.38
278.8
294.08
280.22
279.8
294.46
284.21
280.975
294.76
283.493
282.15
295.06
284.405
284.2085
294.7385
287.33
284.43
295.245
286.6985
286.4885
294.9235
288.08
286.71
295.43
287.2
285.65
295.366666667
285.1
284.966
294.3085
283.04
283.53
295.24
282.64
282.663333333
295.18
281.41
281.255
294.87
280.0825
280.93
295.06
280.356666667
280.413333333
295.08
279.83
279.1675
295.1625
278.926
279.38
295.12
279.71
278.996666667
295.17
278.806
277.876
295.071
279.59
278.23
295.27
279.4
278.285
294.887
278.344
277.362
293.508
279.02
277.906
293.623
280.51
278.45
296.72
281.95
279.33
297.15
282.846
280.58
296.83
284.24
282.016666667
294.926666667
285.136
284.391
292.181
286.53
284.89
291.12
287.16
285.895
289.815
286.24
286.9
288.51
287.05
287.1
287.68
286.08
286.123333333
287.003333333
285.45
285.4285
286.6935
284.82
284.17
285.65
284.08
283.235
285.31
283.34
282.3
284.97
282.17
282.17
284.93
281.05
282.26
284.875
278.931
282.35
284.82
278.528
280.2625
284.9725
278.4345
280.364
285.016
277.928333333
277.911666667
285.186666667
277.731666667
277.648333333
285.248333333
279.98
280.09875
284.88875
278.5675
280.74
284.81
279.6
280.99
284.96
279.69
281.385
285.415
279.559
281.78
285.87
282.02
282.23
286.74
284.1
282.84
287.82
286.08
283.4
288.91
287.79
284.0
289.99
288.58
284.32
290.4
289.37
284.64
290.81
288.03
284.63
290.4
287.315
284.365
289.985
286.6
284.1
289.57
285.29
282.86
288.89
284.29
282.58
288.44
282.436
282.1885
286.436
282.29
282.02
287.54
281.66
281.93
286.4
281.23
280.847
285.145
280.8
281.96
283.89
280.07
281.87
283.055
280.015
281.78
282.22
279.96
281.98
281.65
279.94
281.905
281.095
279.0485
281.83
280.54
279.66
281.77
282.78
279.21
281.893333333
285.0
279.101
279.8235
287.5485
280.47
282.14
289.44
281.26
282.535
291.39
282.05
282.93
293.34
283.17
283.37
294.16
284.58
284.4
294.76
285.78
285.08
295.03
285.97
285.85
294.79
285.68
285.84
292.52
284.6
284.72
289.6
282.79
283.12
288.13
281.98
282.08
286.62
281.82
281.3
286.31
281.35
280.74
285.43
280.8
280.49
284.83
281.67
280.08
284.57
281.0
279.77
283.88
280.34
279.63
284.36
280.27
279.33
285.05
280.11
279.52
285.29
279.83
279.535
285.49
279.55
279.55
285.69
278.98
279.36
287.19
278.9
279.23
289.2
279.68
279.34
290.54
280.0
280.2
291.63
280.685
280.865
291.51
281.37
281.53
291.39
282.36
282.94
292.15
283.07
284.27
292.82
284.06
285.38
292.95
283.84
285.63
293.02
283.36
285.125
292.175
282.88
284.62
291.33
281.94
283.03
291.08
281.46
281.91
289.99
280.91
281.15
286.62
280.48
280.54
284.52
280.26
280.41
283.74
280.37
280.29
282.81
280.1
280.22
281.91
280.08
279.8135
283.2085
279.5
279.407
284.507
279.79
278.727
279.8
279.58
279.061333333
279.61
278.3075
278.355
279.28
279.16
279.73
279.23
279.46
279.88
280.98
280.03
280.045
283.5025
282.0945
280.21
285.49
281.23
280.74
287.37
281.48
281.12
288.322
283.8505
281.5
290.06
282.126666667
281.805
290.53
282.45
282.11
291.0
282.59
282.19
288.493
282.51
282.27
288.99
284.168
282.035
285.208
282.35
281.8
284.43
282.15
281.57
283.69
282.04
281.41
283.31
281.97
281.36
282.7
281.91
281.263333333
281.966666667
281.85
279.897
280.012
281.55
281.07
280.5
281.385
280.86
280.185
281.22
280.65
279.87
279.045
280.4
277.82
280.089333333
280.15
277.556
279.524
280.61
276.399
279.128
280.38
286.653
279.128
280.15
286.653
279.128
280.15
286.653
283.406
280.65
292.306
283.406
281.15
292.306
283.406
281.65
292.306
283.406
281.4
293.563
284.3745
281.15
293.563
285.343
281.15
293.563
285.343
283.6
293.563
284.16975
281.26
292.70975
284.083333333
284.508333333
290.45
282.366666667
282.966666667
290.3
285.45725
281.15
290.15
285.343
280.896666667
288.788333333
282.079
280.368333333
287.426666667
282.549
280.0915
287.7915
278.662666667
279.479333333
285.854333333
278.510333333
279.118666667
285.643666667
278.4265
280.29
284.014
278.251333333
279.418666667
284.276333333
278.144666667
280.079333333
283.119666667
281.43
280.74
286.62
282.15
280.15
288.15
282.15
280.15
288.7625
282.15
280.15
291.758666667
279.71
280.15
293.563
282.3955
281.753
293.563
282.04
281.15
293.3565
283.7
281.15
293.15
284.02
282.61
292.15
284.27
283.12
292.15
285.5675
282.15
291.5815
283.76
282.15
293.563
282.69
281.63
289.15
281.61
283.11
288.23
281.15
282.19
287.15
280.72
282.65
286.15
280.29
281.63
285.15
279.9365
280.669
284.65
280.25
281.15
284.15
280.29
280.61
283.15
282.8165
280.68
282.15
285.343
280.68
287.8565
285.343
279.983
293.563
281.816
279.286
286.001
276.73
281.15
293.563
278.84
280.15
293.563
278.351
280.15
293.563
278.84
280.15
293.563
279.29
280.15
293.563
280.22
281.15
293.563
281.15
282.8155
293.563
283.562333333
285.789333333
293.489333333
285.974666667
286.800666667
294.275666667
284.484
286.148
292.2355
288.197333333
287.714
293.964
288.007666667
287.616
292.866
285.3065
285.194
290.519
285.954
285.870666667
289.837333333
284.09
284.223333333
287.906666667
284.0685
283.756
287.806
281.590333333
281.715333333
285.265333333
280.954666667
280.854666667
284.554666667
280.8685
280.5935
284.331
280.049666667
279.533
283.458
279.780333333
279.072
283.072
284.087
280.111
285.5735
285.343
280.15
286.15
285.343
279.112
283.987
285.343
279.75
288.0292
285.343
278.432666667
284.832
281.9705
278.791333333
287.84
285.343
279.15
290.62825
285.343
279.98
293.563
281.15
280.81
294.9525
282.78
281.64
293.563
284.03
283.62
293.563
282.15
287.15
293.563
286.06
285.57
293.563
286.9
291.15
293.563
285.63
289.15
293.563
284.36
287.15
293.563
283.14
282.15
293.563
282.5895
282.3695
293.563
282.87
280.74
295.15
283.691
280.77
294.15
285.343
280.249
290.939
282.15
279.8712
291.2192
281.257666667
279.326333333
287.426333333
280.365333333
278.924666667
287.124666667
284.54475
279.255
285.6425
285.343
278.609333333
285.734333333
282.125
278.695666667
284.645666667
279.881
276.74325
290.867
277.15
276.15
288.56
278.15
277.73
293.563
279.91325
278.5512
294.2605
280.774333333
280.257666667
292.591
282.988666667
281.205333333
294.472
281.2525
280.69
292.4218
282.15
281.15
294.958
282.15
283.581
293.563
282.15
282.8
293.563
283.15
282.15
293.563
284.9865
284.149
293.563
282.543333333
282.15
293.563
282.24
282.15
293.563
280.15
281.8855
293.563
280.15
281.843333333
290.8565
280.15
281.69
288.15
280.249
280.8315
287.874
285.343
281.0032
287.1392
285.343
279.973
286.939666667
282.4455
279.973
286.281333333
282.815
280.5615
285.873
279.373
280.365333333
285.131333333
279.198
280.757666667
284.639666667
281.15
281.15
291.578
281.15
281.15
293.563
280.805
281.67
293.563
280.46
281.15
293.563
282.15
281.101666667
293.563
282.15
281.579333333
292.2975
283.7465
282.3075
293.1342
285.343
282.701666667
291.518333333
285.343
283.346333333
292.004666667
285.343
283.3068
292.238
283.15
284.0655
292.64
283.15
284.14
291.4635
283.15
283.15
293.255333333
283.15
283.15
293.563
283.15
283.02
293.563
283.15
281.66
289.15
282.72
280.62
288.15
281.4295
281.317
288.0195
285.343
280.9632
287.7412
285.343
281.835333333
287.635333333
285.343
281.656666667
287.381666667
285.343
282.0956
287.4456
285.343
281.814
287.139
283.15
282.15
287.15
282.3
281.15
288.15
282.0945
282.15
287.68
285.343
280.6355
288.038
285.343
282.15
290.15
285.343
281.1355
292.273
285.343
283.15
296.15
285.343
284.15
296.15
285.343
284.970333333
295.662
282.15
285.790666667
295.174
283.7465
284.15
294.5978
285.343
284.15
294.1245
285.343
284.15
293.563
285.343
283.483333333
293.563
285.343
284.2485
290.211
283.15
282.15
289.15
284.2465
282.15
289.47
285.343
280.548
289.31
285.343
282.15
289.15
285.343
280.8435
289.23725
279.916
277.099333333
289.541
280.045
277.011666667
289.52
280.0795
278.267
289.5045
280.24
277.731666667
289.481666667
280.306
278.539333333
289.464333333
279.925
278.4375
289.775
280.14
279.548333333
289.648333333
279.908
279.749666667
289.849666667
281.9805
280.243
290.8055
280.980333333
280.347
290.755333333
282.284666667
280.743
291.459666667
283.302
281.8395
291.7645
284.702
282.002
292.602
285.815
282.865
293.04
285.192
282.6545
291.492
286.883666667
283.875333333
292.592
286.839333333
284.022666667
291.706
284.324
282.424
290.5615
285.103333333
283.153333333
289.761666667
283.411666667
282.136666667
288.703333333
283.592
281.567
288.767
281.276333333
280.401333333
287.334666667
280.832666667
279.682666667
287.024333333
280.263
279.6255
285.7255
279.861333333
278.686333333
285.744666667
279.333666667
278.408666667
284.775333333
278.5335
278.5585
285.121
278.096666667
278.138333333
283.713333333
277.387333333
278.145666667
283.620666667
276.915
277.765
286.7275
276.126666667
277.901666667
285.568333333
275.575333333
277.650333333
287.608666667
278.3565
280.519
288.219
276.694333333
279.227666667
290.736
278.364666667
281.056333333
291.823
279.4195
281.1695
291.9195
281.295
283.57
293.336666667
282.555
284.255
293.763333333
281.8
283.5
293.3875
283.731666667
284.665
294.081666667
283.648333333
284.39
293.973333333
281.807
282.532
293.3195
282.309666667
282.784666667
293.393
281.054333333
281.454333333
292.921
280.332
280.9195
293.3195
278.899
279.324
292.557333333
277.999
278.524
292.665666667
277.673
278.361
292.623
276.581666667
277.348666667
292.781666667
276.064333333
276.973333333
292.789333333
275.8025
276.615
292.4775
275.2
276.234
292.591666667
274.853
275.87
292.386333333
274.5345
275.46
293.0845
274.178
275.111333333
292.578
273.85
274.716666667
292.975
276.965
278.365
294.1775
275.489333333
276.622666667
294.306
277.456666667
278.923333333
295.24
277.949
279.3865
295.799
280.408
282.299666667
296.858
281.392
283.375333333
297.542
280.559
282.5965
296.6215
282.148666667
284.290333333
297.840333333
281.921333333
284.129666667
297.454666667
279.787
281.462
297.212
280.195333333
282.137
296.778666667
278.696666667
280.305
296.488333333
278.6065
280.244
296.244
276.638333333
277.821666667
295.938333333
276.078666667
277.170333333
295.678666667
276.1245
277.337
295.462
275.363
276.413
295.188
275.207
276.307
294.957
274.848
276.348
295.2605
274.759666667
276.193
294.851333333
274.468333333
276.185
294.976666667
274.5905
276.203
293.6655
274.161333333
276.186333333
294.269666667
274.145666667
276.195666667
293.437333333
277.1505
279.0755
294.363
276.128
278.128
292.944666667
278.126
280.051
293.284333333
278.344
280.8315
293.569
280.935333333
283.135333333
293.927
281.746666667
284.296666667
294.23
280.4475
283.235
293.685
281.962333333
285.137333333
294.270666667
281.366666667
284.816666667
294.008333333
281.504
284.304
293.7415
280.664
284.047333333
293.480666667
280.557
283.598666667
293.215333333
280.348
283.4605
293.373
280.275
282.908333333
292.966666667
280.1
282.666666667
292.983333333
280.1645
282.527
293.089
279.909666667
282.251333333
293.076
279.894333333
282.077666667
293.152
279.867
281.642
293.2795
279.855666667
281.555666667
293.338333333
279.832333333
281.207333333
293.448666667
279.861
281.461
294.448
279.820333333
280.912
294.262
279.831666667
280.965
294.965
280.3705
281.833
294.033
280.206
281.614333333
295.281
280.569
282.210666667
294.894
280.716
282.6785
295.266
281.151
283.317666667
294.626
281.37
283.828333333
294.745
281.164
283.7015
292.6265
281.524666667
284.424666667
293.491333333
281.460333333
284.510333333
292.118666667
280.8485
283.3485
290.086
280.966666667
283.85
288.933333333
280.537333333
283.104
287.120666667
280.38
283.5425
286.9175
279.86
282.401666667
284.568333333
279.612
282.445333333
283.828666667
280.0145
282.4145
283.552
279.549666667
282.483
282.658
279.735333333
282.477
282.227
279.727
282.477
282.0395
279.977333333
282.469
281.527333333
280.033666667
282.467
281.258666667
280.15
282.2875
285.45
280.186333333
282.344666667
283.694666667
280.282666667
282.224333333
286.399333333
280.8845
283.0345
287.9595
280.812333333
282.604
291.045666667
281.245666667
283.104
292.987333333
281.677
283.8645
292.3895
282.111
284.277666667
295.177666667
282.543
284.951333333
295.426333333
282.2745
284.3875
293.437
282.94
285.473666667
294.431666667
282.905
285.322333333
293.188333333
282.4705
284.058
292.3205
282.568666667
284.277666667
290.952
282.267333333
283.384333333
289.959
282.2
283.638
289.4
281.820666667
282.362333333
288.262333333
281.675333333
282.233666667
287.558666667
281.5335
282.421
286.821
281.387
282.187
286.128666667
281.244
282.269
285.402333333
280.721
282.496
284.8085
280.704666667
282.529666667
284.038
280.308333333
282.708333333
283.4
280.318
283.093
285.2805
279.786333333
283.203
283.803
279.660666667
283.519
284.844
279.8085
282.221
286.646
279.591666667
283.075
287.433333333
279.648333333
282.315
288.981666667
279.817
282.5295
288.592
279.836333333
281.444666667
290.786333333
279.967666667
281.334333333
291.042666667
279.362
281.537
288.887
279.739
281.322333333
289.947333333
279.379
281.420666667
288.595666667
278.569
281.0065
286.494
278.359
281.275666667
285.392333333
277.699
281.032333333
283.540666667
277.458
280.9955
283.233
276.658333333
280.683333333
280.866666667
276.277666667
280.577666667
280.044333333
275.8555
280.0805
280.4555
275.488666667
280.105333333
279.222
275.080333333
279.738666667
279.222
274.734
279.4215
278.8215
274.305
279.038333333
278.955
273.938
278.704666667
278.688
273.931
278.381
282.156
273.444
278.044
280.644
273.317
277.717
282.867
275.411
279.561
284.3985
274.543666667
278.510333333
286.852
275.897333333
279.630666667
288.614
276.1735
280.2735
287.736
277.886333333
281.553
290.378
278.521666667
282.355
290.38
278.2645
281.6645
289.202
279.197333333
282.964
289.597333333
279.237666667
282.771
288.812666667
276.97
281.6075
289.07
277.779666667
281.738
287.938
276.281333333
280.898
287.848
276.0875
280.6375
287.7625
274.154333333
279.604333333
287.671
273.525666667
279.150666667
287.584
273.153
278.0655
287.3405
272.439
277.822333333
287.305666667
271.981
276.947666667
287.114333333
271.8705
276.5955
286.8455
271.296666667
275.546666667
286.68
271.070333333
275.020333333
286.437
270.9865
274.9115
286.8365
270.712666667
274.246
286.379333333
270.581333333
273.998
286.564666667
272.99
276.915
286.915
272.012
275.612
287.045333333
273.574
277.474
287.340666667
274.0015
277.5265
287.9265
275.941666667
279.991666667
288.125
276.747333333
280.647333333
288.614
276.149
279.9365
287.724
277.422666667
281.047666667
288.672666667
277.292333333
280.792333333
288.242333333
276.88
280.0805
288.8425
276.843666667
279.977333333
288.068666667
276.525333333
279.417666667
288.325333333
276.4435
279.5185
288.256
276.046333333
278.738666667
288.621333333
275.885666667
278.619333333
288.660666667
275.6935
278.4815
288.6685
275.543333333
278.368333333
288.718333333
275.361666667
278.236666667
288.736666667
275.4095
278.372
289.0845
275.151333333
278.151333333
288.993
275.122666667
278.197666667
289.231
275.314
278.4765
289.3265
275.212
278.445333333
289.612
275.33
278.646666667
289.755
276.1195
279.307
290.507
276.013666667
279.355333333
290.447
276.579333333
279.862666667
290.996
276.6065
280.169
291.119
277.351666667
280.743333333
291.81
277.558333333
281.116666667
292.075
277.3355
281.298
291.5355
277.685333333
281.735333333
292.068666667
277.605666667
281.980666667
291.797333333
277.3005
281.0755
292.2255
277.296
281.704333333
291.721
277.066
281.182666667
291.916
276.78
280.705
292.13
276.568666667
280.168666667
292.318666667
276.301333333
279.676333333
292.526333333
275.9005
279.038
292.1755
275.677666667
278.594333333
292.569333333
275.321333333
278.004666667
292.404666667
278.2435
279.301
293.1735
278.98
279.34
293.32
278.94
278.4795
291.4695
278.915
279.346666667
287.606666667
278.89
279.35
284.75
279.08
278.98
283.98
278.93
279.36
283.67
279.21
279.37
283.82
279.5
281.16
284.6
280.45
282.42
285.08
279.68
282.95
285.76
280.87
283.48
285.63
281.68
283.83
287.49
281.52
283.68
288.17
281.91
283.12
287.67
281.91
282.95
286.02
281.19
282.95
284.99
280.86
282.24
284.02
