280.71
279.93
290.69
280.47
279.83
290.86
280.61
280.7
291.76
280.62
282.39
293.0
280.31
283.18
294.35
280.61
284.28
294.81
280.6
284.72
294.75
280.29
285.53
295.23
279.74
284.04
294.49
279.87
282.6
294.09
279.86
281.65
293.8
279.59
281.65
293.56
280.66
281.37
293.22
280.66
281.16
292.62
280.66
280.93
292.37
280.32
280.82
292.64
279.73
280.6
290.07
278.96
280.37
287.15
278.76
280.37
286.08
278.77
280.26
285.44
278.55
280.05
284.58
278.77
279.81
284.36
275.42
279.37
283.94
275.3
279.25
283.39
278.09
279.52
284.48
277.79
279.03
286.08
278.05
279.59
287.21
279.3
280.03
288.88
280.29
280.59
289.75
281.15
281.77
291.35
281.45
281.49
291.58
281.72
281.04
292.01
281.73
281.37
291.69
280.89
281.15
290.66
280.04
281.15
287.87
279.73
280.6
286.22
280.47
280.72
284.75
280.46
280.6
283.34
280.33
280.65
282.78
280.48
280.77
282.01
280.41
280.81
281.47
279.96
281.15
280.54
276.75
281.37
280.2
277.01
282.27
279.74
277.0
282.6
279.14
279.42797949
282.425139043
279.348821732
282.15
282.2
279.58596944
280.483637029
281.71
279.823117148
278.711957556
281.48
280.11
276.77
281.02
284.25
277.03
280.92
286.9
280.34
280.93
290.28
280.56
281.03
292.07
280.97
281.14
293.94
281.4
281.36
294.22
281.13
281.37
294.58
281.12
281.26
294.16
281.0
281.15
292.5
280.17
280.93
290.36
279.28
280.82
288.21
279.15
280.59
287.35
277.09
280.81
286.81
276.82
281.65
286.48
276.94
281.64
286.15
276.71
281.77
285.41
276.87
280.27
285.5
276.37
280.36
284.87
276.38
280.25
285.29
275.8
280.14
286.36
275.72
280.28
286.71
275.44
279.7
286.08
275.28
279.89
285.15
275.26
279.27
284.54
276.47
278.4
283.75
277.84
278.26
284.15
279.12
279.27
284.61
280.27
280.5
285.94
279.6
281.77
287.48
279.95
283.04
289.79
282.12
283.26
290.09
281.56
283.26
289.69
280.6
282.7
288.04
278.29
282.29
285.8
277.54
281.44
284.48
277.59
281.6
283.35
279.04
281.54
282.88
276.82
281.14
283.28
276.61
281.27
283.51
275.84
280.82
283.15
275.35
280.6
282.74
275.66
280.38
282.74
275.82
280.82
282.61
275.33
281.39
282.64
275.33
280.93
282.29
275.64
281.4
282.08
275.98
281.6
281.77
276.83
281.27
282.3
276.47
281.53
283.64
276.9
281.77
285.14
278.8
282.27
286.74
279.7
282.4
289.43
279.38
282.77
290.5
279.81
283.26
291.38
280.1
283.14
291.46
279.82
283.15
290.75
279.14
282.28
289.37
278.44
281.5
287.95
277.72
280.53
287.29
276.29
279.91
286.41
276.04
279.93
286.15
277.67
279.48
286.08
277.84
279.49
286.15
276.42
279.49
286.16
276.02
279.4
286.01
276.34
279.28
285.55
277.77
279.27
285.37
277.02
279.15
285.55
277.19
278.93
285.55
277.37
278.82
285.62
277.6
279.15
285.62
277.46
279.03
285.75
275.76
278.53
287.08
276.22
278.65
287.42
277.34
278.68
288.61
278.22
279.92
289.08
277.58
280.48
289.81
277.86
280.93
290.88
278.96
280.82
292.08
279.57
280.6
292.08
279.29
280.37
292.15
277.39
280.26
292.08
277.07
280.03
292.35
278.64
280.14
292.48
278.63
280.14
292.55
278.67
280.28
292.94
279.16
280.4
293.15
279.15
279.92
293.44
278.95
280.14
293.62
278.74
280.02
294.01
279.34
279.91
293.42
278.4
279.03
292.94
278.03
279.04
292.66
276.18
277.91
292.39
277.41
277.39
288.85
275.3
277.25
288.96
275.77
278.04
289.72
276.13
279.26
292.51
277.1
280.27
293.75
277.86
281.04
294.92
279.83
282.28
295.37
278.87
282.38
295.51
280.3
282.71
295.22
280.28
282.89
294.85
279.6
282.5
293.1
278.59
282.41
290.65
277.44
281.27
289.42
276.94
280.88
288.68
276.31
280.78
287.94
275.42
280.4
286.79
275.55
280.04
286.44
275.94
280.04
286.73
276.16
279.54
286.28
275.86
279.26
287.3
275.92
278.69
286.62
275.62
278.37
286.29
275.67
278.58
286.22
275.49
279.0
286.53
275.62
279.14
286.75
276.27
279.25
288.28
276.62
279.27
290.0
276.63
279.15
293.08
277.11
280.77
294.23
277.27
281.52
295.01
277.36
281.53
295.44
279.01
282.26
295.44
279.58
282.93
295.29
279.44
283.04
295.02
279.44
282.72
292.9
279.17
281.45
289.8
278.72
280.14
288.35
279.32
279.82
286.47
279.33
279.58
286.16
279.15
279.49
284.9
277.68
279.51
284.62
277.06
279.03
284.41
277.18
279.47
283.72
277.19
279.77
284.29
276.4
280.15
284.41
276.89
280.15
283.75
276.73
280.48
283.38
276.55
280.37
281.81
276.36
280.37
280.46
277.21
280.65
281.88
278.29
280.37
284.15
278.86
280.59
285.44
279.3
280.693940687
286.75
279.7
281.02
287.58
280.13
281.92
288.72
280.18
282.92
289.08
280.15
282.81
288.52
280.15
282.37
287.72
279.88
282.16
286.67
279.45
281.53
283.96
276.88
280.59
282.02
276.13
280.27
280.09
275.98
279.78
279.08
274.98
279.53
279.01
275.08
279.02
277.58
274.41
278.89
277.2
274.12
278.76
276.82
273.65
279.01
276.7
273.29
278.52
276.58
273.13
278.5
276.45
272.96
278.03
276.48
272.72
277.5
276.08
272.16
277.63
277.07
271.89
277.26
282.14
272.41
277.11
283.33
274.4
277.69
289.15
276.08
279.52
290.35
277.5
280.39
290.9
278.68
280.53
291.59
279.12
280.66
291.55
279.7
280.78
291.62
279.14
280.52
289.88
278.31
280.27
289.11
277.72
279.89
285.42
277.28
279.8
285.27
277.68
279.52
284.15
277.65
279.52
283.64
275.12
279.48
283.58
274.77
279.48
283.02
273.7
279.48
282.4
273.54
279.65
282.34
273.19
279.65
281.53
273.03
279.64
281.69
272.64
279.69
280.84
273.19
279.82
281.02
272.84
280.15
280.58
272.51
279.92
281.15
274.18
279.93
283.72
277.44
279.958166311
284.308083004
278.22
280.04
285.82
278.76
280.27
288.36
279.58
281.04
290.44
280.13
281.26
290.48
280.58
281.71
290.48
281.06
282.28
290.29
281.02
281.9
289.46
280.36
281.66
288.55
279.89
281.41
288.36
279.75
281.02
286.81
279.65
280.7
286.55
279.85
280.92
286.08
279.57
280.52
285.88
279.68
280.58
285.95
279.16
281.0
285.68
278.58
280.88
284.56
278.85
280.76
283.28
278.14
280.43
282.66
276.15
280.38
282.15
274.49
280.0
281.88
274.23
280.26
281.94
274.19
280.14
281.86
274.55
280.02
282.02
276.7
279.64
282.08
276.96
280.52
282.48
278.39
280.37
282.68
279.1
281.26
282.88
279.98
281.9
283.07
280.0
281.77
283.08
280.14
281.78
283.01
279.85
281.25
282.72
279.16
281.03
282.4
278.88
280.53
282.15
278.15
280.58
281.9
276.68
280.71
281.95
276.69
280.48
281.88
278.0
280.37
281.88
276.750921463
280.282980933
281.88
275.0
280.14
281.88
275.23
280.03
281.88
275.0
279.92
281.95
274.91
278.9
281.95
274.66
279.03
281.88
274.18
278.6
281.88
273.7
278.37
281.72
273.62
278.393855803
281.75
274.72
278.03
282.01
275.3
277.63588541
282.083876308
276.6
277.49
282.77
277.75
277.82
283.34
278.14
277.6
283.79
278.7
278.16
283.9
279.52
279.65
284.15
279.32
280.03
284.02
279.01
279.9
283.82
278.3
279.38
283.82
277.03
277.95
283.72
276.0
275.57
283.49
275.81
275.12
283.02
274.48
275.7
282.55
274.32
275.25
282.29
274.16
274.8
281.9
273.21
274.9
281.9
273.13
275.27
281.48
273.13
275.51
281.48
273.71
275.38
281.22
272.1
275.01
281.22
271.96
275.59
281.01
274.53
275.24
281.0
274.38
275.15
281.41
274.46
274.7
281.82
274.42
274.78
282.22
273.89
274.93
282.48
272.84
274.989736188
282.642962963
272.88
275.77
283.68
275.12
275.93
284.08
275.37
276.15
283.69
276.98
276.38
283.08
276.44
276.26
282.9
275.43
276.04
282.68
274.59
275.82
282.55
273.86
275.71
282.71
273.98
275.71
282.7
273.83
275.28
282.55
274.35
274.92
282.41
273.7
274.66
282.21
271.36
274.15
282.48
271.2
273.59
282.46
270.71
274.15
282.72
270.54
274.04
282.75
270.46
274.14
282.88
270.22
274.03
283.15
270.13
273.77
282.94
269.57
273.522961686
282.568845248
269.32
273.65
282.58
269.68
273.646481507
283.141403509
270.32
273.64
283.86
270.67
274.03
284.01
270.89
274.89
284.01
271.02
276.0
283.08
273.6
276.86
283.28
273.46
276.844760885
283.09
273.14
276.71
282.86
272.72
276.29
282.87
272.22
276.15
278.86
269.15
272.06
278.86
272.17
273.7
281.75
272.01
273.549389714
281.54
271.51
272.56
281.45
271.18
272.190487855
279.81
270.34
272.02
279.27
270.35
271.8
278.96
270.15
271.37
277.64
269.36
271.318190914
277.584031135
268.73
270.366595457
276.65
268.53
269.75
276.620743968
268.37
270.02
276.2
264.13
270.02
277.28
267.58
269.93
277.82
267.03
270.63
279.52
267.15
271.72
282.35
267.57
271.956948335
283.28
268.59
273.49
283.280848057
270.03
274.78
283.88
270.34
275.65
284.02
270.33
276.04
283.95
270.31
275.94
283.75
270.06
274.38
283.38
269.02
274.41
283.29
268.31
272.82
282.55
268.18
272.58
282.31
267.67
272.26
280.95
267.03
271.5
279.28
267.01
271.79
278.49
263.35
271.48
277.95
263.16
270.76
277.28
262.66
270.55
276.42
262.84
270.16
276.21
262.93
270.28
276.08
262.19
270.53
275.28
262.02
270.17
274.65
262.03
270.29
274.15
262.49
270.17
273.86
265.72
269.95
273.84
266.31
270.59
274.02
267.55
272.75
274.4
268.57
274.49
274.35
269.46
275.14
274.35
270.46
275.75
274.42
271.17
275.57
274.65
271.33
275.48
274.94
270.76
274.8
275.02
269.32
274.35
275.07
269.49
274.01
274.92
270.54
273.35
274.09
270.88
272.92
273.48
270.88
272.69
272.46
270.88
272.15
271.77
266.35
272.27
271.33
266.39
272.04
270.88
266.18
272.03
270.68
265.85
272.58
270.21
265.75
272.81
270.41
265.4
273.03
270.83
268.89
273.26
271.86
269.15
273.26
271.81
269.461933214
273.59
272.39
269.82
273.81
273.68
270.48
273.92
274.15
270.75
274.15
274.84
271.14
274.02
275.15
271.57
274.53
275.59
271.55
274.9
275.95
271.85
275.15
276.62
272.13
275.38
276.95
272.13
275.49
276.28
271.71
275.52
275.55
271.71
275.27
275.15
271.98
275.27
274.02
272.3
275.15
273.77
271.8
275.71
273.82
271.98
275.83
273.59
271.93
275.94
274.46
272.12
275.94
275.3
272.31
275.83
275.78
272.32
275.5
275.9
272.31
275.5
276.01
271.73
275.25
275.89
271.94
275.26
275.4
271.73
275.14
275.71
271.97
275.14
276.41
270.84
275.25
277.34
271.53
275.34
278.68
271.84
276.01
279.41
272.54
277.36
280.58
273.12
278.27
281.42
273.4
278.47
281.65
273.55
278.37
282.02
274.27
278.15
281.9
273.98
277.9
281.72
273.97
277.92
281.69
273.97
277.81
281.59
275.13
277.92
281.65
274.95
277.81
281.84
275.08
278.03
281.82
274.78
278.03
282.15
274.94
278.14
282.48
274.9
278.14
282.53
275.1
278.03
282.65
275.94
278.25
282.61
276.08
278.14
282.65
275.68
278.03
282.9
275.57
277.91
283.15
275.88
277.57
283.27
275.26
277.65
283.94
274.09
277.58
285.35
274.25
277.58
287.14
274.53
277.58
290.2
274.96
277.92
293.33
275.24
277.81
295.56
275.49
277.92
296.49
275.64
277.78
295.85
275.53
278.03
295.49
274.26
277.47
294.29
273.39
277.14
292.8
273.27
277.02
291.22
273.46
277.02
289.75
273.46
277.03
286.42
273.31
276.9
285.6
273.3
276.8
283.35
273.12
276.57
281.86
272.73
276.92
280.62
272.35
276.81
280.14
271.74
276.81
278.79
271.78
276.37
278.54
271.54
276.47
277.81
271.16
276.13
277.14
271.16
276.51
276.76
272.55
277.02
276.94
271.0
276.81
278.41
271.99
277.03
279.85
272.98
277.23
281.57
273.63
278.03
283.02
273.27
278.25
284.71
273.55
279.15
285.58
272.82
278.83
286.48
272.48
278.28
286.35
272.84
277.71
285.15
272.47
276.94
283.95
272.45
276.71
283.46
272.12
276.6
282.77
271.47
276.37
282.02
270.98
276.48
281.61
270.81
276.27
281.27
270.34
276.37
280.52
270.14
275.93
280.55
269.55
275.93
279.96
269.55
275.71
280.02
268.96
275.6
280.28
268.57
275.6
280.79
268.18
275.38
280.72
267.77
275.49
281.0
269.71
274.93
281.81
267.29
275.15
282.35
267.72
275.15
282.75
268.43
275.65
283.75
269.28
275.7
284.88
270.27
275.92
287.01
270.89
276.03
287.67
266.52
277.15
289.15
267.39
276.67
288.15
267.13
276.15
286.15
266.59
276.15
285.15
269.9
274.65
282.3
269.8
275.15
281.58
270.31
274.27
280.22
269.31
273.93
279.75
269.13
273.26
278.94
269.75
272.8
278.34
268.34
273.0
278.22
268.14
272.47
277.27
267.94
272.78
277.33
267.95
272.03
277.75
266.73
272.04
277.68
266.33
271.81
277.6
266.5
272.77
277.71
266.97
272.64
277.81
266.43
271.93
278.41
266.81
272.64
279.54
267.42
273.04
280.36
268.12
273.81
281.28
268.8
274.7
282.4
269.0
275.14
283.69
269.99
275.27
284.16
270.13
275.06
283.43
270.12
274.14
282.16
269.01
274.4
280.8
268.29
273.93
280.42
269.15
273.93
279.36
268.97
274.15
278.75
268.8
274.4
278.28
268.96
274.04
278.29
268.91
273.92
277.62
268.11
274.02
277.35
268.52
273.47
277.08
267.93
273.24
277.01
267.52
273.13
277.02
266.92
272.9
276.68
267.12
272.79
276.42
267.11
272.8
275.69
266.61
272.51
275.8
265.97
272.9
275.55
266.25
272.9
275.71
266.95
273.45
275.9
268.1
273.68
276.52
269.11
274.8
277.26
270.26
274.8
278.68
271.13
275.77
279.42
271.0
275.26
279.93
270.71
275.15
280.29
270.12
274.46
280.38
269.4
274.14
280.57
269.57
273.8
280.68
268.76
273.25
280.75
268.78
273.64
280.82
268.77
273.4
280.81
268.75
273.26
281.22
268.53
273.02
281.21
267.72
273.02
281.68
267.94
272.65
281.75
268.15
272.618962324
281.75
267.72
271.92
281.75
267.54
272.16
281.96
267.33
271.91
282.09
266.9
271.15
281.65
266.71
271.26
283.08
266.44
271.9
283.28
266.99
272.64
283.72
267.7
272.91
285.16
268.42
273.187488444
286.395712439
269.41
273.81
288.78
269.87
274.03
292.03
270.15
273.579213483
292.09
269.02
273.27
291.23
268.45
271.89
290.78
267.6
271.39
290.91
267.51
270.683877818
290.940927428
266.46
268.23
291.03
266.34
268.37
290.34
265.47
268.04
289.62
265.36
267.71
289.09
264.54
267.6
289.09
264.93
267.48
288.52
263.91
267.44
288.55
263.9
267.11
288.78
263.13
266.66
288.88
263.1
266.72
289.28
260.05
266.93
289.83
264.82
266.88
291.48
264.87
267.1
293.0
265.01
268.71
294.41
265.73
270.02
295.3
266.31
270.64
294.87
267.03
271.35
292.48
267.74
272.48
285.15
268.6
272.92
281.23
268.48
273.03
279.09
268.33
272.92
275.84
267.63
272.77
272.15
266.78
272.14
271.28
262.8
271.66
271.08
262.53
271.41
269.28
262.52
271.16
268.08
262.53
271.28
267.88
261.29
271.16
267.41
261.52
270.9
267.01
261.57
270.23
266.28
261.76
269.98
265.81
261.92
269.78
265.48
261.76
270.14
265.28
261.81
270.26
265.0
261.73
270.26
264.82
271.6
270.388063584
265.003424673
271.61
269.765446191
265.62
271.33
270.89
266.96
272.44
271.928917827
269.94
272.84
273.67
269.963511402
272.84
274.9
270.79
273.55
275.93
271.34
273.43
276.15
271.15
273.12
275.78
270.88
273.95
275.771528839
269.72
274.43
275.25
269.709830224
273.7
274.59
268.93
273.7
274.47
268.29
274.11
274.36
267.72
275.16
274.36
266.93
275.74
274.44
266.79
271.94
274.78
266.58
272.34
275.91
266.29
272.78
276.48
265.65
272.83
277.17
264.74
272.18
277.78
264.68
272.34
276.27
264.36
272.17
275.78
264.4
272.36
275.71
264.79
276.15
276.27
265.07
276.33
277.53
267.89
276.14
277.62
270.62
276.64
278.05
271.81
276.8
278.52
272.74
277.86
279.14
274.48
278.26
280.03
275.46
278.68
280.29
275.65
278.12
280.17
275.42
277.58
279.9
274.78
277.47
279.78
274.02
276.77
279.02
273.28
275.95
278.71
273.21
275.47
278.37
272.89
276.67
278.4
272.08
275.3
277.92
272.03
275.34
278.26
271.59
275.15
279.15
271.45
274.95
278.52
271.02
275.52
280.27
270.71
275.32
281.61
270.83
276.11
281.58
270.88
276.49
282.25
271.22
275.91
282.03
271.08
278.51
281.15
274.61
278.35
280.15
275.51
277.6
279.6
277.74
279.44
280.24
280.51
280.44
281.14
282.43
280.78
281.26
284.96
281.29
281.92
285.49
281.28
281.39
286.02
281.02
281.82
285.56
280.3
281.78
284.67
279.99
280.82
283.23
278.98
280.15
282.41
278.75
280.0
281.36
277.64
279.64
280.09
276.48
279.0
280.02
276.27
277.85
279.55
276.92
276.99
279.35
276.5
277.26
278.71
276.92
276.87
278.34
275.89
275.55
278.39
276.47
275.22
277.95
276.29
274.45
277.96
276.49
274.76
277.35
277.92
274.32
278.01
276.57
273.26
281.22
276.22
273.13
282.93
276.23
273.25
286.34
276.79
274.42
287.74
277.37
276.97
289.01
278.38
278.67
290.01
278.97
279.24
291.21
279.13
279.93
290.35
279.43
280.52
290.28
278.58
279.72
289.16
277.16
277.77
287.02
275.99
276.23
286.47
275.62
274.89
285.28
274.82
274.35
284.46
274.13
273.24
283.62
273.48
274.01
282.48
274.36
274.0
282.61
274.76
274.35
283.15
274.34
274.46
282.28
274.54
274.46
281.53
274.35
274.0
280.47
274.14
273.78
279.96
273.94
273.36
279.62
273.76
274.11
279.86
274.5
273.66
280.14
275.59
273.56
281.14
276.13
273.97
282.8
276.86
274.76
284.08
277.28
275.89
285.55
277.82
277.03
286.27
277.83
278.11
286.95
278.14
278.56
286.62
277.56
278.9
286.15
277.28
279.4
284.52
276.31
279.27
282.46
275.83
278.03
281.36
276.12
278.02
280.0
275.94
277.58
279.93
275.95
277.37
278.93
275.62
276.8
278.35
276.12
276.52
277.89
275.74
276.7
277.54
275.74
276.81
279.01
275.74
276.93
280.14
275.54
276.9
280.39
