284.79
286.376
293.501
285.95
287.084666667
295.351333333
285.95
287.496333333
296.479666667
286.4
287.314
295.839
286.41
287.923666667
297.557
286.79
287.939333333
297.506
286.05
287.647
295.897
286.4
287.765333333
296.365333333
286.4
287.575666667
295.275666667
286.01
286.7555
296.8055
286.01
286.776
294.842666667
285.86
286.166
295.499333333
285.42
285.532
293.5195
285.42
284.93
295.055
285.41
284.304
293.954
285.56
284.399
293.6115
285.55
283.532666667
292.257666667
285.48
283.387333333
291.662333333
285.48
283.587
291.8995
284.83
283.326666667
291.026666667
284.93
283.411333333
290.986333333
285.076493386
285.738
291.0005
285.29
285.075333333
290.942
286.01
286.654666667
290.938
286.4
287.5855
290.2855
287.03
289.381
290.497666667
287.07
290.528
290.061333333
287.06
289.385
289.36
287.11
291.295333333
289.012
285.85
290.915666667
288.399
285.38
290.4495
288.6245
285.38
290.098666667
287.732
285.59
289.661333333
287.678
286.02
288.5905
287.1405
286.31
288.364333333
287.247666667
286.33
287.504666667
286.871333333
284.73
286.8015
286.2765
284.43
285.889666667
285.973
284.23
285.134333333
285.451
283.85
285.27
285.095
284.01
284.217666667
284.517666667
283.86
284.056333333
284.106333333
283.86
284.074
286.149
283.16
283.853
284.919666667
283.17
283.811
286.144333333
283.39
285.0105
287.8105
284.0
284.554666667
288.888
284.77
285.340333333
290.407
284.676
285.396
290.546
285.88
286.425
292.525
285.87
286.724
293.124
286.66
286.3335
291.121
286.67
286.862333333
292.587333333
287.4
286.701666667
291.451666667
286.5
286.1035
289.3285
286.01
286.088666667
288.522
285.774
285.636333333
286.728
285.3
285.4535
286.441
284.4
284.911333333
284.144666667
284.3
284.638666667
283.355333333
284.27
284.924
283.224
284.0
284.465333333
282.215333333
284.0
284.564666667
281.864666667
283.35
284.29
281.565
283.33
284.514
281.197333333
283.57
284.364
280.880666667
283.56
284.2685
286.2435
283.65
284.100333333
284.033666667
283.65
283.986666667
287.503333333
283.754729902
284.5205
288.4705
283.65
284.191
292.774333333
284.14
284.509
294.575666667
284.13
284.475
294.525
284.77
284.910333333
296.943666667
284.92
284.993666667
297.510333333
285.25
285.3465
294.7965
285.24
285.34
296.456666667
285.26
285.603
294.836333333
285.27
285.056
292.856
285.16
285.589
291.355666667
284.59
285.312
289.495333333
284.78
285.305
289.7425
284.86
284.938
287.179666667
285.01
284.841
286.724333333
284.46
284.673
286.1855
284.58
284.599666667
285.758
284.68
284.455333333
285.247
284.32
284.189
284.8515
284.33
284.085333333
284.302
284.58
283.859666667
283.868
284.57
284.177
289.3395
284.27
283.770333333
286.937
284.3
283.906666667
290.44
283.88
284.756
291.306
284.46
284.654666667
295.688
285.14
285.266333333
297.433
285.14
286.1355
297.8355
286.39
286.661333333
300.028
286.15
287.444666667
300.878
287.17
287.1465
298.2215
287.18
288.290333333
300.240333333
287.39
288.352666667
298.752666667
287.16
286.6815
298.3065
286.5
287.321666667
296.471666667
285.92
286.228333333
295.678333333
285.64
286.398
295.3855
285.03
284.883666667
294.425333333
285.22
284.632333333
293.965666667
285.5
285.2005
293.2005
285.11
284.676
292.842666667
285.26
284.971
292.179333333
285.42
284.698
291.4105
285.41
285.182333333
290.782333333
285.31
285.098666667
290.048666667
285.31
285.5195
292.8695
284.27
285.267666667
290.951
284.27
285.520333333
292.587
284.27
286.1185
294.6185
284.27
286.256
296.122666667
284.82
286.739
298.022333333
284.83
287.5795
298.3295
284.15
287.943333333
300.76
285.44
288.664666667
301.598
286.14
287.701
299.251
286.14
288.984
301.150666667
285.6
288.582
299.865333333
285.48
288.202
297.827
285.49
287.792666667
296.792666667
285.8
287.405333333
295.005333333
286.27
287.7965
295.009
286.14
287.149666667
292.624666667
285.72
287.281333333
292.031333333
286.29
287.2635
291.6885
286.02
287.445
291.011666667
286.17
287.477
290.585333333
286.15
287.5135
290.476
286.15
287.544
289.944
286.15
287.579
289.729
286.15
287.5765
291.8015
285.73
287.624
290.824
285.72
287.634
292.134
285.73
288.311
293.511
286.62
288.098666667
294.798666667
286.63
288.553333333
296.153333333
287.72
289.2185
296.0685
288.07
289.603
297.903
289.17
290.198
298.298
289.04
289.886
296.586
289.045439968
290.783333333
297.683333333
289.06
290.773666667
296.673666667
288.25
289.7785
294.516
288.5
290.097333333
293.889
288.42
289.430666667
292.114
288.13
289.0865
291.5365
287.88
288.312333333
289.362333333
287.87
287.860666667
288.385666667
287.82
287.1415
288.079
287.83
286.779
286.879
288.0
286.149
286.349
287.84
286.2665
286.0915
287.85
285.387333333
285.470666667
287.41
285.255666667
285.122333333
286.31
285.4535
288.1285
286.3
285.212
286.662
285.93
285.3
288.55
285.94
287.3195
289.8445
286.26
286.763666667
291.930333333
286.26
288.139333333
293.422666667
289.51
289.5045
293.5045
289.572558175
290.883666667
295.467
290.64
292.252333333
296.019
290.66
291.304
294.329
290.438616441
293.445
295.628333333
290.19
293.269
294.685666667
290.08
291.7845
292.997
289.96
292.044666667
292.303
289.6
290.996333333
290.863
289.8
290.178
290.228
289.83
289.053
288.519666667
286.172
288.158
287.616333333
287.99
288.457
287.507
288.0
287.164
286.339
287.0
287.065
285.965
286.97
286.8455
285.833
286.89
286.786666667
285.378333333
286.63
286.607333333
285.165666667
286.99
286.7535
289.041
286.86
286.465666667
287.465666667
286.66
286.503333333
289.978333333
286.66
287.4935
291.6935
286.39
287.213666667
294.472
286.5
287.886333333
296.453
287.03
287.2965
296.334
288.01
288.39
299.015
288.38
288.221
299.596
288.36
287.017
297.9045
288.26
287.193
299.243
288.26
286.334
298.309
287.49
287.7645
296.027
287.14
286.142333333
295.542333333
286.15
286.809666667
293.709666667
286.14
285.676
292.851
285.78
286.943666667
290.693666667
285.52
286.410333333
289.510333333
285.57
286.441
289.1285
285.43
285.719666667
287.678
285.42
285.562333333
287.029
285.41
285.3625
286.65
285.01
285.219333333
285.911
285.01
285.033666667
285.442
285.16
285.275
289.9125
285.17
284.947
287.797
284.79
285.046
290.621
284.66
285.571
291.9335
284.87
285.528
295.261333333
285.88
285.911
297.077666667
285.87
286.469
296.8065
286.53
286.793666667
299.318666667
286.1
287.293333333
299.743333333
283.15
286.557
297.7945
286.32
287.468666667
299.010333333
286.79
287.144333333
297.852666667
285.97
287.583
295.9455
286.41
287.004333333
295.037666667
285.91
287.188666667
293.380333333
286.15
287.045
292.695
286.28
287.338666667
290.713666667
286.4
287.304333333
289.704333333
286.57
287.414
289.6015
286.87
287.331666667
288.29
286.89
287.393333333
287.885
286.9
286.5395
287.6895
285.75
286.906333333
287.214666667
285.76
286.357666667
286.949333333
285.131180124
286.8455
291.158
285.02
285.951333333
289.401333333
285.16
286.093666667
292.118666667
285.04
286.257
293.057
285.43
286.392333333
296.367333333
286.29
286.548666667
297.898666667
286.29
286.468
297.4055
286.323972028
286.703333333
299.611666667
286.64
286.701666667
299.793333333
286.52
286.561
297.9985
286.52
286.605666667
298.839
286.52
286.511333333
297.703
286.14
286.315
296.5025
285.14
286.254666667
295.388
284.77
286.092333333
294.209
284.51
285.686
294.2485
284.58
285.605
292.663333333
284.67
285.28
292.296666667
284.58
285.02
291.9575
284.31
284.673333333
291.581666667
284.43
284.391666667
291.233333333
284.43
284.215
291.0275
283.45
283.898333333
290.631666667
283.46
283.686666667
290.378333333
283.3
283.8605
291.623
283.31
283.520333333
290.870333333
282.85
283.565666667
291.615666667
283.04
284.517
293.3795
283.17
284.260333333
293.785333333
283.43
284.909666667
295.209666667
283.78
283.833
295.583
283.9
285.057666667
297.357666667
284.17
284.556333333
298.081333333
284.42
284.9245
296.4245
284.63
284.133333333
297.941666667
285.05
284.211666667
297.078333333
283.83
283.3795
295.0045
283.28
283.761333333
294.544666667
283.03
283.232666667
292.874333333
282.28
283.3125
292.5875
282.05
282.581
290.456
281.9
282.458
289.708
282.15
282.6055
289.8305
282.15
282.392333333
288.792333333
282.29
282.449666667
288.624666667
282.3
282.537
288.5245
282.42
282.584333333
288.334333333
282.42
282.661666667
288.211666667
282.32
282.784
290.834
282.32
282.846333333
289.796333333
281.62
282.953666667
291.503666667
281.65
283.368
293.3555
282.15
283.373
295.014666667
282.29
283.685
296.818333333
283.89
284.2425
297.1175
284.05
284.472666667
299.422666667
284.72
284.948333333
300.223333333
285.16
284.6265
298.389
285.38
285.368
300.068
285.27
285.312
299.112
284.71
284.8305
297.1805
284.29
284.916333333
296.549666667
283.15
284.576666667
294.943333333
283.29
284.221
294.896
283.28
283.886666667
292.77
283.26
283.536333333
292.203
283.01
283.937
292.0615
283.01
283.336333333
291.352666667
283.16
283.486666667
291.069333333
283.16
282.9125
290.7625
282.15
283.304333333
290.487
282.16
282.971666667
290.188
282.01
283.0795
292.979
282.01
282.6
291.65
281.78
282.561
293.411
281.86
283.629
295.4915
282.04
283.221
297.146
282.05
283.92
299.12
282.64
284.386
299.3235
282.64
285.162666667
301.887666667
283.49
285.706333333
302.681333333
283.5
285.2425
300.33
283.27
286.122
302.172
283.15
285.994
300.869
283.26
285.7625
299.0
282.95
285.669
297.885666667
282.92
285.472
296.205333333
282.79
284.875
296.1
282.42
284.811333333
293.894666667
282.45
284.347666667
293.264333333
281.64
284.1605
293.1355
281.72
283.604666667
292.338
282.15
283.325333333
292.042
281.81
283.4835
291.696
281.86
283.058333333
291.416666667
280.73
283.070666667
291.087333333
280.73
282.896
293.6585
279.96
282.970666667
292.362333333
279.98
282.858333333
293.966666667
280.42
283.294
295.9815
280.45
282.999
297.449
282.29
283.252
299.327
282.3
284.3275
299.0275
283.76
284.306333333
301.631333333
283.75
285.107666667
302.057666667
284.77
283.678
300.328
284.76
285.223
301.473
284.84
284.537
300.462
284.17
283.9255
299.038
283.29
283.214666667
298.164666667
282.28
282.578333333
296.878333333
281.76
282.1655
296.628
281.52
281.454666667
294.996333333
281.5
280.967333333
294.400666667
281.0
280.733
294.133
281.28
280.161333333
293.428
282.13
279.842666667
293.051
281.96
279.7115
292.699
281.93
279.330333333
292.313666667
281.8
279.136666667
291.953333333
281.78
279.3435
293.706
280.78
279.016333333
292.641333333
280.8
279.089666667
293.689666667
281.03
280.6925
295.7425
281.16
280.256
296.456
281.77
281.349
298.174
281.76
281.98
298.005
283.05
283.227
300.352
283.6
284.012
300.812
284.16
283.7025
299.365
284.28
284.852333333
300.460666667
284.16
284.907666667
299.649333333
284.18
284.0825
299.3325
283.49
284.431333333
298.356333333
283.03
283.899666667
297.874666667
283.45
283.8145
297.7645
283.16
283.134
297.159
283.28
282.9
296.925
283.48
282.951
296.1635
283.46
282.622
296.105333333
283.31
282.578
295.519666667
282.42
282.4035
294.466
282.42
282.403
294.036333333
282.63
282.272
293.138666667
282.63
282.967
294.6795
282.39
282.560666667
292.969
282.38
282.980333333
293.697
282.05
284.159
295.334
282.03
284.325666667
295.759
282.48
285.251333333
297.093
282.48
284.832
296.632
283.59
286.206
298.564333333
283.62
286.235
298.701666667
285.04
286.2895
297.577
285.03
286.31
298.135
285.04
286.356
297.431
285.3
285.8835
296.1335
285.58
286.102333333
295.627333333
285.26
285.802666667
294.527666667
285.71
285.825
294.4375
285.45
285.418
293.001333333
285.57
285.333
292.574666667
285.65
285.418
291.5305
285.66
285.276333333
291.309666667
285.82
285.304666667
290.471333333
285.82
285.405
289.88
285.5
285.409333333
288.959333333
285.51
285.485666667
288.285666667
285.82
285.344
290.4315
285.81
285.493
288.818
284.2
285.424
290.024
284.19
286.257
291.5695
284.32
285.887333333
292.662333333
285.09
286.419666667
294.094666667
286.17
286.374
293.7115
286.24954698
287.099
295.749
286.94
287.246
295.971
287.83
287.1385
293.7635
287.83
287.370333333
294.795333333
287.4
287.347666667
293.397666667
287.41
285.7615
291.499
285.41
286.26
290.268333333
285.62
285.195
288.536666667
285.39
284.9345
288.2345
285.38
283.601333333
286.026333333
285.13
283.072666667
285.247666667
285.12
283.328
285.278
284.57
282.538
284.229666667
284.56
282.532
283.990333333
284.28
282.9565
283.4815
284.27
282.807
283.332
284.14
283.088
282.913
284.13
283.273
286.923
284.03
283.586
285.027666667
284.06
283.803
287.561333333
284.494872683
284.139
289.0515
283.63
284.316333333
291.933
284.29
284.612666667
293.771
284.27116129
285.159
293.884
283.97
285.372
296.297
283.829282723
285.835
296.985
284.52
285.7095
294.372
284.49
286.368666667
296.160333333
284.49
286.439333333
294.647666667
284.59
286.3495
293.1995
284.49
286.473666667
291.665333333
284.47
286.437333333
290.195666667
284.78
286.033
289.883
284.65
286.119333333
288.027666667
284.39
285.837666667
287.329333333
284.43
285.7975
287.21
284.01
285.435333333
286.318666667
283.72
285.314666667
286.006333333
283.72
285.0375
285.6125
283.58
284.969
285.327333333
283.57
284.744
284.960666667
283.28
284.2795
286.4045
283.27
284.134333333
285.434333333
282.4
283.749666667
286.274666667
282.63
283.7295
287.442
282.64
283.223333333
288.173333333
282.68
283.081666667
289.231666667
282.95
282.967
289.2295
283.00474259
282.816333333
290.641333333
283.17
282.692666667
290.992666667
283.0
282.695
289.22
283.94
282.529333333
290.279333333
283.83
282.489666667
289.214666667
283.6
282.0305
287.318
283.61
282.130666667
286.530666667
282.81
281.811333333
284.911333333
282.64
281.395
284.245
282.51
281.108
282.308
282.27
280.724
281.324
281.84
280.4775
280.615
281.57
280.047666667
279.539333333
281.42
279.755333333
278.738666667
281.55
279.508
278.4455
281.53
279.200666667
277.475666667
280.71
278.938333333
277.013333333
280.7
278.6155
279.4405
279.38
278.373333333
278.015
279.39
278.070666667
279.479
279.426360636
280.474
281.0865
279.47
279.269333333
282.502666667
280.36
280.770666667
284.062333333
280.35
280.482
284.482
282.14
282.58
286.421666667
282.92
282.888
287.221333333
283.82
282.6055
285.093
283.82
283.110333333
286.868666667
283.94
283.024666667
285.716333333
283.71
281.727
284.3395
282.28
282.045333333
283.262
281.61
281.151666667
281.96
281.42
281.399
282.2365
281.41
280.125
280.408333333
281.14
279.992
280.158666667
281.58
279.62
280.22
281.44
279.566666667
279.866666667
281.02
279.274333333
279.824333333
280.75
279.297
279.672
280.77
278.899666667
279.666333333
281.01
278.817333333
279.550666667
281.12
278.933
281.783
281.14
278.784666667
280.884666667
281.13
278.834333333
282.334333333
280.912972226
280.5135
284.1885
280.95
280.02
285.503333333
281.62
281.156
287.222666667
282.07
281.5225
287.4975
282.07
282.915
289.698333333
282.17
283.538
290.454666667
283.04
283.4015
289.3265
283.04
284.277666667
290.711
283.03
284.394333333
290.211
283.03
283.8995
289.487
282.7
284.22
289.061666667
282.69
283.929
288.412333333
282.64
284.1455
288.058
282.39
283.685333333
287.310333333
282.27
283.732666667
286.857666667
282.15
283.696
286.7335
282.27
283.771333333
286.171333333
282.26
283.762666667
285.937666667
282.43
283.811
286.061
282.41
283.783333333
285.708333333
282.3
283.812666667
285.712666667
282.31
284.0315
287.419
282.44
283.997666667
286.856
282.44
284.153333333
287.995
282.613327976
284.4775
290.34
282.38
284.577
291.077
282.38
284.845
293.02
282.472111571
284.858
292.983
283.27
285.211
295.586
283.61
285.309
296.209
283.82
285.023
295.298
284.05
285.249
296.432333333
284.00151678
285.091
296.032666667
284.05
285.3245
295.5245
284.18
285.036
295.161
284.03
285.139
294.689
284.77
284.835
294.4225
284.77
285.073666667
293.882
284.65
284.905333333
293.547
284.44
284.8835
293.671
284.73
284.666333333
293.183
284.73
284.595666667
293.154
284.73
284.752
292.9395
284.85
284.605666667
292.972333333
284.73
284.686333333
292.819666667
281.85
284.872
292.3845
284.44
284.917666667
292.326
284.44
285.068333333
291.985
284.28
285.6365
293.549
284.07
285.648
292.573
284.529124823
286.077
293.502
284.61595645
285.9425
292.63
285.06
286.559333333
294.159333333
285.18808413
286.612666667
293.887666667
285.63
286.059
290.8965
285.970686275
286.314666667
291.531333333
285.98
285.963333333
289.446666667
284.85
285.319
289.8815
284.88
285.065333333
286.957
283.38
284.518666667
286.552
283.4
284.5075
286.595
282.91
283.782333333
286.040666667
282.92
283.592666667
285.934333333
282.49
283.51
285.7975
282.676446281
283.284666667
285.701333333
282.42
283.166333333
285.574666667
282.4
282.9655
285.2905
282.71
282.874666667
285.216333333
282.71
282.701333333
284.984666667
282.57
282.7565
285.194
282.55
282.507
284.815333333
282.02
282.486
284.877666667
282.026811952
283.173
285.948
282.06
282.916
285.674333333
282.288285585
283.367
286.408666667
283.18
283.7505
286.6505
283.19
284.224
287.549
282.882715328
284.63
287.955
282.644
284.5435
287.1935
282.903194967
285.113666667
287.988666667
283.85
285.191333333
287.616333333
283.84
285.2625
286.9125
283.5
285.342333333
286.650666667
283.46
285.415666667
286.057333333
283.88
285.1485
285.911
284.12
285.335333333
285.168666667
284.25
285.181666667
284.873333333
284.36
284.983
284.308
284.13
284.844333333
284.102666667
284.25
284.660666667
283.627333333
284.25
285.017
282.267
284.2
284.653333333
282.086666667
285.53
284.829666667
281.021333333
285.52
285.6525
284.3525
285.42
285.613333333
281.821666667
285.36
286.220666667
283.687333333
285.49962129
285.9525
285.5525
284.97
286.851666667
287.418333333
285.6
286.875333333
289.283666667
285.55288231
286.8995
288.837
286.41
286.923
291.473
286.26
286.947
291.797
287.233410937
286.278
289.278
287.67
286.533
290.549666667
287.91
286.095
288.978333333
285.86
286.109
287.7465
285.19
285.520333333
286.062
284.9
285.383666667
284.717
285.47
284.878
284.028
285.03
284.864333333
282.464333333
284.751049577
284.481666667
281.556666667
284.52
284.164
280.739
284.05
283.759666667
279.801333333
283.45
283.420333333
278.953666667
283.47
283.081
278.731
283.15
282.741666667
277.675
282.87
282.402333333
277.244
282.57
281.9345
280.7345
282.72
281.638
278.996333333
282.29
281.213
281.179666667
281.52
283.1695
282.532
281.52
281.950666667
284.992333333
281.52
283.113333333
286.621666667
282.223028757
283.314
286.864
282.751
284.797333333
288.955666667
283.336223612
285.318666667
289.660333333
284.41
284.785
287.21
284.41
285.658
288.966333333
283.759767285
285.476
287.567666667
283.51
283.425
286.35
282.16
283.866
284.891
282.16
282.438
283.613
281.41
282.6135
284.051
281.41
280.651
282.201
280.17
280.292
282.067
280.0
280.137
281.3245
280.12
279.71
281.393333333
280.09
279.487
280.853666667
279.28
279.118
281.118
279.28
278.943666667
280.310333333
279.071904762
278.623333333
280.306666667
281.16047283
278.4285
283.0035
282.232
278.066333333
282.099666667
279.38607988
277.829666667
283.896333333
281.477804747
280.0355
285.7855
277.701333333
278.984666667
287.551333333
279.009666667
280.376333333
289.409666667
279.3885
280.926
288.5385
281.006666667
282.598333333
291.306666667
281.695333333
283.428666667
291.345333333
281.056
282.881
289.431
282.187333333
284.170666667
290.120666667
281.990666667
284.082333333
288.857333333
281.89047766
282.6265
287.064
281.62
282.994
285.977333333
281.27
281.994
284.360666667
281.54
281.9005
282.7505
281.29
280.598333333
281.131666667
281.4
280.202666667
279.519333333
281.41513685
280.535
278.96
281.062532698
279.896666667
276.996666667
281.58
279.986333333
276.086333333
281.57
280.1
275.9625
281.58
280.181666667
274.79
281.59
280.287333333
274.404
281.15
280.7335
279.5085
281.16
280.725666667
277.292333333
280.7360625
281.058333333
280.566666667
281.02
281.0235
282.461
280.28
281.478666667
286.195333333
280.5
281.566333333
288.549666667
280.534003478
283.354
288.7665
280.71
282.875
291.833333333
281.45
284.096
292.762666667
282.7
283.156
290.4935
283.38
285.097333333
292.489
283.27
284.877666667
291.286
282.38
283.4215
290.3215
281.6
283.614
289.039
281.03
282.57
287.995
280.76
281.899
287.8615
280.52
280.730666667
286.514
279.77
279.935333333
286.077
279.42
279.567
285.867
278.990957429
278.629333333
285.354333333
278.86
278.118666667
285.068666667
278.86
277.7705
284.933
278.54
277.205666667
284.597333333
278.57
276.803333333
284.411666667
276.09
276.5
286.6
276.15
276.064666667
285.623
276.65
275.728333333
287.02
275.96
278.653
289.8405
276.43
277.229666667
290.763
278.07
279.067333333
293.109
266.15
279.1605
293.098
267.15
281.579666667
296.229666667
269.788296029
282.254333333
297.004333333
282.97
281.346
295.921
283.42
282.548333333
297.315
283.18
282.167666667
296.851
281.84
281.025
295.7625
280.06
280.898333333
295.506666667
279.15
280.009666667
294.626333333
278.54
280.233
294.883
277.79
278.973666667
293.623666667
277.53
278.826333333
293.501333333
277.01
278.59
292.7775
277.04
278.472333333
292.855666667
278.05
278.265666667
292.332333333
278.055481917
278.111
288.711
278.07
277.887
289.220333333
276.208030675
277.715
286.631666667
278.35
277.108
286.608
278.229210526
277.081
283.164333333
278.08
276.619
282.285666667
277.46612537
277.0195
283.557
276.52
276.27
281.961666667
276.656284622
276.383
282.516333333
279.41
276.9885
282.6635
279.375651185
276.937333333
283.354
279.285325592
277.378666667
283.637
280.52
276.6875
282.15
280.610507416
277.506333333
283.023
280.86
277.192666667
282.126
280.357975709
276.4805
280.943
279.62
276.299666667
280.141333333
278.54
275.720333333
279.053666667
278.516006381
275.691
278.8535
278.05
274.928333333
277.47
277.766793103
274.715666667
276.974
277.74
274.7285
276.5785
277.339947896
274.440666667
276.049
275.502973948
274.378333333
275.62
276.48
274.3565
275.169
276.323695652
274.280666667
274.747333333
276.08
274.245333333
274.303666667
275.884096015
274.185
274.9975
275.47
274.158
274.174666667
273.735004151
274.106
274.489333333
