281.67
283.011335188
279.252114262
281.671666438
284.21
280.29
281.68
283.498237885
278.807843208
281.626981605
283.68
280.82
281.34
282.961712836
279.467751853
281.079493359
281.93
277.71
281.91
282.172863123
277.057088502
281.85245429
282.53
276.19
281.56
281.096677686
274.822493812
281.619917796
281.0
276.07
281.89
280.648739994
275.842298375
280.868473171
280.2
275.58
281.4
279.954501503
275.842012299
281.269913781
279.65
276.14
280.64
279.730361725
275.831958117
280.598215937
278.35
276.56
280.41
278.18542699
277.222047493
279.915398996
277.96
278.05
277.65
277.53382263
279.169361115
277.52234752
276.92
280.63
276.99
277.877113384
282.93414679
277.226059238
278.13
285.21
278.33
278.71645575
286.831774744
278.884945554
279.55
288.89
279.99
279.69072273
289.512536232
279.9671367
279.89
290.31
279.83
279.532124592
290.033340136
279.772411022
279.25
291.19
279.35
279.155043478
289.789454118
279.274498715
278.99
287.63
279.74
278.864697654
281.25
279.553238963
278.72
281.209686187
278.75
278.731868576
276.89
278.29
278.39
276.21
277.406907941
278.39
276.204008445
273.53
278.743091922
274.92
273.21
278.55
274.42
273.0
278.700803622
274.35
274.185945833
278.8
274.342472722
273.34
278.842131304
273.945765188
274.211647458
278.89
273.53
277.74
279.159660955
273.222527519
277.484079602
279.34
274.63
276.34
279.371944362
276.31
276.977164522
279.41
276.331529412
278.35
280.29
278.34
279.02
280.501715481
280.31
279.86
281.67
280.32443755
279.912212664
282.61
280.97
280.18
282.703093768
281.280787811
280.105330456
282.81
281.61
280.94
282.440995816
281.368246617
280.902984242
282.03
281.12
280.73
280.955447166
280.052287946
280.661367509
280.42
282.23
280.35
280.23170534
282.49
279.861443454
280.03
282.473057724
280.12
279.9
282.6
279.94
279.62
282.73
278.81
279.614792123
282.670047145
278.913533096
279.25
283.06
279.39
279.409253964
283.55
278.882220521
279.58
283.487108737
279.39
279.804274515
282.2
279.496992013
280.04
282.192849122
279.94
280.195676845
281.362424561
279.863823696
280.11
281.22
279.51
280.387053571
280.384765298
279.698974369
280.75
279.39
279.83
281.55
279.14
280.67
281.575653272
279.126997018
280.867963145
281.97
279.01
282.03
282.734436775
278.399041569
282.02839952
283.75
277.66
282.02
283.438561722
277.938818607
282.064830787
283.35
278.02
282.37
283.167011626
277.808460655
282.32385343
282.87
277.5
283.37
282.787949446
277.042979719
283.334743645
282.67
276.45
283.16
282.116250038
275.381895864
282.236819504
282.68
275.92
278.42
282.711475096
275.853757875
279.658482254
282.75
275.78
278.43
282.932194922
275.798407906
278.558215135
283.17
275.82
279.14
283.424639206
275.48
279.180745239
283.94
275.478784324
279.36
283.62530422
274.567392466
280.096147059
283.26
274.91
281.87
283.26441669
275.221457427
281.686656809
283.27
275.58
280.84
282.693154287
276.592350036
280.905349315
283.54
277.55
281.19
283.848837209
278.70970741
281.136498458
284.22
279.97
282.55
284.678957107
280.565991073
282.577656401
285.24
281.23
282.72
283.824973822
279.531670464
282.475004897
283.88
280.07
281.18
282.931383399
278.720317125
281.063981211
281.78
277.22
281.14
281.177596423
276.402143855
280.894319094
280.48
275.53
279.75
279.757793103
273.16
279.91
279.42
272.81
275.38
279.54
271.73
275.44
279.458384615
271.535008902
275.401894707
279.26
271.28
275.22
279.080272456
271.47
276.171638362
278.88
271.427343022
274.35
279.18734812
271.565458052
275.229746336
279.52
271.66
279.13
279.048891134
271.082964942
278.943167702
279.32
272.05
278.17
279.296408254
272.819686848
278.25302719
279.27
273.61
278.67
279.52
276.43
279.18
279.514468665
276.883684449
279.127420147
279.48
279.07
279.84
279.838324339
280.3272602
279.841688889
280.26
281.69
279.85
280.161761078
280.068503597
279.683196159
280.04
281.78
278.85
280.089835255
280.23275247
278.953641557
280.15
278.52
279.74
280.200696475
277.969829635
279.628322109
280.26
277.38
279.14
279.97
277.07
279.11
279.88
276.57
275.41
280.12
276.38
275.45
279.92
276.4
275.67
279.744380952
276.38
275.488136111
279.28
276.383659622
274.73
278.47001554
276.66
274.41
278.63
276.24
277.96
278.066712329
276.249472805
277.870916717
277.54
276.27
275.3
277.346014666
279.64
275.365377545
277.13
279.644544295
275.65
277.96314496
284.22
277.36
277.91
284.315172057
277.806365532
279.23
286.64
279.84
280.283822818
286.789576408
279.901066593
281.49
288.82
280.18
281.972347289
289.357435756
279.934971617
282.51
289.91
279.68
282.150256959
289.1206945
279.364897119
281.71
288.23
277.73
279.703354067
286.955730038
277.75925145
279.01
286.44
277.92
278.886504813
286.258448032
277.774878034
278.74
286.06
277.11
277.8
286.1
273.63
277.581286402
286.37
274.368679968
276.37
286.361605911
272.92
276.057965512
286.17
273.425089552
275.73
286.170603306
274.746544776
275.921682361
286.206801653
272.61
275.59
286.71
272.31
275.633364486
286.38
273.36864008
275.75
286.403530945
276.64
276.238503211
287.92
276.63
276.74
289.23
277.47
277.410325581
289.54580543
277.787156863
278.03
289.86
279.32
279.248631078
290.120179752
279.229270568
280.88
290.44
280.5
281.862983871
290.758140472
280.63432459
283.26
291.17
281.34
282.780992861
288.69522093
281.238317985
284.52
290.08
280.72
283.572171915
287.962409459
280.502259131
282.3
285.37
280.11
281.626383791
284.351223951
280.000641429
280.75
283.15
279.54
279.078150669
282.69
279.52
281.12
282.63454026
279.632065541
281.35
281.33
280.13
281.09
280.3
280.35
281.01
279.79
280.62
281.044761431
279.08
280.166454545
281.14
279.044035011
275.07
281.528988795
277.63
276.1272408
281.94
277.627089552
280.73
280.269809483
277.336044776
280.520338137
281.45
277.41
279.64
281.404220916
278.326842693
279.681667739
281.35
279.32
280.52
283.23
280.65
280.17
283.333384161
281.16
280.347717004
284.36
281.168083744
282.01
284.674071114
281.2706663
281.94981337
285.01
281.38
281.67
284.835297872
281.141831711
281.753634735
285.79
281.42
282.14
285.648195364
280.842819347
281.716754342
285.49
280.25
281.93
285.207833774
279.548441721
281.895822157
284.89
278.82
281.74
285.16
277.21
282.12
285.138869497
276.83
282.209448643
284.64
276.818985426
282.59
282.868898693
275.52
282.48
283.99
275.1
283.09
283.11
274.31
282.61
282.777009852
274.007137554
282.565733788
283.51
273.76
282.37
283.54
272.48
282.28
283.43
272.99
281.49
283.491181263
274.014854369
281.553893929
283.67
276.63
281.84
283.320174727
279.367350957
282.225395816
283.95
281.62
283.87
284.594492386
284.15
283.771177944
285.29
284.156204082
283.86
285.844863071
285.77
284.662538345
286.43
285.768654857
288.27
286.079082099
285.41
287.793525387
285.97
285.40930474
285.55
285.658451128
280.610688525
285.070773099
285.31
280.32
284.94
284.99
278.34
284.92
284.82
277.8
285.17
284.7
277.24
285.59
284.26
277.05
286.18
284.6
276.64
286.21
284.608547903
276.340104161
286.162871622
284.48
276.4
285.94
284.938992259
276.18
285.225445705
285.45
276.173502496
285.42
285.14
275.63
285.19
285.23
274.56
284.36
284.989170213
275.42
283.36
285.15
278.81
283.358123393
284.64
278.844647766
283.35
283.0
285.35
282.02
283.004145425
288.04
282.32
283.15
290.38
284.01
283.500376532
290.58220939
283.863536277
284.12
292.13
283.18
284.337836003
292.55739427
282.621118551
284.59
293.01
282.85
284.11221651
291.379679342
282.387179133
283.56
289.66
280.29
282.411170309
284.33637594
280.116948089
281.45
283.86
279.33
280.06
281.79
279.3
280.01
281.53
278.89
280.08
281.02
275.55
279.95
280.77
275.5
279.93
280.14
275.73
280.08
280.24
276.29
279.91
279.85
276.14
279.79
279.77
275.84
279.67
279.64
276.23
279.92
279.08
279.75
279.72
280.37
279.55
279.62
284.26
278.66
279.46
290.28
278.49
279.46
292.56
278.46
279.49
294.98
278.83
280.54
296.43
279.17
280.518830918
297.1
279.315749253
281.27
297.099971359
279.99
282.15
297.0
280.31
282.03
296.58
280.48
281.671502276
295.940626894
280.129828892
280.78
294.55
278.46
279.952738636
290.79
278.365617118
279.6
290.784792291
277.95
278.64
290.03
277.96
278.63
289.71
278.11
278.12
288.78
275.01
277.98
287.41
274.67
277.99
286.55
274.83
277.54
285.44
274.05
277.415398761
284.5
274.842863389
277.14
284.477351351
273.4
276.938741985
283.529221113
273.448627239
276.58
281.95
274.99781362
276.789509987
282.597685003
275.72
276.411413539
283.55658677
275.972410182
276.26
284.81
276.292705091
277.393641937
288.198035361
276.49
277.685731932
290.0926822
276.941040864
278.67
293.34
278.31
279.198439883
294.227950418
278.355851268
280.19
297.01
278.195387687
280.110652147
296.552650177
279.47
279.830326074
295.276325088
279.421150261
279.79
294.66
277.431025434
279.614428626
294.332863763
279.15
278.740214313
293.249431881
279.079852427
277.7
291.76
277.707836735
277.663659686
291.666068467
278.34
277.456329843
291.357534233
277.482074806
276.73
289.36
273.1
276.662747253
289.092258022
273.207682927
276.37
288.23
272.73
276.300065898
287.65
272.693317157
276.07
287.649458608
272.53
276.39
287.44
272.45
276.38
287.56
272.3
276.376917336
287.2
272.56
276.37
287.38
276.49
276.37384832
287.832884344
276.522953918
276.41
288.87
276.66
277.213355104
294.23
276.821891777
277.47
294.245651441
277.5
279.12
295.39
272.16
279.121434156
295.356203121
273.176401662
279.64
295.14
278.33
279.934722341
293.57
277.735177903
280.26
293.521143169
278.33
280.038345245
291.861145833
278.092881002
279.8
290.17
276.98
279.04374111
287.968937387
277.083952281
278.6
287.2
277.56
278.23468781
284.26
277.228552504
277.84
284.226371173
277.15
277.52
283.43
276.9
277.48
282.74
276.9
277.476932976
282.557324659
276.851187938
277.27
281.76
276.63
277.223301695
280.696065217
276.45077314
277.17
279.58
276.67
277.070072252
279.040767519
276.490173729
276.95
278.45
275.74
276.976187427
281.042215909
275.549914894
276.24
279.96
274.81
276.24
282.436755011
275.465705036
276.24
285.14
276.83
277.71
287.54
277.66
277.75678392
290.04
277.854515242
278.41
290.197187432
278.14
279.075117845
293.51
278.48
279.77
293.550542495
278.392186916
280.26
294.84
278.31
280.050146017
294.08
278.14
279.82
293.01
276.96
278.365134205
292.929392216
276.88838627
278.33
291.97
276.56
278.014400853
291.44
276.168208102
277.67
291.446356075
276.34
276.51
291.26
276.63
276.43
289.86
276.63
276.285081659
289.724443048
276.677998861
275.94
288.43
276.88
275.42
286.46
276.14
275.353132724
284.57
276.12
275.43
283.25
276.14
275.1
282.29
276.14
274.36
282.08
276.14
274.5
285.22
276.13
274.04
286.95
276.54
274.734690152
287.346950084
276.826443206
276.51
289.17
278.15
279.44
290.73
277.84
280.63
291.55
277.99
281.29
291.6
278.99
281.44489332
291.591767637
278.681854251
281.92
291.57
279.13
281.373917755
290.200393165
278.545591472
280.77
288.8
276.08
278.760384615
284.62
276.162348281
279.37
284.619670893
276.52
278.16
282.31
276.48
278.18
280.93
276.68
277.92
279.85
277.37
277.9
278.93
277.11
277.839733051
278.842408163
277.205229122
277.78
277.95
277.62
277.7
276.61
277.87
277.66
276.18
277.63
277.47
275.71
277.86
277.431910244
275.37
277.210915819
277.18
275.38937709
277.15
277.59
276.66
277.13
277.73
278.07
277.65
278.96
279.58
278.33
279.002056663
280.75
278.82
279.92
280.786997726
278.461289496
280.14
281.97
278.82
280.428605256
283.24
278.727843219
280.76
283.236405773
278.31
279.599913779
282.54
278.31
279.93
282.526574632
278.31
279.544617968
279.45
277.823580645
279.14
279.381454545
278.54
279.69
277.42
279.12
279.81
277.01
278.96
280.01
276.25
278.93
279.86
275.53
273.31
280.26
275.11
273.64
280.15
274.37
273.53
279.58
273.4
273.53
279.22
273.01
273.43
279.41
273.33
273.28
279.59
272.38
273.49
279.53
272.15
278.95
279.446829948
273.8
278.735424016
279.44
273.856048139
277.84
279.617110149
279.07
278.01
279.8
279.174209115
278.252624221
280.16
280.88
279.67
280.322171629
282.129599483
279.558684949
280.56
283.75
280.66
280.716231075
285.22
280.749072464
280.9
285.214398455
281.15
281.175489401
284.64
281.045403484
281.52
284.628801664
280.56
281.293373076
280.97
280.09385338
281.05
280.947508306
280.35
281.26868864
278.08
280.386235579
281.5
278.063397683
280.54
280.97
276.73
280.36
280.954758384
276.2
280.08
280.58
275.73
280.87
281.08
275.33
281.09
279.89
275.2
281.67
279.68
274.8
280.61
279.633389497
274.9
280.65182115
278.75
274.899384703
280.84
277.86
274.36
280.73
277.75
275.14
279.5
277.728491175
279.21
279.64
277.68
281.48
279.76
278.98
284.12
280.07
280.18
285.21
281.85
281.2
286.38
282.19
281.96
286.88
282.16
282.35
287.09
282.2
284.9
286.69
283.04
284.766851283
285.94
283.07
286.18
284.21
282.97
281.86
283.08
282.03
281.56
282.21
282.36
281.87
281.63
282.36
281.93
281.43
281.16
281.04
281.52
280.77
280.84
281.21
280.41
280.09
280.96
280.43
278.64
279.23
279.92
278.83
277.93
280.18
278.68
277.05
280.19
278.72
276.5
279.91
278.52
275.45
279.94
278.77
275.46
277.78
278.78
277.02
277.2
278.58
278.46
277.53
278.83
279.23
277.51
279.17
279.69
277.99
280.11
280.54
280.56
281.01
282.76
280.02
281.13
283.04
281.16
281.3
283.32
281.15
281.54
283.75
281.0
281.68
283.78
281.0
281.67
282.48
279.5
280.24
280.33
279.35
278.88
278.66
276.73
277.17
278.02
276.13
276.71
277.49
276.32
276.0
276.75
275.51
275.51
276.73
270.95
275.07
276.27
271.3
275.39
275.56
271.79
275.15
275.61
270.93
274.36
275.78
271.03
274.46
275.12
270.52
274.28
274.67
270.18
274.15
274.51
275.34
274.08
274.81
275.31
274.83
278.35
276.11
275.62
281.61
277.16
277.05
284.82
277.5
278.98
287.02
278.33
280.72
288.95
279.33
281.81
289.71
279.69
282.42
290.14
280.34
283.62
290.29
280.34
283.32
290.41
280.34
282.88
287.73
280.18
281.77
284.55
280.19
280.55
283.1
280.55
278.71
282.31
280.55
278.86
282.61
280.14
278.33
282.03
279.92
278.26
282.37
275.05
278.03
282.16
274.53
277.31
281.11
273.53
276.77
280.59
273.36
276.59
279.82
279.91
275.97
279.27
279.89
275.67
279.06
279.16
275.72
278.44
279.13
275.99
278.84
277.49
275.72
280.37
277.31
275.91
282.04
277.28
277.94
283.14
278.96
280.66
284.56
282.36
282.7
285.55
282.36
284.79
285.83
282.4
285.51
286.02
283.73
286.59
286.34
283.62
286.91
285.94
283.04
286.13
284.68
281.69
284.67
282.79
279.74
283.36
281.69
280.14
281.9
280.68
279.53
280.72
279.98
279.12
279.97
279.33
279.08
279.19
278.77
279.36
278.35
278.13
279.12
277.92
277.16
278.36
277.84
276.22
278.22
277.64
275.91
277.7
276.73
275.47
277.94
276.8
275.42
276.93
276.14
274.92
277.16
276.36
275.68
276.17
276.391984187
279.94
276.27
276.46
282.73
277.17
278.24
285.16
279.7
281.7
287.45
280.14
283.37
288.23
283.86
285.64
289.51
285.68
287.99
290.04
285.71
289.6
289.75
285.58
289.78
289.19
284.56
288.7
286.58
284.61
287.32
284.68
281.5
285.64977187
282.89
281.030420168
284.91
282.867590261
278.96
284.238705394
280.64
278.831516076
283.53
280.600824321
278.53
281.67
278.73
279.63
280.79
277.66
278.94
280.720841111
277.37285214
278.971253197
279.42
276.94
279.12
279.65
275.08
279.11
280.33
274.7
279.4
280.458827888
274.587668525
279.462588424
280.79
274.33
279.74
279.900172414
275.943207547
279.804078511
280.65
275.89
280.14
280.99
283.41
280.12
281.61
285.83
280.49
282.84
288.61
280.94
282.796685297
289.108589274
281.413294118
282.58
291.14
284.76
283.604837347
293.155087128
284.827561079
284.77
295.27
285.16
284.394272002
295.97
284.948614761
286.77
295.894878661
284.01
286.286832125
290.24
283.85
285.79
288.52
283.13
285.130730445
288.17
281.76
284.54
287.79
282.13
283.23
287.71
280.12
281.77
286.78
279.38
281.62
286.16
279.39
281.34
285.65
278.6
280.55
285.34
278.62
280.79
284.8
278.62
280.315205983
285.334970425
278.772711864
280.42
283.78
279.64
280.885419198
282.842040202
279.232390489
281.5
281.73
278.82
281.42318347
287.24
278.94
281.33
290.62
280.15
281.300217265
291.294544732
280.36067719
282.2
293.35
281.49
283.74
295.63
281.48
284.61
296.61
283.15
284.586107357
296.697809187
283.123832264
284.46
297.03
282.94
284.095684636
296.49
282.737124291
284.74
296.469293629
281.84
284.444443823
289.99
281.285462355
284.12
289.984597002
281.56
283.764703896
287.02
281.55
283.39
286.09
281.55
283.26
285.38
281.51
283.13
284.66
281.89
283.23
283.85
281.66
282.90933945
282.95
281.78994182
283.25
282.948503841
282.39
283.455949879
280.278042088
281.707567201
283.69
281.1
282.12
284.1
280.15
282.08
284.22
279.63
281.228819296
283.804969697
280.526186004
282.34
283.64
282.11
281.83
283.78006264
282.712098184
281.602937907
284.55
285.35
282.809363636
284.564424984
288.033328418
283.72
284.59
292.49
285.33
285.16
293.16
285.56
285.256901238
293.53
285.72
285.97
293.62
285.76
285.381308018
293.12
285.256254713
286.37
293.07582565
283.0
285.47675653
288.47
283.01
284.56
287.34
282.34
282.96
285.45
282.14
282.15
285.12
281.12
281.73
284.26
281.11
281.44
282.94
281.62
281.15
281.79
281.65
281.107111852
280.67
281.413780365
281.18
280.657340272
280.38
279.96
279.16
280.36
279.87
278.33
279.65
279.83
277.87
279.66
279.74
277.45
279.16
279.73
278.42
279.13
279.77
280.58
279.33
279.903601725
281.634763186
279.511045872
280.23
283.93
279.98
281.11
287.06
281.01
282.19
289.13
281.0
282.184068966
289.12171077
280.913461538
282.23
290.54
280.5
280.98
291.7
280.48
281.01
291.91
280.0
280.798378532
289.81
280.16
280.33
288.53
279.840549817
280.11
288.523921234
280.35
280.301220506
287.99
280.35
280.5
287.75
280.16
281.12
287.18
280.26
281.51
286.94
276.86
281.85
286.84
276.29
281.87
287.39
276.31
281.79
287.4
276.08
282.19
287.68
276.3
281.77
287.89
276.15
281.64
287.9
276.24
281.67
287.72
279.75
281.78
288.37
279.72
281.8
288.63
279.66
282.02
289.9
279.83
282.042852459
290.52
279.9851815
282.2
290.531314508
280.66
282.844903486
291.5
280.625018004
283.51
291.605858148
282.01
284.059761773
292.02
282.161629895
284.63
292.020240764
282.83
284.628516002
292.05
282.858712237
284.73
292.044311136
282.99
284.433915646
290.73
282.396896046
284.12
290.724850467
282.96
283.92
289.54
282.99
283.9
288.99
282.55
283.75
288.09
282.12
283.71
287.62
276.44
283.86
287.37
275.74
283.92
287.46
281.91
283.77
286.83
281.18
283.76
286.25
281.4
283.65
285.77
280.92
283.62
285.24
280.94
283.63
285.28
280.76
283.65
285.33
280.76
283.08
286.69
280.55
283.6
288.48
280.53
283.74
289.95
280.690467097
283.863734177
290.422768184
280.95
284.42
292.22
281.49
284.4
293.56
281.65
284.434127177
293.658834561
281.629141681
284.84
294.4
281.49
284.543946357
293.63
281.462985682
285.08
293.603977638
281.34
285.334080179
289.3
281.089520871
285.6
289.113310195
282.18
285.273596982
285.23
282.77
284.94
283.49
282.468980271
284.02
283.47174551
282.72
283.55
282.92
282.91
282.59
282.44
282.68
282.613480315
282.404461538
282.447904243
282.35
283.13
281.42
282.39
283.85
281.43
282.27
284.57
279.99
282.18
284.59
280.01
282.17
284.25
279.020866142
282.159788396
284.842335404
278.62
281.95
287.72
278.65
281.983073752
288.090169492
279.053670535
282.35
290.84
280.015198121
282.904178145
292.131211966
281.42
284.05
294.6
283.68
284.42
294.99
283.51
285.04
295.2
284.01
285.164996898
295.126181592
283.359571953
285.62
294.9
284.36
285.591437753
290.62
284.038850607
285.56
290.619457907
282.55
284.074787234
286.75
282.438616872
284.09
286.726250877
281.94
283.568842002
284.02
281.92
283.03
283.37
281.14
282.74
282.6
275.66
282.16
281.39
275.87
281.37
280.75
275.73
281.32
279.72
275.59
281.34
279.9
275.77
281.114165166
278.83
275.700598692
281.38
278.819607089
275.4
281.506110349
277.98
276.159431099
281.64
277.99500831
279.5
281.562270256
281.118922076
279.552088325
281.47
284.53
279.83
281.300451469
287.043144976
279.986903619
283.1
288.86
279.844140845
284.570989583
290.201098585
280.99
287.73
292.87
282.52
287.596139037
294.07
282.5
287.13
294.36
281.891092529
285.25
294.247
282.17
285.49782974
291.63
282.17
285.75
289.13
281.12
284.586558354
288.29
281.55
284.09
287.7
281.36
282.45
287.02
281.57
282.35
287.14
281.35
281.4
286.79
275.66
281.17
286.59
275.45
281.119646691
286.09
275.344542017
281.03
286.082561699
274.88
280.75233871
285.26
276.295656695
280.45
285.252528239
281.16
280.459425099
284.555627983
281.011057884
280.47
283.83
280.34
279.983866051
284.25
280.207626667
280.02
284.256559633
279.66
280.399237721
286.825866877
279.714588235
280.86
288.1
