277.65
278.15
288.29
277.88
277.76
288.78
278.15
277.32
290.41
278.58
278.46
293.69
280.0
280.22
296.05
281.08
281.8
297.99
282.18
283.33
299.58
283.51
284.5
300.24
284.24
285.38
301.3
285.33
286.1
301.6
285.81
286.47
301.81
285.79
286.75
301.44
285.79
286.5
300.69
284.57
285.81
298.74
284.23
284.91
297.55
283.56
283.36
296.57
282.91
282.04
295.44
282.52
281.34
294.43
281.95
281.13
293.47
281.41
280.73
292.65
281.47
280.33
291.74
281.02
280.19
290.72
280.96
279.55
290.16
280.93
278.74
289.99
281.01
278.08
289.96
281.01
277.96
290.38
281.18
277.99
291.27
281.6
279.45
292.44
282.42
281.14
293.96
283.07
282.69
295.82
283.94
284.51
297.34
285.38
285.88
298.66
286.08
286.7
299.82
287.12
287.47
300.73
287.35
287.89
300.97
287.53
288.12
300.4
287.75
288.12
299.27
286.9
287.69
297.91
286.15
286.77
296.79
284.29
285.43
296.14
283.32
284.21
295.57
282.54
283.1
294.89
281.9
282.43
294.22
281.06
281.79
293.32
280.36
281.19
292.45
279.84
280.77
291.94
279.84
280.3
291.93
279.39
279.63
291.94
279.14
279.54
292.04
278.83
279.29
292.55
278.61
279.52
293.18
280.2
280.47
294.4
281.9
281.57
295.85
283.55
282.71
297.03
285.0
283.73
297.78
285.99
284.8
298.83
286.76
285.6
300.51
287.67
286.65
301.01
288.26
287.33
300.96
288.54
288.08
300.44
288.52
288.15
299.49
288.27
287.59
298.8
287.57
286.77
297.98
285.56
285.35
297.01
283.65
284.35
296.33
282.9
283.38
295.6
282.12
282.3
294.96
281.54
281.41
294.06
281.03
280.71
293.64
280.47
279.9
293.28
279.56
279.15
292.9
278.88
278.73
292.39
278.19
278.35
292.13
277.92
277.96
292.29
278.2
277.81
292.48
280.06
279.81
292.61
282.89
282.62
292.31
285.3
284.63
292.53
286.52
287.17
292.79
287.65
289.17
293.14
288.35
290.59
293.96
289.61
291.79
296.39
290.21
292.44
297.88
290.72
293.02
297.53
290.51
292.6
297.08
289.83
292.03
296.42
289.17
290.88
295.91
286.28
288.53
295.55
284.4
286.17
295.39
283.2
284.67
293.7
282.57
283.63
289.36
281.4
282.64
287.55
280.74
281.68
285.63
280.24
280.88
283.88
279.68
280.27
282.19
279.16
279.56
281.11
278.52
279.01
280.26
278.29
278.34
279.85
278.58
278.19
279.89
281.58
280.74
280.37
283.14
283.91
280.76
284.37
286.28
280.96
286.21
288.32
281.14
287.37
289.94
281.56
288.91
291.74
282.59
289.75
292.45
283.61
289.82
292.83
284.06
289.74
292.44
283.76
289.88
291.03
283.66
288.88
288.71
282.63
287.47
286.59
281.77
286.7
284.84
280.7
285.79
283.91
279.9
285.04
283.26
279.41
284.27
282.87
278.81
283.52
282.53
278.08
283.09
282.23
276.72
282.83
282.06
276.22
282.0
282.22
276.5
280.9
281.87
276.16
280.71
280.54
275.9
280.81
280.26
276.9
280.54
280.15
280.17
281.98
280.88
282.55
283.08
282.08
285.03
284.03
282.95
286.71
284.4
284.09
287.88
285.01
285.25
288.86
285.74
286.5
289.45
285.14
287.26
290.23
285.09
287.72
290.47
284.98
287.8
290.24
285.01
287.59
289.58
284.76
286.5
287.95
284.35
285.47
285.54
283.74
284.41
284.58
283.02
283.85
283.69
282.17
282.95
283.12
281.4
282.65
282.37
281.2
282.37
281.71
280.87
282.17
281.19
280.75
282.01
281.15
280.58
281.85
280.68
280.42
281.76
280.38
280.11
281.69
279.99
280.15
281.65
280.99
280.28
281.73
283.2
280.5
281.76
285.7
280.86
282.06
287.31
281.44
282.56
288.83
282.1
282.69
290.12
282.23
283.17
291.1
282.61
283.58
292.04
282.91
283.87
292.61
283.16
283.93
292.83
283.48
283.95
292.3
283.47
283.86
291.44
283.31
283.56
290.12
283.25
283.44
288.72
283.04
283.29
287.86
282.95
283.1
286.9
282.77
282.98
286.37
282.68
282.88
285.56
282.64
282.63
285.02
282.31
282.74
284.25
282.39
282.78
283.85
282.48
282.89
283.43
282.32
282.92
283.03
282.13
282.85
283.09
281.85
282.78
284.07
281.76
282.74
285.61
281.93
282.9
287.11
282.4
283.07
288.19
282.61
283.48
289.5
282.93
283.78
289.9
283.08
284.1
289.63
283.23
284.2
289.72
283.58
284.19
289.71
283.8
284.09
289.57
283.79
283.88
289.2
283.52
283.47
288.67
283.35
283.23
288.62
282.84
283.03
288.54
281.65
282.32
288.49
280.29
281.37
287.98
280.49
280.61
287.41
280.6
280.31
287.2
280.48
280.06
286.95
280.32
279.76
286.79
280.33
279.42
286.53
280.21
279.24
286.37
279.79
278.91
286.33
279.5
278.78
286.21
279.57
278.52
286.47
279.72
278.7
287.93
280.54
279.36
289.49
282.01
280.45
292.16
282.97
281.53
293.48
283.8
282.68
294.97
284.14
283.81
295.91
285.01
284.82
296.7
285.37
285.38
297.24
285.72
285.82
297.36
285.83
286.23
296.99
285.74
286.35
296.18
285.2
286.06
294.27
284.56
285.16
292.11
283.49
283.83
291.25
282.02
281.97
289.84
281.01
281.12
288.79
280.68
280.63
288.51
280.61
279.98
288.03
280.5
279.17
287.1
280.14
278.69
286.64
280.0
278.39
286.56
280.14
278.43
286.0
279.99
278.43
285.54
280.07
278.38
287.18
280.22
278.79
290.48
280.76
280.18
293.21
281.44
281.69
295.3
282.3
283.25
296.58
283.36
283.21
297.43
284.52
281.21
297.95
284.39
281.15
298.38
283.26
281.6
298.43
282.27
282.53
297.88
282.5
283.65
297.26
282.24
283.6
296.67
282.19
283.25
295.46
282.7
282.75
293.97
282.38
281.92
292.17
282.16
281.39
291.3
281.85
280.97
290.73
281.76
280.88
290.49
281.53
281.78
290.12
281.58
280.66
290.28
281.19
280.68
290.17
280.55
280.46
290.45
280.31
280.21
290.47
279.98
279.82
290.52
280.19
279.5
290.67
280.2
279.23
291.03
281.043333333
281.443333333
293.516666667
281.6315
283.9515
295.4615
282.73
285.87
298.49
283.87
285.72
298.48
284.2
286.3
298.66
284.46
286.81
298.23
285.19
286.93
296.92
285.92
287.62
296.19
285.65
288.2
295.75
284.61
288.4
293.43
284.35
288.07
290.99
284.12
287.18
290.08
283.01
285.55
290.08
282.34
283.73
290.0
281.93
282.82
289.87
281.82
281.88
289.87
281.52
281.27
289.92
281.36
281.15
289.89
281.29
281.2
289.85
281.36
281.05
289.78
281.22
280.72
289.76
280.97
280.65
290.05
280.76
280.58
290.43
280.87
280.44
291.11
281.06
280.95
291.97
281.62
283.15
293.79
282.17
284.49
295.67
283.67
285.23
297.49
284.15
286.42
298.65
284.8
288.06
299.61
285.2
288.95
299.94
285.77
289.44
299.57
286.47
289.4
299.55
285.73
288.41
298.57
285.03
286.82
297.17
283.8
285.28
295.72
282.99
283.68
294.1
282.39
282.48
292.89
282.23
281.64
291.78
281.7
281.16
291.04
281.47
280.76
290.52
281.42
280.39
289.92
281.17
280.07
289.29
281.05
279.65
288.85
280.86
279.18
288.5
280.58
278.87
288.53
280.63
278.42
289.51
280.66
278.09
292.06
280.9
278.1
294.25
281.56
278.47
296.63
282.31
279.42
297.89
283.58
281.12
299.26
284.26
282.74
299.99
285.0
283.71
300.76
285.3
284.41
300.82
285.93
284.18
301.2
286.21
284.17
300.94
285.67
283.78
299.74
285.37
282.96
298.03
284.17
281.82
295.54
283.32
280.86
293.79
282.05
280.15
292.57
281.1
279.92
291.43
280.44
279.68
290.68
280.09
279.65
289.8
280.05
279.58
289.07
279.86
279.44
288.6
279.75
279.29
288.55
279.7
279.13
288.48
279.05
279.23
288.77
279.06
279.11
290.65
279.15
279.25
294.18
279.69
279.83
296.97
280.06
280.87
298.91
280.77
281.82
300.24
281.86
282.75
301.39
283.1
283.45
302.21
283.56
283.91
302.69
284.14
284.1
302.85
284.7
284.16
302.7
284.66
283.91
302.17
285.3
283.52
300.86
285.19
282.97
299.4
284.55
282.37
298.49
283.57
281.94
297.49
282.8
281.6
296.69
282.05
281.55
296.33
281.42
281.5
295.52
281.21
281.79
294.91
280.79
282.12
294.47
280.57
282.28
293.95
280.43
282.45
293.37
280.27
282.91
292.91
280.07
283.07
292.52
279.98
283.15
292.53
280.07
283.1
293.84
280.54
282.87
295.05
281.22
283.94
297.18
282.89
284.49
298.24
283.4
285.1
299.4
283.26
284.84
300.28
283.38
284.48
300.54
283.84
284.62
300.74
284.62
285.39
300.62
285.14
285.14
300.35
285.64
285.4
299.36
285.09
284.99
297.38
284.33
283.77
295.55
283.12
282.95
293.99
282.63
281.94
292.86
281.61
280.99
291.74
281.2
280.53
291.05
280.86
280.07
289.47
280.05
279.51
288.71
279.55
278.81
288.16
279.17
278.81
287.48
279.18
278.69
286.62
279.1
278.31
286.04
279.0
278.08
288.17
279.1
278.26
291.24
280.12
279.74
293.94
282.22
281.29
296.16
283.3
282.39
297.78
283.49
283.54
298.99
284.8
284.74
299.82
285.66
285.22
300.74
285.69
285.98
301.3
286.22
286.51
301.29
286.47
286.9
300.74
286.42
286.71
299.71
286.19
285.85
297.53
285.52
284.74
295.64
283.92
283.21
293.94
282.32
281.77
293.03
281.12
280.68
292.63
280.05
280.25
292.28
279.19
280.08
291.75
278.78
279.77
291.53
278.42
279.67
291.14
277.92
279.43
290.72
277.68
279.37
290.22
277.48
279.18
290.0
277.72
278.9
290.85
277.94
279.02
292.9
279.83
279.79
295.44
281.02
281.2
297.23
282.33
282.4
298.84
283.15
283.58
299.73
283.69
284.67
300.25
283.9
285.79
300.61
284.9
286.31
300.52
285.53
286.7
300.36
285.74
287.14
299.77
285.68
287.0
299.03
285.68
285.82
298.44
285.26
283.82
297.49
284.34
282.81
297.12
283.74
281.99
296.81
282.8
281.2
296.55
281.63
280.76
296.03
280.93
280.41
295.7
280.65
280.36
295.56
280.29
280.24
295.67
279.98
280.08
295.76
280.09
279.85
295.88
280.07
279.82
296.03
279.92
279.6
296.39
279.96
279.69
296.4
280.29
280.21
296.46
280.87
280.98
298.23
281.48
281.9
301.01
282.31
282.14
302.37
283.21
282.38
303.28
283.61
283.09
303.71
284.28
283.76
304.74
284.17
283.65
305.1
284.05
283.54
304.95
284.42
283.27
303.87
283.69
282.69
302.12
283.45
282.2
299.18
282.69
281.59
297.75
281.78
280.77
298.66
281.11
280.07
298.9
280.69
279.84
297.72
279.94
279.49
296.43
279.37
279.34
296.14
279.11
279.16
295.16
278.99
278.89
294.26
278.88
278.88
292.73
278.97
278.76
290.95
278.78
278.55
290.66
279.35
278.97
291.73
280.56
279.97
293.53
281.77
281.44
295.01
282.37
282.64
296.12
283.05
283.85
297.38
284.43
285.23
298.54
285.34
286.38
299.36
286.17
287.29
299.97
287.14
287.88
300.45
287.41
288.37
300.22
287.57
288.72
298.67
287.52
288.47
297.39
287.19
287.75
296.13
285.48
285.95
295.42
283.82
284.35
294.38
282.5
283.32
293.14
282.11
282.55
291.82
281.88
281.81
291.22
281.59
281.7
290.72
281.72
281.85
290.44
282.09
282.16
290.46
281.5
281.63
290.36
281.73
281.85
290.44
281.73
281.01
290.25
281.6215
282.029642857
291.2315
282.6436
284.26697561
292.1356
282.346666667
284.913333333
293.13
283.180333333
287.113666667
294.047
285.1735
288.0735
294.1735
285.620666667
290.687333333
295.354
287.227333333
292.060666667
295.744
287.091
291.916
294.716
289.278666667
293.795333333
295.578666667
289.723333333
294.156666667
295.023333333
288.379
292.729
292.354
289.42
293.686666667
292.503333333
288.672
292.855333333
290.538666667
286.648
290.998
290.173
286.325333333
290.508666667
287.675333333
284.726666667
288.993333333
286.776666667
284.7855
289.2855
286.3355
282.634333333
287.167666667
285.284333333
282.140666667
286.857333333
284.690666667
281.757
285.682
284.407
281.226666667
285.66
283.71
280.806333333
284.773
283.323
282.5175
286.4925
285.6175
281.386666667
284.736666667
284.336666667
282.387333333
285.587333333
285.737333333
284.9275
288.6025
286.5025
285.415
288.731666667
288.115
287.442
291.025333333
289.092
287.6705
291.6955
289.6205
290.297
294.530333333
290.747
291.125
295.741666667
291.425
290.9215
295.8215
290.7965
292.093333333
297.41
291.91
292.233666667
297.867
291.717
291.136
296.286
288.511
291.689
297.422333333
289.322333333
291.004
296.520666667
287.120666667
289.2805
294.8305
286.2805
288.941666667
294.191666667
283.625
287.564333333
292.764333333
282.331
287.387
291.287
282.212
285.609666667
289.876333333
280.526333333
285.032333333
288.415666667
280.015666667
284.9675
287.6425
280.4175
284.219333333
285.952666667
279.602666667
283.983666667
284.950333333
279.700333333
285.5285
287.1285
284.9785
284.699333333
285.066
283.349333333
285.650666667
286.184
286.900666667
288.1475
289.2475
286.4725
288.583666667
289.717
291.350333333
290.565333333
292.132
292.248666667
290.6315
292.9815
292.4315
293.251666667
295.918333333
293.568333333
293.956333333
297.289666667
293.989666667
293.5855
296.9605
293.5105
294.648666667
298.898666667
294.232
294.636333333
299.136333333
294.053
293.298
298.323
290.823
293.727666667
298.911
291.661
292.831333333
298.448
289.448
290.553
296.503
288.828
290.117333333
296.534
286.084
288.299666667
295.083
284.933
288.2685
294.3935
284.8935
285.855333333
292.688666667
283.372
285.228666667
291.745333333
282.962
284.8755
290.7505
282.9755
284.157666667
289.824333333
282.424333333
283.713333333
288.846666667
282.296666667
285.9325
289.4575
287.7325
284.600333333
287.950333333
285.750333333
285.931666667
288.031666667
289.331666667
286.912
290.0365
290.112
288.360333333
289.476666667
294.627
289.457666667
290.840333333
296.341
289.1765
291.1015
295.7515
290.733333333
292.832666667
298.233333333
290.911666667
293.461333333
298.411666667
290.3325
292.582
297.9325
290.763333333
293.713333333
298.33
290.436666667
293.336666667
298.07
289.734
291.409
294.034
289.532666667
291.549333333
295.032666667
288.955333333
290.138666667
292.255333333
287.7505
289.4505
291.2255
287.382333333
287.799
287.865666667
286.386666667
286.87
286.253333333
285.4875
286.4875
286.3625
284.459666667
285.376333333
284.176333333
283.528333333
284.811666667
283.711666667
283.618
284.618
283.343
282.346333333
283.929666667
282.846333333
282.095666667
283.612333333
282.445666667
282.4345
284.3845
289.3845
281.987333333
283.704
286.537333333
282.129666667
284.113
291.029666667
283.057
284.557
291.332
282.937666667
284.954333333
297.221
283.603333333
285.386666667
298.92
283.5785
285.0035
299.0035
284.474333333
285.707666667
301.241
284.679666667
285.596333333
301.863
284.493
285.868
301.143
284.829
285.629
302.212333333
284.773
285.773
301.939666667
285.15
284.649
297.999
285.15
285.215666667
298.949
285.15
284.514333333
296.231
284.39775
284.554
296.354
282.089
283.605666667
292.689
282.115
283.398333333
291.865
282.1445
283.2195
291.9695
282.169333333
283.002666667
290.836
282.197666667
282.814333333
290.631
282.31275
282.95025
290.80025
282.37
282.87
290.72
282.24
282.08
290.48
282.01
282.11
290.08
281.94
282.11
291.46
281.81
282.46
294.58
281.85
282.84
297.18
282.12
283.32
300.61
282.31
283.91
302.67
283.07
284.78
304.79
283.33
285.41
306.07
283.21
285.73
306.96
282.93
286.13
307.07
282.99
285.92
306.55
283.13
285.39
305.5
283.07
285.03
303.77
283.0
284.96
301.81
282.79
284.66
300.35
282.67
284.0
298.96
282.19
283.67
298.01
282.53
283.33
296.94
281.84
283.09
296.04
281.69
283.0
294.6
281.52
282.95
293.46
281.31
282.86
292.28
281.42
282.59
291.5
281.32
282.57
290.57
281.36
282.37
290.33
281.36
282.4
291.3
281.55
282.56
293.34
281.84
282.77
295.73
282.14
283.13
298.51
282.34
283.89
300.53
283.08
284.63
302.16
283.94
285.44
303.6
284.42
286.2
304.31
285.27
286.64
304.79
287.06
286.9
304.52
287.61
286.72
303.86
287.49
286.79
302.91
287.2
286.74
301.08
286.8
286.42
299.61
286.57
285.34
298.69
284.42
284.59
297.74
284.06
283.87
296.93
283.26
283.45
295.95
283.14
283.04
295.21
282.61
282.78
294.26
282.18
282.7
293.17
282.02
282.61
292.2
281.465217257
282.014005552
292.631376447
282.381179557
283.213556749
294.159989349
281.399
282.022666667
294.999
282.224
283.221333333
296.524
283.64
284.42
298.35
284.56
284.23
298.94
285.42
284.56
299.74
285.64
285.49
301.13
286.7
286.706
302.22
287.56
287.03
303.1
288.21
287.53
303.15
288.15
287.87
303.43
288.31
288.31
302.96
285.288
288.44
301.9
288.9
288.36
300.94
288.12
287.86
300.28
287.33
286.24
299.38
286.2
284.77
298.29
285.23
283.56
297.31
283.27
283.597
296.47
283.44
283.597
295.52
282.41
281.5
294.84
281.86
281.09
294.74
281.63
280.75
294.53
281.72
280.36
294.1
281.35
280.14
294.0
280.38
279.87
294.52
280.76
280.46
295.6
282.6
282.2
296.31
284.15
283.33
296.88
285.02
284.94
298.27
286.97
286.3
299.28
287.53
287.68
299.32
288.97
288.79
300.73
290.16
289.94
300.4
290.38
290.54
300.1
290.64
291.28
300.54
290.96
291.51
300.83
290.7
291.2
299.54
289.78
290.43
298.88
288.02
287.93
297.94
287.48
285.78
297.39
285.68
284.76
297.21
284.88
284.11
296.85
284.1
283.49
296.83
283.98
282.98
296.35
283.52
282.69
295.85
283.09
282.63
295.29
283.13
282.41
294.99
283.32
282.15
295.39
283.42
282.03
295.55
282.86
282.6
295.59
283.61
283.58
293.92
284.36
285.08
292.29
285.97
286.12
292.06
286.77
286.53
292.73
288.19
285.86
294.38
288.79
284.94
295.19
287.93
284.06
293.29
285.95
284.19
291.22
284.65
284.48
291.32
284.15
284.7
291.78
283.93
284.98
291.99
283.87
285.1
291.71
283.68
284.95
291.64
283.34
284.51
291.57
283.43
283.98
291.05
283.63
283.59
291.04
283.56
282.99
291.47
283.62
282.86
291.81
283.53
282.59
292.91
283.14
282.45
293.51
282.76
282.36
293.94
282.65
282.26
294.12
282.48
282.29
294.8
282.55
282.31
296.08
282.83
282.75
297.46
283.23
283.75
299.3
283.73
284.44
301.13
284.76
285.01
302.33
285.88
285.61
303.34
286.3
285.67
303.65
287.17
285.19
303.54
287.69
285.27
303.11
287.94
284.72
302.71
287.96
284.54
301.55
287.12
284.05
300.34
286.68
283.13
298.2
285.6
282.51
297.21
284.37
282.02
296.19
283.6
281.61
295.4
282.95
281.41
294.85
282.81
281.09
294.28
282.56
280.95
293.02
282.27
280.63
292.06
282.27
280.57
291.79
282.18
280.49
291.76
281.96
280.49
291.86
281.99
280.51
293.36
281.82
280.67
294.89
282.04
280.78
295.44
282.887
281.937
297.287
283.982
285.032
301.332
282.59
284.76
302.43
283.77
285.02
302.99
284.8
285.85
303.52
285.36
286.19
303.68
285.92
286.63
303.12
286.56
286.69
302.27
286.9
287.04
301.29
287.31
286.76
300.04
287.36
286.6
299.28
286.82
285.62
298.65
285.98
284.13
298.18
285.51
283.48
297.75
285.24
282.81
297.22
284.96
282.1
296.75
284.69
281.67
296.15
