281.65
281.91
291.25
281.65
281.83
291.66
281.19
282.05
291.91
281.36
282.05
292.16
281.29
282.04
292.28
281.65
281.97
291.92
281.54
281.61
291.91
281.26
280.98
292.43
282.11
281.015
292.15
282.96
281.05
291.87
282.96
281.05
291.87
281.3
281.99
297.83
281.41
282.63
298.78
281.57
283.59
299.53
281.58
283.95
300.19
281.42
284.28
300.05
281.22
283.64
299.12
281.6
283.16
298.09
281.5
282.83
297.44
281.01
282.83
296.86
280.72
282.69
296.27
280.95
282.5
295.46
280.94
282.0
294.44
280.82
281.6
294.04
280.99
281.18
293.82
280.62
281.18
293.73
280.33
280.63
293.82
280.07
280.29
294.0
279.94
280.53
293.87
279.82
280.46
293.77
279.75
280.38
293.28
279.87
280.5
293.46
279.98
280.36
294.51
279.31
280.41
295.92
280.77
281.11
296.98
280.62
280.81
298.8
280.22
280.66
299.59
279.7
280.7
300.27
280.53
281.11
300.27
281.23
280.49
299.79
281.28
280.58
298.73
280.99
280.34
297.28
280.99
280.15
296.49
281.0
280.51
295.76
280.74
280.99
295.01
280.68
280.98
294.46
280.79
281.04
293.93
281.13
280.98
293.34
280.74
280.98
292.81
280.28
280.64
292.37
280.52
280.74
291.79
280.35
280.69
291.21
279.96
281.07
291.29
279.715
280.81
291.58
279.47
280.55
291.87
279.41
280.08
292.28
279.21
280.13
293.35
279.33
280.39
294.36
279.87
280.76
296.17
280.53
280.98
297.86
281.08
281.3
298.77
280.96
281.51
299.17
281.1
281.57
299.13
280.96
281.45
299.04
281.07
281.22
298.09
280.63
281.17
296.85
280.63
281.07
296.45
280.78
281.19
295.83
280.21
281.31
295.17
279.98
281.46
294.55
279.98
281.4
293.41
280.175
281.525
292.95
280.37
281.65
292.49
280.43
281.35
292.24
280.38
280.86
291.21
280.65
280.61
290.76
280.43
280.49
290.22
280.17
280.89
288.22
280.49
281.78
286.59
281.12
282.6
286.77
281.22
283.49
288.75
282.0
283.11
290.87
282.3
283.49
292.4
283.74
283.39
293.69
284.12
283.45
293.82
282.96
283.62
294.54
282.53
283.7
295.16
281.88
283.22
294.58
280.86
282.74
293.05
280.45
281.73
291.26
279.99
281.63
290.15
279.81
281.94
289.43
280.11
280.92
287.03
279.95
280.2
285.56
279.31
280.45
284.94
279.31
280.54
284.49
279.24
280.49
283.63
278.92
279.81
282.43
278.69
279.38
281.94
278.39
279.06
281.06
278.17
278.65
280.48
278.48
278.64
279.94
277.79
278.1
280.16
278.02
277.71
281.52
277.43
277.71
283.88
277.41
277.68
285.84
277.89
278.69
288.43
279.09
279.89
289.82
279.46
280.96
290.7
279.31
281.36
291.18
279.07
281.42
290.99
278.95
280.97
290.33
278.96
280.59
289.34
278.8
279.93
287.96
278.82
279.08
287.12
278.77
278.71
286.15
279.07
278.77
285.28
279.01
278.96
284.66
278.87
279.07
283.98
278.95
278.9
283.58
278.7
278.78
283.27
278.7
278.95
283.14
278.58
279.0
283.55
278.51
279.06
284.2
278.51
279.06
284.8
278.58
278.96
284.5
277.911
278.96
284.58
278.64
278.96
284.66
278.31
279.07
285.69
278.65
279.02
286.54
278.34
279.27
288.04
278.34
279.31
290.21
278.48
279.36
291.54
278.76
279.74
292.87
278.93
279.85
293.6
278.8
279.94
293.48
278.65
279.93
292.55
278.23
279.49
291.09
277.42
278.75
290.61
277.09
278.59
289.61
276.93
278.08
288.5
276.55
278.18
287.69
276.64
278.08
287.28
276.41
278.06
286.99
277.62
278.6
286.66
277.87
278.95
286.29
277.91
279.23
286.17
278.02
279.12
286.21
278.17
279.33
286.0
277.91
279.52
285.51
277.58
279.65
285.14
277.31
279.8
284.5
277.5
279.8
285.23
277.52
280.01
287.18
277.52
279.98
289.66
278.04
279.98
291.84
277.9
280.43
293.74
277.2
280.16
294.68
277.89
279.52
295.01
278.66
278.88
295.05
278.71
278.32
293.15
279.71
279.99
292.69
280.71
281.66
292.23
280.71
281.66
292.23
280.71
281.66
292.23
280.71
281.66
292.23
280.71
281.66
292.23
279.395
278.75
289.19
278.08
275.84
286.15
278.08
275.84
286.15
278.08
275.84
286.15
278.08
275.84
286.15
278.08
275.84
286.15
278.08
275.84
286.15
277.78
276.04
284.84
277.78
276.04
284.84
277.78
276.04
284.84
277.78
276.04
284.84
277.78
276.04
284.84
277.78
276.04
284.84
278.19
277.98
291.7
278.19
277.98
291.7
277.06
279.03
293.68
277.09
278.99
293.67
276.65
278.37
292.37
276.11
277.69
290.81
275.92
277.09
289.78
275.46
276.98
289.29
275.92
276.86
288.89
275.49
276.8
289.06
275.29
276.62
289.19
275.55
276.45
289.55
275.3
276.2
289.27
275.35
276.25
289.97
275.24
276.07
290.5
275.24
276.33
290.73
275.67
276.58
291.45
275.8
276.5
291.91
275.62
276.6
291.99
275.58
276.66
291.79
275.18
276.64
292.36
274.9
276.57
292.57
275.0
276.78
292.41
275.65
277.05
291.24
275.55
277.39
289.96
275.88
277.93
287.98
276.07
277.96
286.9
276.18
278.21
286.38
276.21
278.4
285.74
276.3
278.48
285.04
276.4
278.58
284.75
276.46
278.71
283.63
276.43
278.81
281.73
276.73
278.9
280.0
276.82
278.83
278.05
276.75
278.95
277.27
276.98
278.78
276.45
276.83
278.83
275.66
276.89
278.76
275.13
276.68
278.84
274.92
276.79
278.71
273.69
276.87
278.54
272.16
277.01
278.47
272.02
276.95
278.23
272.28
276.86
278.23
272.95
276.77
278.29
274.02
276.77
278.7
275.48
276.96
279.02
276.77
277.32
279.28
277.96
277.32
279.42
278.69
277.54
279.7
278.98
277.46
279.76
278.81
277.62
280.0
277.97
277.44
279.82
276.74
277.36
279.82
275.91
277.36
279.51
274.92
277.38
279.44
274.03
277.48
279.31
273.61
277.73
279.24
273.01
277.9
279.54
272.58
278.1
279.19
271.84
278.31
278.96
271.11
278.52
278.9
271.1
278.69
278.58
270.89
278.82
278.59
270.48
278.57
278.71
270.35
278.63
278.75
269.99
278.36
278.81
271.58
277.92
279.0
275.06
277.92
278.75
277.01
278.44
278.82
278.78
278.905
279.18
280.04
279.37
279.54
281.3
279.37
279.54
281.3
277.95
279.94
282.42
277.79
279.5
281.73
277.67
279.12
280.3
277.35
278.74
278.42
277.35
278.72
277.3
277.48
279.2
276.32
277.47
279.06
275.15
277.57
279.2
274.77
277.57
279.1
273.73
277.57
279.11
273.34
277.57
279.17
273.19
277.57
279.07
272.84
277.57
278.94
272.38
277.47
278.94
271.9
277.57
278.85
271.77
277.37
278.46
271.47
277.37
278.3
271.74
277.13
278.15
273.28
276.96
278.1
277.63
276.62
278.1
280.3
276.98
278.04
282.5
277.21
278.44
284.6
277.83
278.62
285.42
278.35
278.85
286.25
278.8
279.08
286.54
279.25
279.2
286.39
278.71
279.15
285.09
278.9
278.74
283.12
278.68
278.52
282.51
277.86
278.64
281.8
278.0
278.62
281.18
277.65
278.39
280.32
277.42
278.39
280.04
277.59
278.05
279.25
277.7
277.95
278.78
277.89
277.81
277.92
277.84
277.76
277.34
277.59
277.59
276.72
277.62
277.39
276.32
277.63
277.27
275.79
277.82
277.26
275.61
277.7
277.26
276.78
277.43
277.06
280.17
277.32
276.95
282.84
277.64
277.17
285.74
277.64
277.91
287.98
277.96
278.77
289.18
278.12
279.31
290.02
278.26
279.4
290.33
277.98
279.67
290.19
277.78
279.45
289.15
277.14
279.07
287.23
276.94
278.57
285.99
276.9
278.36
285.52
276.59
278.12
285.23
276.42
277.95
284.83
276.03
277.64
284.07
276.03
277.45
283.58
275.93
277.4
284.16
275.63
277.33
284.2
275.63
277.22
284.11
275.88
277.11
284.34
275.88
277.16
284.25
275.94
277.03
284.7
276.1
276.71
284.84
276.1
276.78
284.97
276.1
276.83
285.46
275.86
276.89
286.63
276.54
277.01
287.85
276.92
277.59
288.0
277.36
278.24
286.09
277.66
278.73
286.14
278.07
278.68
287.08
278.22
278.81
287.43
277.41
278.28
287.7
277.18
277.655
288.295
276.95
277.03
288.89
276.64
276.7
288.67
276.69
276.02
288.45
276.41
275.46
288.49
276.58
275.22
288.72
276.77
274.97
288.63
276.64
274.73
288.68
276.64
274.46
288.28
276.59
274.12
287.92
276.59
273.96
287.73
276.64
274.07
286.84
276.33
274.29
286.13
276.34
274.6
285.68
276.39
274.98
285.88
275.69
275.12
287.67
275.31
275.41
289.18
275.06
275.67
291.29
274.71
276.04
293.46
275.23
275.96
294.84
275.46
276.09
295.2
275.56
276.3
295.46
275.67
275.9
294.6
275.68
275.99
292.49
275.81
275.84
289.63
276.13
276.19
290.07
276.2
276.68
288.95
276.43
276.83
288.28
276.45
276.7
287.6
276.54
276.7
287.22
276.9
276.55
287.06
276.59
276.55
286.85
276.66
276.37
286.56
276.13
276.36
286.73
276.38
276.48
287.17
276.31
276.46
287.42
276.17
276.3
286.85
275.92
276.26
286.2
275.66
276.47
286.27
275.68
276.84
287.51
275.75
276.78
288.72
276.27
276.73
290.7
276.97
276.57
292.62
277.4
276.57
294.22
277.41
276.44
295.07
277.65
276.23
295.46
277.41
276.19
295.24
277.12
276.32
293.36
276.54
276.55
290.16
276.15
276.39
289.08
275.79
276.87
287.57
275.66
277.24
287.25
275.72
277.77
286.71
276.05
278.79
285.9
275.93
279.42
284.78
275.62
279.68
284.37
276.01
279.47
284.4
275.97
279.93
283.9
276.07
280.42
284.08
276.02
280.39
282.58
275.96
279.03
280.31
276.04
278.81
279.12
275.87
278.75
279.13
275.79
278.85
281.09
276.85
278.44
282.63
276.85
278.42
284.48
277.68
278.14
286.04
277.95
278.23
286.74
277.52
278.75
287.61
276.91
279.02
288.26
276.51
278.91
288.21
277.01
277.87
287.12
276.74
276.51
284.84
276.33
275.88
283.66
275.84
275.67
282.79
275.48
275.35
282.3
275.37
275.3
282.14
275.43
275.14
282.06
275.73
275.19
282.49
275.18
275.18
282.19
275.2
274.99
281.58
273.99
274.94
280.32
274.13
274.82
279.49
274.42
274.48
278.59
274.54
274.29
278.45
274.6
274.46
278.09
274.45
274.79
279.92
273.91
274.81
284.98
274.5
274.93
287.88
274.57
274.99
291.36
274.5
275.35
293.89
275.0
275.96
295.73
276.08
276.41
297.15
276.15
276.77
297.95
276.05
276.68
298.08
276.58
276.74
295.76
275.54
276.05
291.81
274.72
275.44
290.1
274.47
275.31
289.67
274.48
275.32
289.27
274.9
275.19
288.51
275.2
275.3
288.24
275.7
275.13
289.2
275.31
274.95
289.27
275.81
275.02
289.37
275.71
275.31
288.92
275.41
275.29
289.66
274.99
275.54
290.82
274.48
274.67
291.58
274.14
274.21
291.44
274.16
274.51
291.94
274.0
274.75
293.14
273.94
275.16
294.17
274.4
275.6
295.37
274.58
276.55
296.4
274.34
276.82
296.62
275.2615
277.985
289.6765
275.19
279.15
297.91
275.77
279.07
298.0
276.4
278.51
297.86
276.75
277.88
297.51
277.01
278.02
297.34
277.06
278.14
297.03
277.48
277.93
293.63
277.48
277.95
292.32
277.61
277.74
288.52
277.67
277.29
284.43
277.95
277.2
280.68
277.29
276.94
279.36
276.65
277.37
278.18
276.42
278.17
277.85
276.17
278.48
277.75
276.02
279.27
277.38
276.08
279.5
277.02
276.39
279.19
277.25
276.1
278.57
278.64
276.43
278.09
279.75
276.83
278.22
281.3
276.93
278.13
282.385
277.03
278.04
283.47
277.03
277.7
283.85
277.07
277.35
284.09
277.15
277.52
283.76
277.75
277.93
282.88
277.67
277.53
281.45
277.71
277.36
279.92
277.45
276.72
278.24
277.34
276.21
277.18
276.65
275.79
276.15
276.69
275.38
275.56
276.33
274.74
275.24
276.12
274.52
274.32
276.5
273.67
273.44
275.84
273.31
273.13
275.46
273.48
273.13
274.92
273.35
273.23
274.94
273.12
273.09
274.85
273.47
273.56
274.73
274.13
275.11
274.58
274.83
278.97
274.96
275.24
282.44
275.27
275.77
285.24
275.64
276.31
287.92
276.22
277.13
289.22
275.97
278.57
290.58
275.02
279.57
290.7
274.93
280.12
290.16
275.51
279.82
288.3
276.02
278.37
285.84
276.11
277.72
284.67
276.01
276.82
284.26
275.3
276.48
282.95
275.38
276.89
282.11
275.08
276.84
282.27
275.08
276.72
281.8
274.91
276.69
280.97
275.11
276.91
280.01
275.22
276.89
279.015
275.33
276.87
278.02
275.78
277.17
277.1
276.0
277.53
275.96
276.03
277.33
275.02
275.7
277.67
276.09
275.72
277.77
280.1
275.97
277.79
284.17
276.71
277.86
286.8
276.88
278.18
289.26
276.68
278.62
290.84
276.13
279.69
292.02
276.25
280.22
292.06
276.87
280.41
291.69
277.12
280.43
290.82
277.76
279.9
289.82
278.0
279.14
289.32
278.06
279.03
288.74
278.33
279.08
288.44
278.56
279.04
288.06
278.69
278.82
287.83
278.8
278.53
287.52
278.88
278.27
287.17
278.75
277.94
287.25
278.97
277.43
286.82
278.48
277.66
286.41
278.21
277.84
286.06
278.34
277.67
285.68
278.22
277.91
285.53
277.56
278.08
285.99
277.32
277.95
288.0
277.45
277.95
289.14
277.64
278.0
289.82
277.76
278.48
290.79
278.06
279.59
290.92
278.21
280.24
290.99
278.61
279.7
290.34
278.22
279.47
289.27
278.27
279.1
287.66
277.79
278.54
285.0
277.57
278.39
283.81
277.4
277.75
282.97
277.35
277.16
282.29
276.98
276.83
281.76
277.07
276.42
281.13
277.1
276.3
279.75
276.9
276.25
278.68
277.05
276.43
277.61
276.86
276.59
276.72
276.43
276.96
275.84
276.62
277.25
275.2
276.87
277.32
274.47
276.73
277.28
273.9
276.69
277.1
273.86
276.69
276.99
275.25
276.79
276.69
276.91
276.66
277.31
279.2
276.59
277.85
281.4
276.87
278.11
282.22
277.43
278.5
283.5
277.81
278.63
284.27
277.64
278.64
284.05
277.28
278.75
282.65
276.89
278.3
281.55
276.77
278.02
281.13
276.63
277.55
280.92
276.55
277.4
280.88
276.45
276.73
280.34
276.17
276.8
280.33
276.13
276.47
280.5
276.2
276.12
280.55
276.13
276.06
278.96
275.94
276.11
278.49
275.7
275.95
279.75
275.29
276.06
280.57
276.21
276.45
281.37
275.55
276.5
280.56
275.71
276.78
280.03
275.87
276.87
280.06
275.88
277.02
279.92
276.1
276.76
279.01
276.38
275.85
276.31
277.02
275.8
275.55
276.86
275.79
274.38
275.86
275.47
272.68
275.11
276.5
271.72
274.86
276.68
271.04
275.77
276.99
271.36
275.92
277.11
271.4
276.02
277.16
271.35
275.92
277.36
271.17
276.3
277.41
271.04
276.4
277.36
271.08
276.8
276.56
270.74
276.53
277.46
269.97
276.4
277.45
269.67
276.37
277.46
268.88
276.44
277.2
268.34
276.57
276.96
267.85
276.63
276.82
267.44
276.63
276.59
267.36
276.37
276.57
267.56
276.52
276.68
268.65
276.44
276.62
269.26
276.89
276.75
270.38
277.04
278.03
271.05
277.35
278.39
271.72
277.58
279.04
272.12
277.75
279.25
272.24
277.57
279.3
271.82
277.64
279.08
271.36
277.47
279.02
270.68
277.52
278.71
270.58
277.29
278.8
270.74
277.13
278.8
270.64
277.13
278.68
270.37
276.94
278.68
269.92
276.87
278.68
269.82
276.75
278.56
269.51
276.75
278.56
269.42
276.55
278.4
269.3
276.55
278.3
269.66
277.51
278.29
270.07
277.13
278.21
270.02
277.03
278.18
270.1
277.03
277.98
270.57
276.75
277.54
271.9
276.47
277.6
272.91
276.47
278.09
274.43
276.68
278.21
276.2
276.89
278.33
277.97
276.88
278.49
278.68
277.3
279.08
279.2
277.41
279.22
279.34
277.38
279.4
279.34
277.12
278.78
279.3
276.99
278.06
279.24
276.92
277.55
279.07
276.69
277.59
279.03
276.8
277.27
278.76
277.23
276.93
278.36
277.17
277.04
278.18
277.19
276.88
277.92
277.17
276.93
277.82
276.97
276.92
277.29
276.75
276.9
277.07
276.55
277.23
276.9
276.81
276.68
276.67
276.72
276.77
276.41
276.96
276.81
276.27
276.71
276.64
276.36
276.51
276.11
276.67
277.04
276.53
276.63
277.48
278.31
276.49
277.83
279.57
276.63
277.73
280.23
277.4
278.49
280.85
277.47
278.05
280.91
277.08
278.54
280.59
275.64
277.97
279.76
274.97
277.49
278.98
274.53
277.23
278.85
274.17
277.57
278.51
273.49
277.28
278.17
273.01
277.22
277.65
272.74
277.24
277.25
272.02
277.1
277.11
271.67
277.1
276.85
271.53
277.35
276.42
270.95
277.18
276.58
270.91
276.93
276.49
270.73
276.82
276.27
270.52
273.6425
275.5125
269.7925
276.87
276.26
270.92
276.91
275.79
273.09
276.33
276.08
273.37
276.39
276.43
275.69
276.73
276.87
277.28
276.85
277.05
278.28
277.34
277.34
279.15
277.54
277.28
280.49
277.46
277.13
280.49
277.27
277.13
279.73
276.89
276.93
276.68
277.21
276.69
274.94
277.21
276.8
274.08
276.93
276.73
273.42
276.65
276.8
273.09
275.41
276.63
272.7
275.805
274.815
273.3
276.2
273.0
273.9
276.2
273.0
273.9
275.05
275.91
271.94
274.71
275.48
271.89
274.25
275.33
272.06
274.49
274.84
271.82
274.27
274.69
271.9
274.2
274.68
272.82
273.73
274.77
275.89
273.51
274.72
277.92
273.57
274.82
279.07
274.3
275.5
280.23
275.04
276.42
280.97
275.46
276.33
281.26
276.55
277.14
281.54
276.49
276.86
281.25
276.66
276.57
280.28
275.04
276.09
279.65
274.26
275.55
279.4
274.14
274.85
279.36
274.42
274.6
278.72
273.6
274.1
278.72
274.16
273.89
278.67
273.62
273.77
278.35
274.12
273.05
278.67
274.12
273.15
278.62
273.96
273.19
277.82
273.65
273.23
276.76
273.59
272.91
276.49
273.52
273.12
276.8
273.77
272.89
277.02
273.89
272.98
277.2
273.56
273.28
277.91
273.68
273.36
278.4
274.15
273.75
278.62
274.51
274.56
279.3
274.68
275.18
280.19
275.16
275.65
281.3
275.59
275.94
282.22
276.06
276.48
282.27
275.92
276.58
282.22
275.14
275.96
282.17
274.67
275.2
282.07
274.27
274.89
281.82
274.51
274.45
281.78
