287.13
286.54
295.37
287.31
285.83
296.94
287.63
286.93
299.32
288.69
286.97
301.37
289.45
288.55
303.93
290.26
290.15
305.94
292.62
290.61
307.82
292.96
292.56
308.77
293.5
293.909
309.77
294.04
294.48
310.77
294.52
294.9
310.57
294.96
294.98
309.9
295.51
295.55
308.16
295.05
295.52
306.18
294.53
295.18
304.4
293.52
293.79
303.2
292.45
292.04
302.63
291.58
290.67
301.73
290.57
289.02
301.09
289.22
288.55
300.19
289.19
287.63
299.19
288.51
286.68
298.6
288.08
286.46
297.89
287.61
286.24
296.99
287.3
286.06
296.54
287.29
286.05
298.54
287.9
287.05
300.8
288.8
287.13
303.31
289.92
288.63
305.21
290.82
291.32
306.93
291.74
293.05
308.49
293.25
294.73
309.22
294.08
295.91
309.55
294.63
297.7
310.46
295.34
299.44
310.07
296.06
298.37
308.83
297.21
297.93
308.31
297.46
297.6
306.43
296.59
296.89
304.88
295.64
296.12
303.54
294.33
293.74
302.73
292.72
291.36
301.83
291.17
289.68
300.93
291.24
289.05
300.13
290.83
287.66
299.49
290.02
287.24
298.73
289.51
286.97
298.3
288.81
286.34
297.75
288.78
286.21
297.34
288.41
286.11
299.32
288.62
287.45
301.26
289.46
286.68
303.43
290.54
287.99
304.98
291.6
288.9
307.08
292.41
289.73
308.09
293.08
291.28
309.21
293.56
293.35
309.82
294.3
295.93
310.33
294.93
297.36
310.43
295.53
296.73
309.38
295.2
297.16
308.49
294.74
297.26
307.15
294.24
296.79
305.92
293.39
295.62
304.6
292.43
293.12
303.9
291.74
291.4
302.87
290.71
289.38
302.0
291.11
287.92
301.25
289.77
286.74
300.51
289.35
286.09
299.74
288.57
286.07
299.1
288.26
286.09
298.6
287.72
286.08
298.37
287.35
286.08
299.37
287.82
285.87
300.56
289.2
286.31
302.54
290.0
287.28
303.82
291.23
288.53
305.98
292.07
290.41
307.2
292.69
292.51
308.81
293.47
294.16
309.59
294.35
297.02
309.63
295.13
298.47
309.82
295.53
297.72
309.54
296.41
297.97
307.71
295.92
298.35
305.93
296.03
298.06
304.59
294.75
296.77
303.46
293.88
294.34
303.15
292.46
292.09
302.59
291.64
290.26
302.03
291.08
289.27
301.29
289.97
288.73
300.65
289.77
288.05
300.0
289.03
287.72
299.55
288.51
286.9
299.19
288.24
286.13
299.03
288.09
286.85
299.82
289.13
288.26
301.26
290.47
290.08
303.37
291.57
292.95
305.27
293.0
295.02
307.03
295.83
296.84
308.48
295.12
299.13
309.37
295.52
299.76
310.43
296.66
302.1
311.39
297.32
302.42
310.75
297.89
300.82
311.06
298.11
300.58
310.21
298.01
300.31
308.76
297.9
299.44
306.97
297.13
298.42
305.81
295.54
295.47
304.32
293.92
292.62
303.32
293.07
291.19
302.99
292.29
289.88
303.09
291.17
288.9
302.37
290.12
287.67
302.1
289.59
287.14
301.55
288.73
286.68
301.23
288.39
285.93
301.05
286.635
285.945
302.02
288.63
286.85
302.9
289.46
287.86
305.25
289.36
287.75
306.84
290.19
288.24
308.44
291.48
289.35
309.39
292.2
290.03
310.52
293.56
290.47
311.2
293.85
291.8
312.19
296.02
293.14
312.6
295.42
294.11
312.06
295.36
294.71
311.24
295.67
293.81
309.82
295.17
293.69
307.81
293.19
292.22
306.06
292.08
290.53
305.27
290.55
288.57
304.49
289.75
287.38
303.74
288.15
286.85
303.24
288.46
287.12
302.59
288.17
285.85
302.15
287.63
285.96
301.55
287.34
285.28
301.56
287.25
285.17
301.05
287.15
284.61
302.04
287.3
285.737
303.675
287.45
285.81
305.31
288.41
286.78
306.6
289.0
286.96
308.14
290.05
288.69
310.0
290.98
290.54
311.6
292.14
290.67
311.99
292.71
292.75
311.27
293.16
293.39
310.53
293.93
293.21
304.15
292.98
293.02
304.51
292.64
292.13
304.27
293.05
291.66
303.02
291.77
289.89
302.11
290.76
289.21
301.45
289.03
288.33
300.9
288.29
287.46
300.23
287.08
286.71
299.43
286.93
285.99
299.06
286.61
284.76
298.36
286.03
284.44
297.97
285.99
283.98
297.53
285.68
283.72
297.59
285.21
283.86
299.19
285.96
284.86
301.42
286.8
286.27
303.43
287.7
287.47
305.68
289.2
288.72
307.72
289.93
288.3
309.54
291.18
289.09
310.94
291.4
291.34
311.35
292.01
290.63
311.91
293.46
290.99
312.22
292.96
290.9
311.48
293.18
290.97
310.37
293.22
290.85
308.64
292.83
290.45
307.03
292.52
291.09
305.81
291.02
288.59
304.79
290.12
286.79
304.0
288.82
285.69
303.24
287.9
285.44
302.49
287.23
284.3
301.98
286.8
283.84
301.2
286.26
282.77
300.7
285.31
282.4
300.1
284.83
281.73
299.48
284.73
281.95
300.02
286.27
284.23
301.76
287.43
287.09
303.5
288.05
289.28
305.93
289.34
290.71
307.26
290.6
291.87
309.26
292.75
293.2
310.31
292.25
294.28
310.92
293.1
295.04
311.59
293.91
295.39
311.43
294.24
295.51
310.19
294.96
296.04
308.76
294.83
296.18
307.14
294.74
295.74
305.37
294.01
294.86
304.11
292.58
292.26
302.7
290.6
290.27
301.64
289.91
289.2
300.44
289.24
288.4
299.34
288.89
287.56
298.39
287.83
286.93
298.19
287.95
286.22
297.65
287.51
285.55
297.69
287.04
285.35
297.1
285.948
286.800666667
293.164666667
287.775
288.251333333
293.558333333
289.1515
289.866
294.3515
291.128666667
291.262
294.612
292.655333333
292.822
295.272
292.151
293.325
295.675
294.354666667
295.237333333
296.420666667
294.527333333
296.092666667
296.909333333
294.7
297.52
295.19
295.49
297.8
294.94
295.43
298.14
295.17
295.05
297.97
295.31
295.01
297.35
295.09
294.4
296.74
294.63
293.79
295.055
294.46
293.06
293.37
294.29
291.55
291.51
294.27
291.42
289.88
294.11
290.3
288.67
293.59
289.94
288.01
293.59
289.45
286.6
293.4
288.83
285.49
292.83
288.07
284.73
292.85
287.59
284.15
293.05
287.46
284.25
292.93
288.52
286.65
293.55
288.59
289.17
293.94
290.57
291.55
294.73
291.5
294.78
294.76
293.42
292.04
294.68
294.5
294.73
295.105
295.58
297.42
295.53
296.62
299.55
295.78
297.63
300.01
295.7
298.24
298.77
295.71
298.37
298.27
295.71
298.03
298.23
295.62
298.59
298.1
295.64
296.86
296.69
295.7
294.51
294.61
295.58
293.31
293.35
295.39
292.08
292.31
295.07
291.86
291.47
294.85
291.26
290.24
294.66
290.26
289.51
294.78
289.83
288.95
294.76
289.34
288.46
295.2
289.77
288.35
294.86
289.01
288.54
295.26
289.89
291.12
296.22
290.21
293.1
297.77
292.51
295.12
298.83
296.18
299.01
300.13
296.86
299.45
301.21
297.54
299.89
302.29
298.96
300.12
303.83
300.5
303.03
305.09
301.17
302.29
304.65
299.24
299.46
298.04
297.54
299.65
297.59
296.72
298.27
297.39
295.76
296.9
297.22
295.22
294.98
295.74
294.48
294.24
294.84
293.79
293.64
295.12
293.35
293.03
294.91
292.9
291.32
295.22
292.8
289.57
294.97
293.06
288.37
295.07
292.11
288.15
295.12
291.98
288.05
296.41
292.22
288.04
297.42
291.61
289.11
299.17
294.11
290.05
300.72
294.29
291.28
302.36
294.47
291.73
303.74
295.67
292.18
305.12
296.91
292.71
304.64
298.15
295.77
303.65
297.06
295.73
304.95
296.68
294.39
304.34
296.62
293.45
301.88
296.24
293.83
300.64
295.65
293.77
299.64
294.64
292.9
298.84
293.09
290.63
298.35
292.13
288.9
297.75
291.47
287.81
296.98
290.94
286.96
296.71
289.81
286.4
296.31
289.73
285.87
296.05
288.618
287.833
295.77
290.24
286.82
295.49
290.13
287.04
295.43
290.13
287.16
297.29
288.95
287.6
299.4
289.92
288.15
301.87
291.77
289.24
304.09
292.14
290.49
305.32
293.29
291.89
305.87
293.78
292.86
306.56
294.82
294.97
308.15
295.31
298.0
308.46
295.98
298.61
308.11
296.4
298.08
305.79
296.94
298.1
305.83
296.63
297.36
303.65
296.35
296.44
302.94
295.08
295.06
301.82
294.34
292.77
301.01
293.05
290.38
300.0
291.77
289.28
299.29
291.31
288.23
298.64
290.87
287.61
298.55
290.36
286.77
298.14
289.68
285.71
297.65
289.47
285.41
297.54
288.89
284.32
297.21
288.2
285.14
298.71
288.63
286.09
301.06
289.21
287.88
303.22
290.41
289.25
305.21
291.85
290.49
306.82
292.73
292.66
307.26
293.87
294.01
308.66
294.62
296.39
304.71
295.63
299.35
301.58
296.12
300.05
301.01
296.69
299.61
302.57
297.26
299.54
302.76
297.25
299.21
302.09
294.7885
296.3935
300.735
296.04
296.76
299.38
294.73
293.74
298.75
293.09
291.27
298.1
292.56
290.48
297.48
291.45
288.43
297.19
290.98
287.82
296.99
290.21
286.73
296.93
289.2
285.62
296.38
288.68
285.86
296.04
288.04
286.42
296.2
287.67
285.96
296.91
288.55
286.03
298.99
288.74
286.41
301.49
289.52
286.74
303.88
290.22
287.19
305.87
291.86
288.16
307.6
292.9
289.05
307.85
293.95
291.01
307.42
294.62
292.97
307.22
296.31
294.67
305.79
296.15
295.32
303.75
295.84
295.64
303.95
295.65
295.74
303.03
295.91
295.13
301.86
294.62
294.36
301.1
293.04
292.05
300.41
291.9
290.46
299.55
290.94
289.43
298.75
290.4
288.57
298.3
289.02
286.95
297.8
288.79
287.0
297.48
288.1
286.66
297.29
287.5
286.34
296.95
286.74
286.39
296.76
286.55
286.48
297.71
287.0
285.92
299.83
287.98
286.4
301.98
288.97
286.88
304.55
290.62
287.13
305.68
293.05
288.02
307.43
294.1
289.96
308.09
293.72
292.19
308.87
295.19
295.66
308.87
295.31
295.78
309.25
295.83
296.82
309.21
295.93
296.73
307.6
295.44
297.03
306.49
295.56
296.67
304.95
294.403333333
294.806666667
303.83
292.261
292.256
303.136
292.09
291.08
301.59
290.97
289.12
300.67
290.35
287.72
300.19
290.02
287.07
299.95
289.05
286.82
299.7
288.19
286.96
299.2
288.36
286.12
298.65
288.05
286.18
298.5
288.11
286.02
299.25
288.33
286.02
300.38
288.54
286.2
302.22
289.69
287.0
304.27
291.02
288.07
305.94
292.59
290.41
307.6
293.02
292.31
308.87
294.16
294.61
310.03
295.56
296.195
310.045
296.96
297.78
310.06
296.27
298.19
309.7
296.36
298.01
308.6
295.96
298.8
307.22
296.13
298.49
305.87
295.03
296.97
305.25
293.72
294.27
304.3
292.34
291.89
304.02
291.6
290.66
303.53
290.48
288.92
301.907
290.33
285.91
301.5
288.65
285.74
301.145
287.822333333
285.616666667
300.79
286.994666667
285.493333333
300.3535
288.01
285.37
299.7
287.48
284.92
300.37
287.37
285.3
301.41
289.59
287.54
303.04
290.97
289.51
304.51
292.29
293.17
306.54
293.78
295.5
307.95
295.09
297.37
309.41
296.32
299.33
310.33
296.76
301.9
310.8
297.73
301.55
310.93
298.0
301.61
310.19
298.74
301.53
308.89
298.56
301.06
307.72
297.98
300.2
306.17
297.25
298.55
305.44
295.26
295.69
304.3
294.21
293.29
303.93
293.37
291.84
302.86
292.24
290.17
302.53
291.22
288.87
302.04
290.0
288.43
301.33
289.27
287.05
300.95
288.93
286.54
299.78
288.14
286.22
298.5
287.82
286.33
298.33
288.82
287.68
298.95
289.31
289.89
298.04
290.68
292.46
298.79
292.34
295.06
301.42
293.9
297.43
303.71
294.83
298.56
306.83
297.07
300.19
308.71
297.78
301.41
309.61
298.49
301.72
309.82
298.16
302.24
308.15
298.24
301.29
306.99
298.62
300.72
305.26
297.51
300.16
303.59
297.91
298.51
302.22
295.34
295.56
301.27
293.19
293.31
300.52
292.46
291.12
299.85
291.69
289.06
299.09
290.64
288.33
298.41
289.58
286.93
297.94
288.56
286.14
297.37
288.03
285.6
297.09
288.11
284.96
297.03
287.3
284.81
297.83
287.66
285.05
299.82
289.1
289.11
301.97
290.652666667
291.62
303.6
292.205333333
294.13
305.23
293.16
296.64
306.86
294.57
297.31
307.35
295.36
298.63
308.21
296.32
300.88
308.2
296.95
300.76
308.33
297.64
300.83
308.15
297.57
300.33
306.67
297.4
299.98
304.82
297.02
299.73
304.4
296.48
298.0
303.92
294.74
295.04
303.25
293.15
292.52
302.65
292.66
291.01
302.04
291.73
289.68
301.5
290.64
288.37
301.56
290.32
287.47
300.84
289.64
286.65
300.4
289.2
286.0
300.13
288.77
284.55
299.51
288.25
284.74
298.34
288.67
286.72
298.15
289.44
290.37
298.02
290.86
292.79
299.02
292.06
295.21
301.9
292.85
297.43
303.76
294.08
298.41
306.13
294.93
299.87
307.25
295.3
302.1
308.09
296.12
301.44
305.48
297.03
301.29
304.77
296.5
300.92
303.66
296.28
300.28
302.31
295.88
298.98
300.99
295.03
297.67
300.12
293.83
293.94
299.35
292.16
292.0
298.49
291.36
290.27
298.05
290.36
288.5
297.5
289.86
287.2
296.68
289.65
286.54
296.46
288.97
285.64
296.15
288.82
284.93
296.0
288.45
284.22
295.81
288.5
283.66
296.09
289.01
285.44
297.21
289.29
286.26
298.6
290.03
287.37
299.78
290.62
289.06
301.23
291.67
290.22
302.53
292.8
292.49
303.71
294.07
293.98
304.94
294.68
297.34
305.45
295.23
297.54
305.86
295.85
298.4
305.61
295.36
297.91
304.93
295.27
297.89
303.32
294.86
297.56
301.92
294.0
296.36
300.62
293.22
293.16
299.65
291.68
291.07
298.74
290.56
289.57
297.68
289.05
288.68
296.48
289.25
287.31
295.82
288.56
286.25
295.26
288.39
285.69
295.12
287.57
285.06
294.68
287.34
284.77
293.82
287.24
285.14
295.43
287.35
284.86
298.47
289.71
285.38
302.04
289.891
285.845
302.955
291.17
286.31
303.87
292.32
287.26
304.87
293.73
288.67
306.04
294.46
290.11
306.48
295.42
290.59
307.04
295.85
291.76
307.46
295.08
292.3
307.35
296.12
292.58
306.54
295.06
292.96
305.06
295.05
292.19
303.6
293.88
291.12
302.84
291.88
287.18
301.77
291.385
286.515
301.455
290.89
285.85
301.14
290.21
285.14
300.6
289.73
285.11
300.09
289.41
284.23
299.8
288.99
285.11
299.34
288.31
286.12
298.9
287.89
285.11
298.54
287.78
285.85
298.95
288.03
285.81
299.63
289.04
286.94
300.57
290.34
288.29
302.52
291.19
290.37
304.95
293.24
291.17
305.45
293.8
293.951
306.365
294.36
295.11
307.28
296.19
295.87
308.14
296.75
296.78
309.37
296.79
297.63
308.78
297.28
297.25
307.84
296.91
297.47
306.82
296.08
296.8
305.62
294.64
295.42
304.05
293.41
293.21
303.86
292.48
290.94
303.53
291.46
289.21
302.59
290.69
288.16
302.04
290.11
287.53
301.245
289.69
286.9
300.45
289.15
285.71
299.7
288.82
285.94
299.26
288.47
285.56
298.83
287.91
285.78
299.37
288.5
286.04
300.48
288.91
286.13
301.12
290.34
286.65
302.9
291.89
287.85
305.15
293.27
290.55
306.24
294.28
291.78
308.04
295.14
293.33
308.82
296.25
296.21
309.26
295.71
296.8
309.94
297.15
297.12
310.15
296.81
297.56
309.14
296.21
297.11
308.15
295.66
296.7
306.79
294.39
295.46
305.26
293.38
292.47
304.39
291.74
290.43
303.4
291.09
288.93
302.65
290.38
287.78
302.54
290.21
286.94
302.04
289.73
286.77
301.44
289.44
286.65
300.73
289.16
286.2
299.94
288.38
286.0
299.75
288.14
286.47
300.26
288.11
286.21
301.65
289.11
286.18
303.55
290.52
286.7
305.15
292.21
287.31
306.85
293.44
287.52
308.99
294.14
288.89
310.15
294.88
289.82
311.22
296.06
291.81
312.46
297.27
294.55
311.98
295.33
294.15
310.938
295.36
294.15
310.382
295.0
293.938
310.382
294.64
294.03
306.5
293.725
293.14
305.855
292.81
292.25
305.21
292.4
290.99
304.55
291.93
288.65
303.63
291.7
289.08
303.2
291.5
288.33
302.53
291.12
287.28
301.79
290.74
286.17
301.01
290.74
285.78
300.58
290.21
285.96
299.88
289.58
285.46
300.65
289.07
285.78
302.8
289.69
286.91
305.17
289.56
287.12
306.98
290.47
288.67
308.64
291.56
290.24
310.31
292.76
290.238
310.78
293.5
290.47
312.09
294.18
292.41
312.47
294.32
291.69
312.32
293.91
292.25
311.83
293.57
291.88
310.74
293.43
291.16
309.01
292.73
291.16
307.45
291.61
290.03
306.35
290.97
289.36
304.9
290.28
288.89
303.8
289.74
287.73
303.14
289.73
287.6
302.31
289.63
287.45
301.65
289.32
287.62
301.01
288.97
287.34
300.61
286.9005
287.54
300.245
288.58
287.74
299.88
288.38
286.76
300.79
288.5
287.185
303.39
288.26
287.61
305.99
288.26
288.25
308.28
288.37
288.14
309.99
288.42
288.05
311.54
288.51
289.2
312.04
288.47
289.59
312.39
288.99
288.84
312.74
289.04
289.2
313.39
289.31
288.76
312.95
289.61
288.57
311.5
289.87
288.52
309.51
289.59
289.01
307.66
289.46
288.3
306.24
289.09
288.3
305.46
288.84
287.85
304.65
288.67
287.86
304.14
288.62
288.13
303.54
288.51
287.91
302.88
288.61
287.91
302.25
288.63
287.92
301.49
288.62
287.34
300.79
288.51
287.9
300.07
288.62
287.94
300.94
288.61
287.95
302.46
288.93
287.56
304.26
289.3
288.01
306.6
290.0
289.47
308.59
290.39
290.42
310.56
291.77
293.0
311.93
292.64
293.3
312.92
293.07
294.54
312.93
294.22
296.14
313.33
294.02
295.86
312.33
294.1
295.53
310.44
294.21
296.04
308.77
294.2
294.66
306.97
293.15
293.47
305.37
291.22
291.17
303.96
290.045
290.285
303.325
290.41
289.4
302.69
290.29
288.23
302.61
289.67
287.4
302.44
289.12
286.87
301.66
288.64
287.26
301.1
288.81
286.11
300.56
288.69
286.42
300.0
288.78
285.62
301.06
289.1
286.44
302.42
289.83
287.49
304.2
290.34
289.24
306.54
291.16
292.39
308.59
292.36
294.84
309.81
294.04
296.45
311.34
294.66
297.58
311.39
295.49
299.49
312.46
297.29
299.73
312.91
296.48
299.08
312.23
296.42
299.03
310.13
296.52
298.6
308.59
296.45
297.99
306.92
295.26
296.68
305.63
293.42
294.17
304.52
292.75
292.54
304.16
292.13
291.71
303.25
291.54
290.38
303.26
290.74
289.31
302.83
290.35
288.9
302.3
289.73
287.82
301.94
