282.23
282.5925
275.0675
282.174
282.538333333
273.555
282.174
281.733666667
272.917
282.174
281.685
273.335
281.975
280.628333333
272.345
281.975
280.327666667
272.411
281.975
280.63
275.7925
281.894
280.128333333
274.753333333
281.606
280.229666667
277.029666667
281.658507811
281.2225
279.6725
281.993
281.026666667
281.826666667
281.993
281.722333333
284.347333333
281.783
282.829
284.9415
282.502
283.387666667
288.104333333
282.502
284.357333333
289.340666667
282.502
284.024
288.124
282.405
285.428
290.178
282.405
285.529
289.779
282.405
284.836
286.886
282.159
285.201666667
287.318333333
282.159
284.773333333
285.256666667
282.159
284.322
284.7845
282.292
283.901333333
282.193
282.292
283.457666667
281.191
282.292
283.2815
280.5315
282.125
282.748666667
279.415333333
282.125
282.483333333
278.641666667
282.125
282.634
277.7215
282.207
282.23
276.996666667
282.207
282.242
276.125333333
282.207
282.0815
280.1065
281.81
282.151
277.617666667
281.81
282.048
279.981333333
281.445
282.5215
283.959
281.96
282.226333333
285.784666667
281.514
282.507666667
289.224333333
281.562127509
282.925
289.4
282.03
283.161
293.927666667
282.03
283.533
295.191333333
282.03
283.4695
293.169
282.099
283.986666667
295.528
282.093177498
284.068333333
294.601
282.099
282.7965
291.834
282.099
283.329333333
291.520333333
281.334
282.508666667
289.366666667
281.334
282.06
289.897
280.852
281.115333333
286.848666667
280.852
280.542666667
286.484333333
280.852
280.461
286.0485
280.624
279.724666667
285.708
280.624
279.479333333
285.296
280.624
280.0135
284.0385
280.583
279.508333333
283.908333333
280.583
279.782666667
282.932666667
280.583
279.4705
285.333
280.316
279.940333333
283.232
280.316
279.823666667
284.507
280.082
280.196
286.7585
280.585
279.916333333
287.708
280.441793478
280.125666667
289.634
280.585
281.075
289.2875
280.585
281.037666667
291.971
281.559324238
281.740333333
292.382
281.487856136
281.5565
291.994
282.946333333
282.554666667
292.671333333
282.999666667
282.666333333
292.549666667
282.0816121
281.496
291.4585
282.411778626
282.035
291.66
281.373
281.292
290.892
280.823011834
281.1045
290.6295
277.943
280.176333333
289.693
277.212
279.803666667
289.262
280.101747835
279.8065
287.019
280.857
279.308666667
287.192
280.857
279.186333333
285.553
280.857
279.1105
283.023
280.733
278.972666667
281.681
280.733
278.881333333
279.448
280.733
278.5925
279.305
280.606
278.567
276.375333333
280.606
278.344
275.535666667
280.727133215
279.832
276.307
281.449
279.038666667
274.930333333
281.091794542
279.956333333
275.164666667
281.449
281.2395
275.752
282.658
282.035333333
275.868666667
282.833749465
283.196666667
276.338333333
282.658
282.96
276.235
282.721
284.587333333
276.895666667
282.721
284.816666667
276.983333333
282.721
283.087
275.1995
281.605
283.969333333
275.911
281.605
282.892666667
274.751
281.605
282.6035
274.491
281.401
281.264333333
273.031
281.401
280.712666667
272.471
281.401
280.6435
271.906
281.039
279.931
271.347666667
278.989402446
279.701
270.784333333
278.575087008
279.363
271.5505
274.144
279.169
270.544
273.817
278.867
270.867
273.6845
278.522
271.9095
273.292666667
278.234333333
271.992666667
273.095333333
277.903666667
272.795333333
276.192
279.5045
274.7795
274.896666667
278.53
275.188333333
276.895333333
279.487
276.778666667
277.533255753
280.592
277.917
279.979805363
281.499666667
279.658
282.111
282.555333333
280.947
282.112198458
282.0315
280.319
282.169
283.613666667
282.247
282.28349764
283.616333333
282.258
282.169
282.3415
280.104
281.239
282.77
280.836666667
281.239
281.921
279.404333333
281.239
280.8
279.0625
280.832
280.041666667
277.266666667
280.832
279.011333333
276.561333333
280.832
279.319
275.319
280.683
277.842666667
274.792666667
280.683
277.704333333
273.729333333
280.683
277.9545
272.467
280.408
277.686666667
271.47
280.408
277.807333333
270.274
280.408
277.339
274.4265
280.118
277.656
271.447666667
280.118
277.384
273.817333333
280.118
280.0115
275.9865
280.761
278.773
278.423
281.22
280.434
280.659
281.27178878
281.153
280.9155
281.919
283.128
283.811333333
282.125332083
284.161
284.727666667
281.919
283.3935
283.6685
281.942
285.026666667
285.243333333
281.942
284.859333333
284.842666667
281.942
283.6295
281.6795
281.322
283.816333333
282.199666667
281.322
282.940666667
279.957333333
281.322
282.4625
279.75
281.155
281.454333333
276.829333333
281.155
280.843666667
275.943666667
281.155
280.7595
275.4845
280.583
279.973333333
274.456666667
280.15768185
279.713666667
273.855333333
280.583
280.204
273.804
280.415
279.694333333
273.019333333
280.415
279.934666667
272.784666667
280.415
279.8765
274.4265
279.946
280.216333333
273.566333333
279.949
280.257666667
274.582666667
279.946
280.681
277.806
280.462
280.595
278.086666667
280.390166405
280.891
280.574333333
279.992
281.3595
281.797
281.395
281.598
284.706333333
281.40639576
282.009
286.350666667
281.395
282.094
285.469
281.601
282.613666667
287.955333333
281.601
282.807333333
287.915666667
281.601
282.062
286.062
281.012
282.568666667
286.627
281.012
282.136333333
285.378
281.012
282.0
285.7625
280.551
281.469
283.969
280.551
281.234
283.809
280.551
281.1145
284.077
280.492
280.841
283.774333333
280.492
280.683
283.899666667
280.492
280.787
284.5745
280.073
280.541666667
284.516666667
280.073
280.558333333
285.008333333
280.073
280.4605
285.648
278.898
280.515333333
286.090333333
278.898
280.455666667
286.680666667
278.898
280.8685
287.5435
278.938
280.651333333
288.043
280.412
280.906666667
288.815
280.437169591
281.4535
289.941
280.229979472
281.611666667
290.595
280.836
282.061333333
291.603
280.836
281.7405
291.8035
280.895
282.447
293.080666667
280.895
282.383
293.550333333
280.895
281.876
292.701
280.488
281.959666667
293.610333333
280.488
281.600333333
293.200666667
280.488
281.546
293.4465
280.028
281.085
292.818333333
280.028
280.929
292.845666667
280.028
280.745
292.6825
279.874
280.598333333
292.773333333
279.874
280.423666667
292.673666667
279.874
280.1965
292.7715
279.407
280.039333333
292.606
279.407
279.829666667
292.638
279.407
279.2275
290.4525
279.025
279.148666667
291.223666667
279.025
278.677333333
289.777333333
279.025
279.7575
290.7825
279.667
278.769
288.519
279.72
279.332
288.707
279.865822386
280.3165
289.3915
281.377
280.739
289.414
281.377
281.583
289.933
281.377
281.5465
289.1215
282.073
282.684
290.084
282.073
282.941
289.716
282.073
281.592
287.017
281.259
282.384333333
287.426
281.259
281.570666667
285.504
281.259
280.6615
285.474
280.78
279.879666667
282.921333333
280.78
279.002333333
282.260666667
280.78
278.561
281.5985
280.306
277.538333333
280.938333333
280.306
276.951666667
280.276666667
280.306
276.49
280.165
279.886
275.861666667
279.32
279.886
275.358333333
279.025
279.886
274.8625
279.775
278.936
274.356666667
279.131666667
278.936
273.858333333
279.533333333
279.006050022
276.6895
279.4895
279.474
275.081333333
280.039666667
279.474
276.802666667
280.144333333
279.783
277.8575
279.545
280.13
279.801
279.884333333
280.13
281.078
279.519666667
280.13
280.7035
278.5535
280.383
282.531
278.389333333
280.383
282.707
277.623666667
280.383
280.684
276.409
280.029
281.593
275.793
280.029
280.303
274.728
280.029
280.1925
275.055
279.974
278.509333333
273.526
279.974
278.005666667
273.389
279.974
277.1105
273.123
279.861
276.737333333
273.029
279.861
275.972666667
272.806
279.861
275.459
272.4215
279.507
274.610666667
272.252333333
279.507
274.013333333
271.921666667
279.507
273.776
271.851
279.084
273.058666667
271.433666667
279.219
272.701333333
271.276333333
279.308318838
275.8585
271.8085
279.977
274.329666667
271.421333333
280.101
276.315333333
271.723666667
280.101
277.121
271.646
280.748
279.5
272.075
280.889174427
280.699
272.124
280.748
280.495
271.8075
281.189
282.161666667
271.978333333
281.189
282.425333333
271.783666667
281.189
280.1845
271.172
280.288
281.283
271.116333333
280.288
279.877
270.643666667
280.288
279.323
270.748
279.834
277.633
270.083
279.834
276.795
269.995
279.834
276.629
269.9165
279.584
275.567
269.825333333
279.584
275.177
269.743666667
279.584
275.0775
269.715
279.201
274.590666667
269.615666667
279.201
274.394333333
269.569333333
279.201
274.126
269.951
278.764
273.953666667
269.762
279.14
273.709333333
270.001
278.764
277.4395
271.002
279.461
275.870333333
270.987
279.281126582
278.275666667
271.734
279.831
278.2635
272.3885
280.612
281.474666667
273.166333333
280.612
282.268333333
273.851666667
280.631640042
282.2405
273.328
280.775
283.308
274.416333333
280.775
283.554
274.295666667
280.775
281.094
272.594
280.135
282.242
273.000333333
280.135
280.684
271.825666667
280.135
280.275
272.3
280.135
278.334
270.575666667
280.251
277.542
270.500333333
280.251
277.8935
271.4185
280.251
276.720333333
271.012
279.983
276.690666667
271.599
279.983
276.782
271.4945
279.983
276.712
272.312
279.182
276.763
272.438
279.182
276.3795
272.7545
279.114
276.575333333
272.817
277.681569936
276.336666667
273.07
278.731
278.6215
273.9465
279.104
277.541666667
273.991666667
278.953548533
278.985333333
274.660333333
279.104
279.5545
275.242
279.136
281.289666667
275.939666667
279.136
282.150333333
276.550333333
279.136
281.4005
274.6755
279.147
282.798
276.114666667
279.147
282.585
275.068333333
279.147
281.846
274.446
279.195
281.808333333
273.258333333
279.195
281.244666667
272.494666667
279.195
281.223
271.673
279.335
280.478666667
270.928666667
279.335
280.276333333
270.126333333
279.335
280.2665
269.979
279.335
280.0
268.958333333
279.382
279.926
268.592666667
279.382
279.8165
270.9165
279.396
279.754333333
269.654333333
279.396
279.656666667
271.081666667
279.396
279.7495
270.137
279.088
279.588333333
272.355
279.247
279.617666667
272.201
279.247
280.2615
272.9865
279.312
280.086
272.519333333
279.539
280.525
272.991666667
279.312
280.881
273.206
279.965
281.347666667
273.764333333
280.131968326
281.731333333
274.064666667
279.965
282.057
273.1695
280.525
282.46
273.868333333
280.798185674
282.805
273.371666667
280.154094691
281.732
273.5445
280.716333333
282.549666667
272.824666667
280.057666667
281.949333333
272.774333333
279.9535
281.2785
272.066
279.11
280.701666667
272.235
278.821
280.054333333
271.746
278.7705
280.2705
271.4205
278.402
279.335333333
270.877
278.272
279.263666667
270.497
277.795
279.195
270.1575
277.780666667
279.122333333
269.764
277.419333333
279.052666667
269.411
276.821
279.0835
269.796
276.538666667
278.980333333
269.197
276.019333333
278.977666667
269.336
278.197
279.3845
269.522
276.778666667
279.245333333
269.645333333
278.057333333
279.515666667
269.815666667
279.246
280.321
269.9085
280.554666667
280.413
270.104666667
281.773333333
281.04
270.223333333
280.836957619
280.7635
270.0885
282.681051553
281.691666667
270.291666667
282.166
281.716333333
270.241333333
282.166
281.2175
270.305
281.397
281.416666667
270.216666667
281.397
281.092333333
270.242333333
281.397
281.1625
270.325
281.202
280.706666667
270.331666667
281.202
280.645333333
270.395333333
281.202
280.1015
270.589
280.579
280.201
270.609333333
280.579
279.818
270.759666667
280.579
279.4225
270.9225
279.861
279.043666667
271.068666667
279.861
278.652333333
271.227333333
279.861
278.324
271.6365
279.048
277.911666667
271.711666667
279.338
277.562333333
272.037333333
279.359609613
279.503
272.678
279.495
278.390333333
272.898666667
279.495
279.567666667
273.434333333
279.680616734
279.8165
273.3665
281.045
281.303333333
274.103333333
281.045
281.861666667
274.236666667
281.045
281.6065
274.169
281.768
282.436
274.369333333
281.768
282.452
274.368666667
281.768
280.52
273.6075
281.066
281.185333333
273.860333333
281.066
279.902666667
273.352666667
281.066
278.9245
273.8995
280.696
277.540333333
273.040333333
280.696
276.460666667
273.235666667
280.696
276.378
273.528
280.309
274.966
273.691
278.430013171
274.551
273.951
277.849930428
274.503
273.978
273.274
273.965666667
274.315666667
272.912
273.795333333
274.420333333
272.5135
273.3885
274.8385
272.163666667
273.297
274.838666667
271.777333333
272.969
275.152333333
276.009983515
276.647
275.9345
274.475161635
274.983666667
276.092
278.769
277.326333333
276.718
279.401
278.029
276.8415
279.592
280.918333333
277.635
279.592
282.167666667
277.926
279.592
281.456
277.5935
279.843
283.359
278.092333333
279.843
283.301
277.967666667
279.843
281.996
277.2335
279.766
282.353666667
277.312
279.766
281.464333333
276.781
279.766
280.9795
276.792
279.698
279.955333333
276.080333333
279.698
279.335666667
275.910666667
279.698
279.208
275.6705
279.583
278.424333333
275.524333333
279.583
278.132666667
275.307666667
279.583
278.1505
275.2255
279.425
277.755666667
274.964
279.425
277.670333333
274.837
279.425
277.481
275.281
279.197
277.430333333
274.963666667
279.197
277.275666667
275.217333333
279.197
279.0525
275.9025
279.27
278.254
276.012333333
278.922917306
279.387
276.553666667
279.599
280.206
277.331
280.666
281.443666667
277.793666667
280.897864654
282.367333333
278.492333333
280.666
281.9135
278.026
281.457
283.296333333
279.113
281.457
283.301666667
279.035
281.378492445
281.4525
278.5775
280.787
282.076
278.626
280.787
280.845
278.295
280.787
279.878
278.453
280.046
278.559
277.959
280.046
277.504
277.954
280.046
276.901
278.1135
279.611
275.695333333
278.053666667
279.611
274.941666667
278.158333333
279.611
274.5795
278.5795
278.677
273.695333333
278.578666667
278.677
273.202666667
278.894333333
278.677
273.1855
279.6855
277.178
272.534333333
279.842666667
277.658
272.358666667
280.475333333
277.178
275.823
281.4355
278.136
274.434
281.959
278.08
276.685
282.81
278.08
277.463
283.1755
279.143
280.205
284.188333333
279.436565684
281.474
284.715666667
279.143
281.1075
284.6575
279.479
282.921666667
285.38
279.479
283.100333333
285.517
279.479
279.6325
285.395
279.135
281.026666667
285.618333333
279.135
278.774333333
285.582666667
279.135
278.279
285.729
279.07
275.441
285.632666667
275.66
274.36
285.718333333
275.37
274.2555
285.7055
274.98
272.849
285.824
274.83
272.419
285.844
274.27
272.2975
285.685
273.83
271.764666667
285.764666667
273.26
271.540333333
285.665333333
273.25
271.5135
284.551
273.01
271.223333333
284.79
272.77
271.130666667
284.014
272.793416179
275.513
283.0255
273.63
273.928666667
282.320333333
276.27
276.819333333
281.402666667
276.449106745
276.915
280.09
279.28
280.737333333
279.304
279.389883239
281.764666667
278.123
281.5
281.357
277.182
281.572222222
282.862666667
275.921
282.15
282.933333333
274.9
282.038759822
280.234
274.4965
281.05
281.228
273.269666667
280.06
279.452
272.660333333
279.95
278.6945
272.632
277.78
276.579
271.829
277.4
275.482
271.607
277.39
275.457
271.4445
276.8
274.002666667
271.202666667
276.15
273.620333333
271.020333333
275.71
273.613
270.8505
275.54
273.105666667
270.664
275.22
272.973333333
270.49
275.2
273.6425
271.3425
275.0
273.243
270.826333333
275.02
273.645
271.336666667
275.02
277.036
272.836
275.8
276.441666667
273.016666667
277.7
278.836333333
274.186333333
277.7
279.1455
274.7955
281.24
282.235333333
276.152
282.02
283.239666667
276.948
283.11
282.839
275.5265
283.68
284.311666667
277.061666667
283.91
284.379333333
276.379333333
283.85
281.77
271.2325
283.06
282.73
272.038333333
281.3
281.013
268.379666667
281.228184492
280.29
269.2525
279.7
278.241666667
264.083333333
279.17
277.187333333
263.445666667
278.57
277.053
263.603
278.42
275.692
262.700333333
277.72
275.251
262.592666667
277.703789538
275.203
261.9905
277.31
274.631
262.047666667
276.592982159
274.452
261.610333333
276.45
274.428
267.053
276.6
274.197333333
264.655666667
275.996634518
274.121666667
268.138333333
277.02
277.932
269.457
277.177264856
276.561
273.661
279.69
279.076
275.701
279.705963636
279.79
275.3525
284.08
282.905333333
278.188666667
284.080082699
284.219666667
278.636333333
285.56
283.8245
276.8495
285.564634253
285.708666667
278.042
285.79
285.883333333
277.0
285.691079361
283.094
274.8315
284.36
284.256666667
274.165
283.800824645
282.455333333
272.372
281.0
281.6255
272.838
280.81718828
279.500333333
270.292
279.54
278.346666667
270.005
279.478574411
278.0375
269.025
278.78
276.602333333
268.969
278.56
276.011666667
268.22
277.79
275.7895
268.277
277.19
275.076
267.259333333
276.875957945
274.731
267.047666667
276.53
274.501
273.226
276.350944807
274.117666667
270.884333333
275.515972403
273.849333333
274.932666667
275.99
278.5885
275.626
278.78
276.651
280.792666667
278.959731932
279.721
282.604333333
282.22
279.931
282.831
282.605310706
283.954333333
285.171
285.45
285.117666667
285.926
285.469187098
284.7655
284.103
285.812339236
286.434
285.717333333
286.69
286.587
284.753666667
286.607066622
284.7315
282.857
286.41
285.554
282.204333333
282.81
284.368
280.618666667
282.794528948
282.981
281.306
280.5
281.862
278.962666667
280.062984004
280.542
278.892333333
279.5
279.7525
279.378
278.59
278.255666667
279.122333333
278.169620209
277.289333333
279.422666667
277.97
277.0755
279.0505
277.75
275.858333333
279.575
277.372516999
275.393666667
279.427
277.0
275.367
279.667
276.743607761
274.756333333
279.389666667
275.764803881
274.583666667
279.500333333
275.77
279.187
280.037
277.064630116
277.422333333
280.005666667
278.7
280.433666667
280.400333333
282.85
280.8185
280.5185
282.9413905
284.705333333
281.005333333
285.02
285.965666667
281.215666667
285.042011
285.558
280.6955
285.389967411
287.374333333
281.149333333
285.72
287.522666667
280.872666667
285.12
284.9035
281.2285
284.951353846
285.974333333
280.741
283.23
284.277666667
280.886
282.981989319
283.2785
280.8035
280.53
281.349333333
281.024333333
280.331497749
280.117666667
281.017666667
279.56
279.8455
280.9955
278.99
278.294
280.994
278.689151943
277.702
280.977
277.93
277.2325
281.0825
277.807862865
276.599666667
281.024666667
277.11
276.089333333
281.089333333
276.88
276.328
281.453
275.87
275.568
281.418
275.823142857
275.557
281.682
275.74
280.02
282.12
276.383507553
278.517666667
282.326
279.497253776
281.489333333
282.706
281.78
281.236
282.886
282.084934338
285.282666667
283.332666667
283.030467169
286.104333333
283.579333333
284.16
285.881
283.081
284.343765827
287.051
283.576
284.64
287.176
283.326
284.454469565
284.404
283.1165
284.2
285.494666667
282.853
281.32
283.688333333
282.63
281.226248728
282.7155
282.4905
279.77498316
280.631333333
282.239666667
279.39
279.380666667
282.072333333
278.86
279.1475
281.285
278.558954279
277.557666667
281.324333333
277.24847714
276.985333333
280.743666667
277.307638657
276.7745
281.062
275.698333333
276.081666667
280.181666667
275.458666667
275.750333333
280.200333333
275.394
275.6315
281.544
275.096
275.229333333
281.121
274.973
275.039666667
282.023
278.7795
279.3045
284.0045
277.346666667
277.63
284.546666667
279.843333333
280.41
286.168333333
280.5815
280.3565
286.5065
283.664333333
284.081
288.556
284.988666667
284.972
289.322
284.415
284.5025
288.665
286.372
285.847
289.905333333
286.431
285.831
289.722666667
284.128
284.4655
285.953
284.974333333
284.899333333
286.966
283.458666667
283.983666667
284.392
283.301
284.2385
285.076
281.332666667
282.932666667
281.416
280.722333333
282.797333333
281.014
282.426
282.294
281.2565
282.376369388
282.281333333
280.639666667
281.84
281.900666667
280.667333333
281.838900447
281.2085
280.771
281.522
280.931666667
280.773333333
281.498896472
280.343333333
280.851666667
282.56
281.443
283.5805
282.545251234
280.292
282.775333333
281.968125617
280.829
284.620666667
282.23
281.7345
286.272
282.183560358
282.148666667
288.182
282.136280179
282.931333333
289.898
282.203080238
282.771
289.871
282.118
283.868
292.168
282.147
284.022
292.722
282.144
283.594
291.6815
282.183666667
283.942
292.767
282.191333333
283.708
292.258
282.603
284.1405
289.1655
282.476
283.684333333
289.517666667
282.753
283.894666667
287.286333333
282.469
283.6815
287.144
282.933
284.033
284.216333333
282.836
283.961
283.377666667
282.556
283.9185
283.8435
282.52
283.836666667
282.57
282.301
283.784333333
282.601
281.768
283.7555
283.168
281.653666667
283.695333333
283.020333333
281.225333333
283.658666667
283.408666667
281.2515
283.8015
284.4515
280.671666667
283.705
284.621666667
280.546333333
283.788
285.446333333
282.5405
284.753
286.0905
281.708666667
284.542
286.975333333
282.996333333
285.213
287.679666667
282.716
285.566
286.7535
284.526333333
286.343
288.001333333
284.768666667
286.802
287.618666667
284.8135
286.8385
287.5885
285.121666667
287.438333333
287.088333333
285.232333333
287.615666667
286.940666667
284.3935
285.8185
286.8935
284.820666667
286.654
286.712333333
284.298333333
285.515
286.631666667
283.9405
284.4155
285.9905
283.363333333
283.263333333
286.096666667
282.950666667
282.150666667
285.642333333
282.2985
282.211
285.936
281.965666667
280.707333333
285.232333333
281.393333333
280.376666667
285.276666667
281.5725
280.81
285.335
280.749666667
280.224666667
285.374666667
280.678333333
280.403333333
285.428333333
280.6225
280.3725
285.6975
280.546
280.621
285.679333333
280.485
280.66
285.876666667
282.145
282.645
286.2075
281.510333333
282.035333333
286.360333333
282.596666667
283.371666667
286.646666667
283.308
284.4705
287.0205
284.519333333
285.886
287.277666667
285.355666667
287.064
287.622333333
285.6175
286.9175
287.555
286.645333333
288.537
288.037
287.098666667
288.832
288.107
285.747
287.485
287.647
286.802
288.327333333
287.893666667
286.052
287.527666667
287.610333333
285.2345
287.972
287.5095
284.507
286.757666667
287.165333333
283.712
286.787333333
287.003666667
284.0845
286.1475
287.0845
282.900333333
286.400333333
286.842
282.883666667
285.983666667
286.842
282.415
284.7525
286.89
282.549
284.607333333
286.874
282.231
283.647666667
286.906
282.0725
284.3475
287.36
281.701333333
282.834666667
287.251333333
281.489666667
282.981333333
287.564666667
282.0915
283.5415
288.2915
281.608666667
283.550333333
288.467
281.939333333
283.972666667
289.056
282.2335
284.296
288.2085
282.576333333
284.751333333
289.276333333
282.882666667
285.107666667
288.907666667
283.013
284.638
288.613
283.378
285.269666667
288.219666667
283.567
285.075333333
287.900333333
282.5355
284.6355
287.923
283.131333333
284.523
287.489666667
282.506666667
284.165
287.398333333
282.1225
283.96
287.285
281.417666667
283.551
287.201
280.953333333
283.295
287.095
280.8955
283.158
286.983
280.295666667
282.862333333
286.879
280.102333333
282.685666667
286.769
279.9785
282.5035
286.516
279.762
282.328666667
286.453666667
279.615
282.148333333
286.248333333
279.6185
281.7685
287.4935
279.421333333
281.654666667
286.804666667
279.374666667
281.341333333
287.566333333
280.4535
281.366
289.191
280.031666667
280.94
289.665
280.735333333
280.852
291.002
280.952
281.1145
290.777
281.818
280.909666667
292.634666667
282.197
281.055333333
292.930333333
281.834
281.2215
292.3215
282.460333333
281.360333333
292.918666667
282.344666667
281.519666667
292.611333333
281.25
281.575
289.9875
281.460666667
281.769
290.452333333
280.692333333
281.859
288.600666667
