286.88
285.9
300.84
286.02
285.27
300.15
285.74
284.71
299.08
284.33
284.29
298.21
283.32
283.15
297.21
282.37
283.26
296.9
282.38
282.76
296.71
281.99
282.43
296.65
281.2
283.02
296.65
280.6
283.27
296.77
277.53
283.02
296.21
276.99
282.52
295.65
276.96
282.27
295.29
280.38
281.9
293.81
281.02
281.77
292.33
281.72
282.27
292.08
282.32
282.15
291.28
283.45
282.89
289.95
284.58
283.26
288.62
285.01
284.02
288.09
285.44
285.43
288.71
286.44
285.65
289.59
287.01
286.16
289.95
287.04
286.17
289.53
286.89
285.69
289.21
286.47
285.05
288.09
285.75
283.81
286.89
284.04
282.81
285.89
282.85
281.76
283.9
282.17
281.02
283.21
281.76
280.43
282.9
281.16
280.15
282.22
280.36
280.15
281.78
280.16
280.02
281.22
279.97
279.29
280.83
279.77
279.43
281.15
279.75
279.14
281.71
279.96
279.13
283.68
280.43
279.12
285.58
280.71
280.12
288.35
281.56
281.27
290.21
282.87
282.53
291.61
283.41
283.16
293.15
283.69
284.77
294.28
284.54
285.28
295.46
285.14
285.9
296.46
285.41
285.39
296.82
285.28
286.15
296.88
285.02
286.06
296.65
283.27
285.54
295.29
284.17
284.75
294.0
283.02
282.9
293.15
282.01
282.14
293.02
280.84
281.64
292.84
279.99
281.28
292.4
280.16
280.76
292.02
280.38
280.62
291.68
279.97
280.11
291.88
279.39
279.5
292.55
279.18
278.76
292.96
276.76
278.73
293.35
279.17
278.46
293.77
277.99
278.86
295.08
279.11
279.45
296.21
280.99
281.0
298.01
282.16
281.89
299.75
283.17
283.85
300.95
283.75
284.93
301.46
283.75
285.14
301.95
284.61
286.26
301.82
284.75
286.53
302.22
285.47
287.17
302.27
285.9
287.28
301.95
285.77
287.61
301.15
284.77
286.9
300.34
284.07
285.83
300.48
283.04
284.03
300.02
281.68
282.92
299.27
278.04
282.25
299.02
280.37
281.71
298.65
279.76
281.13
298.08
279.57
279.68
297.9
279.16
278.9
297.28
278.75
278.24
297.42
278.55
277.67
298.08
278.55
277.45
298.75
277.84
277.43
299.08
278.7
279.23
300.35
279.56
281.02
300.65
279.87
281.82
301.48
280.74
283.53
302.29
281.28
284.03
303.21
281.45
284.9
302.4
282.14
285.83
301.35
281.24
287.05
296.96
281.49
287.05
292.97
281.38
286.83
289.35
281.13
285.91
287.89
280.89
283.62
287.01
280.56
282.27
286.52
280.55
281.6
286.4
281.48
281.77
286.35
279.92
282.28
286.28
279.58
282.65
285.77
279.26
282.91
285.08
278.94
282.82
284.35
278.43
282.49
284.15
278.94
281.93
282.89
278.6
281.78
282.51
278.43
281.15
282.22
278.86
280.92
283.22
279.75
281.59
284.89
281.14
282.04
286.79
282.69
282.93
289.02
283.86
283.49
290.41
284.41
284.91
291.86
284.7
285.54
292.81
285.42
285.51
293.46
285.54
286.04
292.69
285.28
286.26
291.88
285.65
285.49
291.09
285.82
285.51
289.16
285.31
284.27
287.45
285.56
283.84
286.37
283.16
282.94
285.22
282.78
282.16
283.61
279.64
281.49
282.96
278.62
281.37
281.81
278.4
281.01
281.39
278.07
280.77
280.88
278.25
280.38
280.54
277.99
280.02
280.34
278.31
280.13
279.81
278.28
279.8
282.07
280.63
280.26
285.26
280.95
280.25
289.68
281.3
280.93
293.4
283.27
281.15
296.15
283.12
281.38
297.82
283.41
281.78
298.9
283.98
281.82
299.61
284.28
282.38
300.35
284.43
283.05
300.52
284.86
282.59
300.59
284.56
282.48
300.08
284.26
282.59
297.22
284.42
282.48
294.3
283.98
282.37
293.75
282.83
282.04
293.09
281.65
281.52
292.21
281.54
281.77
291.21
280.55
281.53
290.52
280.35
281.29
290.27
279.36
281.05
289.58
278.58
280.75
289.35
277.99
280.32
288.35
278.37
280.15
288.77
277.98
280.41
290.14
276.92
280.66
292.45
278.0
281.04
295.46
280.64
282.59
296.47
283.71
284.61
299.77
285.0
286.16
300.64
285.99
287.53
301.68
287.42
287.93
302.03
287.58
288.37
302.59
287.59
288.82
302.9
287.74
289.03
302.84
287.61
289.02
302.49
286.89
288.47
301.23
286.32
287.15
299.69
285.64
286.82
298.23
284.79
286.16
297.04
284.51
285.82
296.63
285.02
285.93
296.02
284.56
285.93
295.36
284.61
285.7
294.29
283.81
285.81
293.51
283.41
285.71
293.22
282.73
285.93
293.71
282.57
285.82
294.15
282.93
285.81
294.4
283.46
285.92
295.02
283.86
286.26
295.4
284.15
286.47
296.88
284.71
287.48
298.15
285.15
288.82
297.28
286.0
290.29
296.02
286.15
291.15
296.42
286.72
292.12
295.97
286.87
294.14
295.76
287.29
295.26
293.21
287.14
296.02
292.6
287.42
296.03
291.66
287.62
294.96
290.76
286.34
292.78
289.96
285.34
290.9
288.79
285.01
289.01
288.42
284.41
287.86
287.47
280.41
286.67
287.28
279.42
286.28
287.29
279.42
285.83
287.02
279.1
285.78
286.08
279.11
285.71
285.82
278.77
285.71
285.22
278.93
284.9
285.62
282.56
284.91
286.02
284.45
285.04
287.58
286.57
286.03
289.52
287.91
287.14
291.15
288.76
289.37
293.39
290.36
290.9
294.15
291.02
293.05
294.82
292.23
294.94
295.4
293.03
296.79
295.95
293.48
294.9
295.46
293.49
293.54
295.29
292.79
290.52
294.96
290.35
291.59
293.42
289.18
291.03
291.22
290.59
290.15
289.62
288.23
289.65
288.96
286.84
289.28
288.35
283.94
288.48
287.01
286.02
287.52
286.27
283.26
286.92
285.82
282.62
286.03
285.02
284.5
285.27
284.96
282.17
285.36
284.28
282.71
285.04
285.21
285.31
285.15
287.53
285.87
285.7
290.45
286.85
286.37
294.07
287.16
285.93
296.15
286.37
285.81
296.42
288.16
286.25
297.15
284.9
287.03
297.9
286.8
287.02
298.72
287.0
286.6
299.09
284.27
286.65
299.16
284.44
286.6
299.02
283.69
286.04
297.36
285.98
285.5
295.03
285.16
284.51
292.28
283.82
283.39
290.53
282.98
282.27
288.46
281.4
281.7
288.21
282.53
281.35
287.14
281.54
280.51
286.33
280.94
280.01
285.6
280.75
279.9
285.08
280.75
279.77
284.77
280.34
279.59
284.52
280.34
279.37
285.63
280.38
279.59
289.62
280.46
279.63
292.42
280.38
280.92
296.01
281.53
282.02
297.96
282.25
283.25
300.02
282.68
284.13
300.59
283.39
285.14
301.55
285.15
285.69
302.15
284.53
286.5
302.42
284.98
286.76
302.16
285.5
287.06
302.09
283.81
287.06
301.03
286.98
285.79
297.91
285.36
285.15
295.28
284.82
283.6
294.04
283.13
282.94
292.95
280.71
282.26
292.09
280.21
281.95
291.3
281.91
281.4
290.4
281.11
280.14
289.46
278.51
280.14
289.07
280.31
280.14
288.55
278.35
280.13
287.59
281.32
278.9
287.81
279.11
279.66
291.69
280.33
280.1
294.74
280.25
281.49
297.58
281.68
283.13
300.22
282.56
284.65
301.22
283.41
285.26
301.89
283.72
286.24
302.53
286.01
286.81
302.9
286.84
288.03
303.04
285.98
288.37
302.72
286.26
288.6
301.73
287.59
289.02
300.96
288.28
288.79
298.79
287.0
287.52
296.98
286.47
285.64
295.79
285.12
284.61
294.79
284.71
283.26
294.28
282.03
281.91
293.82
281.67
280.67
293.35
281.71
280.23
292.49
281.33
279.77
291.56
281.75
279.44
289.96
283.49
279.54
289.17
281.16
279.49
290.14
282.97
279.54
291.68
282.13
280.99
294.81
281.45
282.79
296.88
282.06
284.26
297.88
282.79
284.91
298.28
283.52
285.65
299.69
286.03
286.65
300.37
284.8
288.72
300.89
284.83
290.04
300.78
288.07
290.6
300.41
289.68
290.62
300.59
289.39
290.06
299.76
288.7
289.3
298.02
287.81
288.63
296.41
287.15
286.54
295.58
285.19
285.94
295.29
284.36
285.06
295.3
283.14
283.61
294.47
282.74
282.69
294.36
282.55
281.56
294.09
282.13
280.37
293.22
279.91
279.77
292.53
279.46
279.11
292.28
279.25
278.99
292.28
280.84
279.98
293.89
282.24
281.14
295.21
284.54
284.69
296.4
285.84
286.15
297.64
286.99
287.71
298.52
288.13
289.15
298.71
288.99
290.27
299.16
289.43
290.83
298.96
290.16
292.06
299.03
289.87
293.39
299.55
289.59
293.39
299.42
288.91
292.91
299.29
287.89
292.18
298.09
287.69
290.87
297.16
287.02
288.66
296.08
286.18
287.07
295.96
285.76
286.06
295.35
285.56
284.49
295.35
284.96
283.91
295.27
284.76
283.92
295.21
284.34
283.24
295.15
284.56
283.14
294.84
284.14
283.03
294.29
284.36
282.25
294.34
282.85
282.79
294.97
283.46
283.56
295.9
284.54
284.57
296.65
286.29
285.92
298.08
287.63
287.7
297.97
288.29
288.92
298.28
288.86
290.01
298.82
289.59
291.25
299.22
289.46
292.92
299.15
288.92
294.27
299.33
288.62
294.4
299.28
288.48
293.89
299.22
288.46
292.65
298.59
287.35
291.37
297.88
286.85
290.79
297.01
286.33
289.15
296.35
285.75
288.14
296.15
285.77
287.69
296.15
285.35
286.52
295.36
282.86
286.52
295.15
282.28
285.8
295.02
281.62
285.37
294.02
281.8
285.14
293.4
284.15
285.14
293.02
284.29
285.02
293.7
284.88
285.58
295.57
285.28
286.78
297.26
285.43
288.37
300.29
286.43
287.15
301.0
286.6
284.39
300.68
286.76
284.26
300.75
286.15
283.91
301.56
285.85
283.92
302.02
285.99
284.37
302.84
286.31
284.37
302.27
286.28
284.26
301.97
285.46
281.99
299.65
285.17
282.02
297.96
284.16
281.54
296.86
283.16
281.25
296.42
282.56
281.03
294.75
281.97
280.58
292.95
281.95
280.02
291.68
280.1
279.7
290.72
280.23
279.75
289.75
279.56
279.63
289.68
279.8
279.23
289.95
280.95
279.76
290.14
281.13
280.13
291.41
282.54
281.02
293.14
283.97
282.58
294.87
284.41
284.02
296.15
285.55
284.16
296.65
286.29
283.69
296.82
284.97
283.49
297.29
285.22
283.72
298.16
285.33
284.27
298.63
283.54
284.76
298.53
283.24
284.8
298.35
284.36
283.36
297.85
284.83
282.58
295.69
284.12
282.03
294.35
282.82
281.25
293.35
281.8
281.26
292.15
281.35
280.92
290.81
281.53
280.92
290.75
281.15
280.92
289.68
281.35
281.03
288.58
280.96
280.77
288.22
280.75
280.9
287.52
280.73
280.26
286.9
280.72
280.37
287.86
281.12
280.36
290.72
279.87
280.58
293.76
280.4
281.91
295.77
281.25
282.39
297.71
282.02
282.92
298.42
283.11
283.81
299.22
283.88
284.02
299.9
284.27
284.78
300.8
284.74
285.7
300.9
284.69
286.41
300.96
284.69
286.26
300.72
284.3
285.13
299.97
283.83
284.59
297.66
284.51
283.51
295.79
283.53
282.91
293.78
282.81
282.58
292.85
282.38
282.24
291.9
281.87
281.69
291.09
281.7
281.01
290.4
282.91
280.88
289.96
282.31
281.02
289.03
282.53
281.15
288.9
282.52
281.26
288.81
282.73
281.03
290.09
282.53
280.91
292.73
283.52
281.36
295.64
281.09
281.7
298.46
281.81
282.52
300.22
282.2
283.41
301.22
282.83
284.14
302.47
283.98
284.23
303.8
284.54
285.58
304.39
284.52
286.39
304.82
285.13
285.82
304.6
285.72
285.46
304.42
285.27
284.98
303.02
287.0
285.64
300.98
286.63
284.93
299.48
285.31
283.59
298.36
284.44
283.03
297.04
282.54
282.23
296.22
282.21
282.23
295.84
282.23
281.45
295.09
281.71
281.34
294.63
281.21
280.9
293.72
281.2
280.56
293.62
283.16
280.56
293.02
281.04
281.13
292.89
281.28
281.13
294.68
280.74
281.51
296.61
280.88
283.24
298.68
281.34
283.48
300.46
280.98
283.58
301.21
281.24
284.27
302.59
281.13
283.6
303.47
281.7
283.27
304.08
281.7
283.05
304.35
281.7
282.92
304.35
281.41
282.71
303.35
280.96
281.93
302.56
280.58
281.82
300.76
281.94
281.71
299.56
281.79
281.6
298.66
280.94
281.26
297.28
280.66
281.26
296.97
281.02
280.93
296.49
280.88
280.92
295.72
280.82
280.81
295.03
280.45
281.04
294.22
280.12
281.15
294.03
279.58
280.65
293.78
279.73
280.37
294.08
278.11
279.47
294.88
278.58
279.8
296.02
279.04
280.26
297.21
279.79
281.53
299.48
280.39
281.38
300.01
281.39
282.49
300.28
282.53
282.7
300.42
284.95
283.26
300.28
285.34
284.06
300.55
285.45
284.54
300.75
286.6
283.71
300.89
286.56
283.37
300.59
285.98
282.91
300.15
285.31
282.71
299.61
284.15
282.04
299.41
283.34
281.59
298.08
282.91
281.37
297.47
282.34
281.26
296.91
281.95
280.82
296.34
282.14
280.93
293.88
282.33
280.93
293.42
282.52
281.15
293.28
282.72
280.93
292.93
282.52
281.04
293.79
281.69
281.65
294.6
282.57
281.7
295.68
283.27
282.46
297.7
284.43
283.03
299.58
285.56
284.6
301.4
286.44
285.48
302.88
287.84
285.82
303.89
288.83
286.15
304.42
289.28
286.39
305.02
289.27
286.27
305.02
289.14
286.14
304.36
289.14
286.39
303.43
288.15
286.38
301.35
286.49
285.92
299.1
286.32
285.51
298.35
285.81
285.03
298.09
285.35
284.27
298.02
284.95
284.14
298.03
284.76
283.35
298.03
284.34
282.68
297.97
284.34
281.68
297.96
284.17
281.88
297.71
283.76
280.9
297.65
283.56
280.87
297.29
282.5
281.24
298.27
283.13
282.88
299.58
283.89
283.8
300.77
285.42
285.13
302.58
286.28
286.59
304.22
287.0
287.26
304.96
287.86
288.25
305.47
288.0
289.02
305.69
288.58
289.93
305.09
289.01
290.78
304.89
289.3
290.65
304.42
289.02
290.27
303.22
288.87
290.3
302.65
288.31
289.65
301.97
286.05
288.49
300.65
284.89
287.5
300.15
283.66
286.26
299.65
283.3
284.7
298.84
282.31
284.63
298.49
282.13
283.36
297.72
281.46
282.79
297.02
280.95
283.03
296.55
281.13
282.91
296.41
281.27
283.03
296.55
282.77
283.35
297.65
283.91
284.69
298.28
285.29
286.14
298.21
286.59
287.93
298.33
287.73
289.25
299.3
288.58
290.8
300.21
289.73
291.58
301.95
290.45
292.77
302.69
290.73
293.77
303.28
291.18
293.89
303.59
291.31
293.35
303.29
290.74
293.44
302.53
290.03
292.86
301.75
289.52
291.44
301.09
287.82
289.31
301.02
286.49
289.65
300.75
285.74
288.27
297.66
285.34
287.92
293.69
284.91
287.25
293.15
284.33
286.53
292.96
282.02
285.81
292.72
281.69
285.13
292.59
280.84
285.52
292.21
281.5
284.57
292.68
283.26
284.51
293.08
285.14
285.69
293.02
286.59
286.78
293.01
287.74
288.02
294.68
289.01
289.59
295.35
290.6
290.39
296.35
291.31
291.77
297.21
292.44
292.59
298.27
292.9
293.37
299.22
293.6
294.52
299.51
293.6
294.91
299.03
293.74
294.78
298.8
293.22
293.73
296.66
291.84
293.06
295.46
290.36
291.07
294.82
288.68
289.29
294.61
285.01
288.16
294.08
286.33
287.02
293.94
284.18
286.12
293.21
282.98
284.89
293.22
282.81
284.46
292.62
282.5
284.01
291.62
281.84
283.13
290.95
281.5
282.54
290.08
282.9
283.08
290.27
286.0
285.34
290.88
288.28
287.93
291.89
289.64
289.38
293.87
290.52
291.37
295.33
291.27
292.92
297.29
293.16
294.63
298.15
293.88
295.15
298.82
293.91
296.41
299.22
294.32
296.66
298.76
294.49
297.17
297.65
294.49
296.59
297.36
293.78
295.52
295.97
290.19
294.3
295.16
290.25
292.73
294.48
289.03
291.28
293.21
286.97
290.27
292.22
285.98
288.25
291.02
285.81
287.7
290.88
286.0
286.36
290.28
285.39
285.66
290.02
284.39
285.36
289.97
283.98
284.55
289.88
283.78
284.2
290.02
284.28
285.29
290.64
286.85
288.22
291.87
289.43
290.25
293.58
291.44
292.38
295.21
292.01
293.9
296.27
293.31
295.52
297.21
293.74
296.03
297.95
294.62
297.38
298.03
293.91
298.6
298.42
294.89
299.77
297.89
294.56
300.54
296.95
295.87
299.85
296.69
294.07
299.19
295.1
293.08
297.99
293.98
290.37
295.86
293.36
288.48
293.3
292.23
286.0
292.38
291.51
285.65
289.79
291.28
284.84
288.88
291.29
284.16
287.65
291.08
283.49
286.9
290.88
283.14
285.91
290.81
282.82
285.12
290.69
282.82
284.9
291.42
284.38
285.53
291.9
286.41
287.67
292.15
288.4
291.01
292.22
289.53
292.59
293.89
289.93
293.82
294.96
290.57
296.03
296.22
291.07
296.9
295.66
291.7
296.97
294.22
292.66
298.29
292.42
292.05
297.52
291.95
290.44
295.95
290.9
290.14
293.78
290.71
289.04
291.44
290.62
287.9
289.65
289.59
286.02
287.42
288.82
284.87
285.83
288.03
284.77
284.7
287.52
284.53
284.02
287.4
284.14
283.46
287.01
283.54
282.92
286.35
283.33
282.47
286.29
282.73
281.58
285.95
282.34
281.24
285.84
283.14
280.89
286.67
282.66
281.89
289.21
284.43
282.24
291.01
284.65
283.68
293.14
286.15
285.15
295.22
287.16
285.93
295.96
287.71
288.14
297.33
287.7
287.84
298.02
288.35
289.16
299.34
288.49
289.16
299.9
289.33
288.92
300.02
289.31
289.16
300.03
288.81
288.58
299.69
288.83
288.71
296.97
288.32
288.53
293.45
287.46
287.27
292.42
286.02
285.27
291.65
284.49
284.35
291.34
283.81
283.46
290.4
282.96
282.8
290.09
282.11
282.27
289.28
281.97
280.68
288.59
281.79
280.52
288.74
282.13
279.89
288.76
282.45
279.66
289.22
282.43
280.1
291.29
284.43
281.99
294.79
285.96
284.9
298.57
286.83
286.8
300.86
288.0
288.03
302.84
289.02
289.03
303.72
289.98
290.43
304.94
290.87
290.82
305.59
291.73
292.05
305.36
291.19
292.27
305.4
291.05
292.81
305.28
291.33
293.14
304.56
290.9
292.82
303.09
291.04
292.05
301.47
289.05
289.94
299.97
288.51
288.82
299.54
287.55
287.26
298.72
286.56
286.47
298.03
285.57
284.89
296.84
285.16
284.33
296.4
285.16
283.31
296.78
283.13
283.01
296.88
282.47
282.44
297.15
281.95
282.37
297.21
284.28
283.4
299.08
286.8
285.98
300.27
288.32
288.88
301.94
289.83
290.59
304.08
290.49
292.25
305.15
292.3
293.83
305.95
292.87
294.69
306.84
