285.36
286.53
296.77
284.61
285.83
296.4
284.88
285.45
296.58
284.46
284.85
296.52
283.91
284.23
296.48
284.37
283.93
297.81
284.13
284.73
299.21
285.12
285.15
301.35
287.53
287.04
302.35
289.39
288.74
303.65
290.81
291.14
304.29
292.26
293.35
303.48
293.06
295.55
302.33
293.84
297.15
301.01
294.24
298.6
300.83
294.83
298.85
298.28
294.23
298.95
296.95
292.6
295.45
296.35
289.8
294.394490023
295.81
288.644538889
293.218434339
295.687153558
287.39
291.93
295.54
286.93
290.13
295.46
286.68
287.92
295.15
286.69
287.25
294.96
285.94
286.59
294.59
285.44
286.24
294.46
285.17
286.08
294.02
284.41
284.7
293.9
284.93
284.39
293.95
283.93
284.14
293.72
284.35
285.44
293.84
285.68
286.43
294.21
288.95
289.13
294.54
290.98
293.53
295.68
293.39
296.61
296.74
295.23
298.55
297.81
296.08
300.71
298.14
297.26
301.65
298.46
297.7
301.92
298.02
297.72
302.55
297.66
297.48
302.65
296.78
296.11
301.35
296.21
293.16
297.85
295.35
291.72
295.04
294.46
289.37
293.47
294.48
289.68
292.34
293.35
289.14
289.24
292.9
287.86
288.86
292.65
288.42
288.34
292.15
288.66
287.03
292.15
287.93
286.83
292.02
288.16
287.54
291.59
288.42
287.85
291.88
287.75
287.95
292.09
287.36
287.84
292.46
287.75
288.15
292.58
288.15
288.04
293.21
288.56
288.55
294.35
289.15
289.15
294.69
289.15
288.84
294.95
289.57
289.65
295.15
290.15
290.71
295.15
290.15
291.59
295.15
290.55
292.26
294.42
289.77
290.94
294.08
288.73
289.94
293.42
287.94
288.34
293.09
287.34
286.92
292.88
285.92
286.34
292.65
286.16
286.02
292.65
285.41
285.69
292.21
284.34
285.44
291.95
284.59
285.04
291.65
284.62
284.74
291.61
285.14
284.95
291.4
284.94
284.9
290.95
284.39
284.81
290.88
283.32
284.93
292.75
283.34
284.92
295.71
283.73
284.84
297.07
285.54
285.82
297.96
286.15
286.65
299.46
286.92
288.14
300.58
286.95
289.14
301.15
286.56
289.04
301.71
286.15
289.25
301.62
286.74
288.04
301.65
286.52
288.05
301.52
285.73
287.75
296.96
285.36
286.81
295.8
284.75
285.74
294.27
284.55
285.35
294.29
283.72
285.14
293.75
284.36
284.85
292.94
284.39
284.7
292.14
284.39
284.48
291.95
283.89
284.25
291.71
283.4
284.13
291.78
283.92
283.85
291.62
283.68
283.74
290.9
283.68
283.92
290.71
284.15
283.92
292.96
283.84
283.55
293.45
284.17
283.54
295.94
284.74
283.82
298.09
285.32
285.26
300.15
285.92
286.05
302.21
286.73
286.86
303.02
286.92
287.45
303.82
287.75
288.15
303.82
288.57
288.64
303.77
288.35
288.25
301.69
287.96
288.45
298.77
287.75
287.75
297.28
285.36
286.64
296.75
283.74
285.54
296.81
282.93
284.44
295.94
282.39
283.65
295.61
282.31
282.85
294.9
282.12
281.54
293.88
282.57
280.65
293.7
282.37
280.34
293.2
282.07
279.46
292.81
281.83
279.57
293.15
281.32
280.6
293.4
280.93
280.8
295.95
280.56
281.13
298.82
281.55
281.45
299.01
284.3
282.45
300.69
285.96
283.92
301.69
287.77
284.94
304.21
289.21
286.03
304.55
289.81
286.75
304.82
290.4
288.37
304.88
290.64
288.55
304.65
290.85
289.26
304.48
290.64
289.71
302.45
289.83
288.74
300.65
287.4
287.36
300.15
285.77
285.91
299.84
285.75
285.8
299.28
283.07
281.56
297.65
283.92
281.87
297.4
285.14
281.43
297.15
285.9
281.04
297.35
285.41
280.34
297.21
284.18
279.65
297.03
282.94
279.17
296.82
281.56
278.84
296.96
280.7
278.43
297.42
280.25
278.55
298.59
280.84
279.62
299.43
284.5
282.44
300.08
286.91
284.54
301.79
288.72
286.94
302.89
289.38
289.14
302.34
290.4
290.59
301.84
290.6
291.35
301.72
290.6
292.15
301.69
290.64
292.59
300.69
290.04
291.78
297.35
289.01
290.75
297.09
285.19
288.25
297.09
283.77
286.94
297.15
283.14
285.64
297.35
282.35
284.43
297.28
281.64
283.64
297.35
281.6
282.52
297.41
281.51
282.53
297.4
279.55
281.32
297.15
279.01
280.42
297.03
279.5
280.02
296.82
279.54
279.34
296.62
278.89
278.43
296.96
278.68
278.34
297.35
279.71
278.63
298.71
283.71
281.44
299.09
286.14
284.02
300.9
287.98
286.44
302.08
289.21
288.59
302.55
288.99
290.03
303.15
289.8
290.95
303.47
290.22
291.85
302.78
290.83
292.05
302.09
290.43
291.75
299.89
288.45
290.95
298.77
285.61
288.26
297.96
283.56
286.04
297.77
282.15
283.93
296.95
281.38
283.13
296.28
281.35
282.03
295.34
280.41
281.13
294.88
279.88
280.74
294.46
279.64
279.85
293.96
278.62
279.34
293.46
279.08
279.15
292.96
278.42
279.14
293.15
277.9
277.84
295.4
278.09
277.96
295.69
278.5
278.03
297.96
282.48
281.64
299.97
284.92
284.44
301.88
286.73
286.59
302.47
288.58
289.37
303.21
289.4
290.75
303.65
289.83
291.85
303.69
290.64
293.15
303.65
291.04
293.37
303.16
290.43
293.26
301.17
288.05
291.95
298.9
285.16
289.26
298.09
283.55
286.34
297.59
282.73
284.84
296.65
283.28
283.43
295.77
281.59
282.69
295.41
280.81
282.04
294.64
281.06
281.04
294.21
281.04
280.34
293.71
280.47
279.85
293.52
279.78
279.34
293.33
282.14
279.26
293.13
281.3
279.43
295.68
281.9
279.03
298.15
282.51
279.73
298.15
283.32
282.13
300.62
284.93
284.81
301.68
285.31
286.82
302.78
287.16
288.37
303.46
287.15
289.81
304.15
287.14
290.55
304.15
287.14
291.26
303.96
287.13
290.85
301.9
287.53
289.95
301.29
287.38
289.59
299.4
286.75
288.16
298.65
286.77
286.76
297.9
285.75
285.95
297.4
284.91
285.35
296.62
284.9
285.15
296.36
284.66
285.14
295.52
283.69
284.81
295.09
283.42
284.43
295.08
282.96
284.14
295.15
282.43
283.69
294.45
281.9
283.36
294.47
280.5
282.68
295.68
280.69
282.47
295.83
281.09
282.24
296.42
282.92
283.74
297.9
284.34
285.34
299.79
285.55
286.59
300.88
286.55
286.85
301.79
286.94
288.24
303.59
286.35
288.64
303.59
286.91
287.45
303.58
286.34
287.04
301.3
285.54
287.04
297.73
284.52
286.54
295.94
283.14
285.14
294.62
282.53
284.48
293.27
282.11
284.35
292.21
281.64
283.81
290.82
281.64
282.81
289.48
281.56
282.69
289.48
282.36
282.25
288.33
282.12
281.7
287.58
282.12
281.45
287.39
282.39
281.25
286.77
281.7
280.95
286.83
281.39
281.04
291.28
281.14
280.54
294.47
280.73
281.03
298.78
283.12
282.36
298.9
284.75
284.35
301.28
285.56
285.82
302.96
286.36
286.82
304.38
286.95
287.45
304.78
287.18
287.72
305.02
287.77
288.25
305.15
287.39
288.64
303.5
287.17
288.93
300.66
285.36
287.34
298.01
283.34
285.48
297.53
282.16
283.34
296.68
281.55
282.14
296.28
280.85
280.74
296.21
280.35
280.04
296.61
280.12
279.74
296.35
279.88
279.23
295.74
279.35
278.24
295.35
279.34
278.03
295.15
279.93
277.64
294.96
279.93
277.43
295.36
278.75
277.44
296.9
278.09
277.13
300.15
278.67
277.52
300.35
281.09
280.03
302.71
282.29
282.35
305.62
283.92
284.93
306.46
285.55
286.65
306.86
286.16
288.37
306.95
286.36
289.71
306.95
286.59
290.15
306.36
287.2
290.35
303.28
286.41
289.84
302.55
285.21
287.94
299.24
283.4
286.03
297.81
283.13
284.84
297.01
282.32
284.05
296.47
282.38
283.55
295.07
281.88
283.24
290.34
281.37
282.93
288.62
280.84
282.23
287.42
280.84
281.54
287.08
280.88
280.64
286.29
280.62
280.54
285.97
280.84
280.43
285.62
280.73
280.14
285.68
281.11
279.84
286.14
281.72
280.36
286.88
282.16
282.04
288.46
282.34
283.94
290.6
283.19
285.03
292.68
283.57
284.59
294.08
283.93
284.71
294.21
284.97
286.16
294.36
285.17
286.45
293.44
284.98
286.64
293.36
285.36
285.95
291.08
284.15
285.15
289.65
282.57
283.82
289.22
282.15
282.81
287.88
281.13
281.43
287.61
280.89
281.36
286.48
280.61
280.7
285.28
280.95
280.25
284.68
280.96
280.24
283.59
281.16
279.79
283.27
281.4
278.84
283.41
280.94
278.85
283.08
281.18
278.26
283.35
279.73
278.24
285.55
279.93
279.25
287.86
279.91
279.43
289.88
280.74
280.64
290.88
281.54
281.84
293.02
281.94
283.81
294.68
282.32
284.45
295.61
283.14
285.25
296.4
283.55
285.37
296.77
283.77
285.45
296.48
284.15
285.82
294.9
283.39
283.96
292.68
282.34
283.03
291.21
280.92
282.48
290.46
280.32
282.15
289.58
280.09
281.37
288.77
280.66
280.7
288.64
280.12
280.46
288.08
280.39
280.58
287.53
280.13
280.59
287.53
280.09
280.59
287.4
280.61
280.92
286.96
280.88
281.27
286.96
280.86
281.26
287.33
279.92
281.25
290.46
280.11
280.85
294.15
280.18
280.85
296.27
280.35
280.93
298.42
281.57
281.15
300.28
281.97
281.55
301.65
282.19
281.93
302.65
282.8
282.37
303.34
282.53
282.44
303.53
282.76
282.65
302.96
283.17
282.85
300.84
282.76
282.75
298.71
282.16
282.05
297.84
281.57
282.05
297.55
281.35
281.71
297.02
281.14
281.35
296.02
280.88
281.15
295.55
280.37
280.7
294.96
280.41
280.56
294.4
279.92
280.25
293.96
279.62
280.04
293.71
280.1
279.84
293.02
279.64
280.15
293.02
280.12
280.16
293.15
279.35
280.16
295.71
279.15
279.81
299.22
279.16
279.81
301.82
280.11
280.7
302.96
280.93
281.66
303.65
281.73
282.35
303.84
282.73
282.27
305.21
283.33
283.38
305.71
283.94
283.94
305.53
284.36
284.15
304.9
284.34
284.59
304.88
282.777
283.402
303.677
279.64
281.34
300.15
280.12
281.35
299.52
279.1
280.14
298.58
278.5
279.04
297.83
278.89
278.24
297.35
279.16
277.02
296.59
278.88
276.36
296.28
278.87
275.84
295.34
278.61
275.84
295.34
278.12
275.04
294.65
278.29
275.44
294.52
278.29
275.14
294.46
278.67
275.35
296.46
278.7
274.94
299.53
279.08
275.64
301.78
280.33
277.63
303.15
281.34
279.48
304.48
282.35
282.03
305.02
282.74
284.55
305.59
283.15
284.65
305.75
283.75
285.25
305.59
283.97
285.55
305.15
283.6
285.93
303.66
283.36
286.15
301.59
283.0
285.48
300.95
282.56
284.82
300.49
282.54
284.04
299.77
282.14
282.25
299.28
282.14
282.04
298.55
282.37
280.45
298.02
282.37
279.85
297.9
282.14
279.05
297.68
282.14
278.25
295.15
282.62
278.05
292.46
282.11
278.25
290.82
282.36
277.54
290.75
280.9
277.03
290.44
280.11
277.04
289.43
280.31
277.24
290.09
281.92
279.64
292.08
284.15
282.54
294.22
285.16
284.65
295.01
286.18
286.26
295.71
287.01
287.74
296.28
287.61
289.26
296.15
288.18
289.45
295.42
287.99
289.55
294.23
287.2
289.47
292.55
285.19
287.75
290.89
284.14
285.15
289.79
283.94
284.92
287.75
283.94
283.04
287.41
284.14
281.53
286.49
284.12
280.45
285.55
284.15
279.85
284.82
283.91
279.44
284.22
283.89
279.5
283.89
284.16
278.54
282.89
284.18
278.73
282.4
284.2
278.54
282.42
283.76
278.25
285.28
283.36
278.33
287.67
283.93
278.53
289.82
284.14
280.44
290.43
284.14
282.26
291.79
284.94
285.36
293.4
285.14
287.35
295.02
285.75
288.75
295.41
285.17
289.55
295.78
284.97
289.44
295.65
284.77
288.71
293.63
284.36
288.75
290.73
284.36
287.55
289.04
284.36
286.45
286.61
284.53
286.05
285.89
285.16
285.59
285.21
284.93
284.48
284.39
284.89
284.25
283.32
285.19
284.15
282.63
285.67
283.55
281.84
285.68
282.94
281.46
285.9
282.64
281.01
286.2
282.74
281.21
285.42
283.15
280.87
285.17
284.03
284.47
285.36
284.59
289.15
285.15
284.26
291.29
284.34
284.96
292.34
284.75
285.24
294.22
285.53
284.84
295.55
286.14
285.54
295.77
286.35
287.05
296.72
286.54
287.86
296.88
286.56
288.15
296.82
286.57
288.24
294.73
286.15
287.25
291.85
284.76
285.8
290.65
283.74
285.35
288.67
282.95
284.48
287.74
282.93
283.04
286.72
282.89
282.24
285.7
281.89
281.25
285.33
281.9
281.24
284.33
282.12
280.94
284.08
281.35
280.74
283.77
280.84
280.64
283.51
281.34
281.03
283.45
282.02
280.85
283.4
281.91
281.04
286.62
281.67
280.94
289.25
281.7
281.14
291.07
282.15
281.9
295.68
282.37
283.27
297.52
282.75
283.75
298.76
282.96
284.85
300.08
283.58
286.84
300.72
285.16
288.05
300.81
285.77
289.26
300.62
286.0
290.03
296.53
285.59
289.75
294.88
285.77
289.54
292.69
285.55
287.81
291.07
285.56
287.65
290.62
285.34
286.45
289.33
285.42
286.15
288.87
284.93
285.15
289.12
284.94
285.37
288.48
284.65
285.15
287.35
284.39
284.85
287.06
285.15
284.45
287.44
284.92
284.45
286.95
284.68
284.35
286.65
284.18
284.45
288.39
284.15
284.37
291.4
284.38
284.15
292.14
284.37
284.48
296.75
284.79
284.65
297.54
284.76
284.93
298.48
285.16
285.15
299.9
285.15
284.92
300.15
284.36
284.93
300.75
284.15
284.9
300.22
283.56
284.48
299.17
283.15
283.59
296.82
283.15
283.15
296.34
283.16
283.24
295.22
282.96
282.95
294.21
282.92
283.05
293.58
282.93
282.85
293.52
282.15
282.95
292.46
281.9
283.04
291.72
281.61
282.53
291.22
281.38
282.35
291.03
281.43
281.81
290.15
281.16
281.48
289.78
281.16
281.15
289.77
280.72
281.14
291.46
280.76
281.7
292.56
280.73
281.25
294.57
281.52
281.45
296.15
282.33
281.66
296.29
283.19
282.35
298.35
284.36
283.05
299.34
284.55
283.54
300.55
284.95
283.74
300.46
284.94
283.75
300.52
284.54
282.65
299.15
284.72
282.63
297.71
283.17
282.34
296.61
282.16
281.35
295.88
281.34
281.26
295.4
281.15
280.74
295.27
280.18
280.44
295.52
280.86
280.14
295.52
280.62
280.37
295.52
281.14
280.34
295.21
281.09
280.64
295.09
281.15
280.71
295.09
281.36
280.71
295.08
281.43
280.65
295.21
281.14
280.45
295.28
280.93
280.37
296.22
280.94
280.35
297.08
280.77
280.37
298.41
280.92
280.95
300.21
281.55
281.6
301.46
281.51
281.82
302.61
281.97
281.92
303.59
282.18
282.25
303.96
282.19
282.45
303.53
282.14
282.56
302.03
282.15
283.04
300.95
281.74
284.16
300.34
282.15
285.86
300.15
282.99
286.59
299.9
283.22
287.59
298.88
283.7
287.48
293.98
284.16
287.15
290.73
284.95
286.15
289.96
284.72
285.92
289.84
284.74
285.95
289.81
284.96
285.85
289.75
284.66
285.65
289.84
284.44
284.92
289.68
284.0
284.54
289.82
283.75
284.7
290.77
283.35
284.59
291.93
283.74
284.81
292.62
285.15
285.35
293.89
285.76
286.45
294.88
286.74
287.03
295.71
287.34
287.49
296.15
287.55
286.35
295.82
286.56
287.05
295.21
286.56
287.75
292.72
286.16
286.82
290.16
285.35
285.74
288.48
284.95
284.93
286.64
283.96
284.74
285.52
283.33
284.14
284.55
282.9
283.82
283.64
282.16
282.65
283.4
281.41
281.94
283.2
281.39
282.04
282.71
281.38
282.14
282.51
281.18
281.7
282.45
281.62
281.84
282.52
282.13
281.45
282.76
281.73
281.74
284.8
281.71
281.55
288.85
281.91
281.15
291.81
282.91
282.13
295.72
283.96
284.59
297.82
284.74
286.15
299.35
285.75
288.25
300.14
286.56
289.45
300.43
286.95
290.6
300.48
287.18
290.85
299.94
286.97
290.59
297.84
286.56
290.38
295.65
286.35
288.24
294.41
286.32
286.44
293.09
285.74
284.64
291.56
284.74
283.54
290.89
283.65
282.84
290.62
283.87
281.94
289.02
282.85
281.34
287.76
282.6
281.64
286.63
281.66
281.03
286.22
280.85
280.55
286.09
281.16
279.92
285.48
280.14
279.86
285.09
279.74
279.86
286.35
279.69
279.27
289.0
279.07
278.93
291.21
281.11
281.03
292.35
283.31
283.23
294.14
285.15
285.55
294.68
286.4
286.95
295.14
287.6
288.95
294.95
288.25
289.93
294.84
288.27
290.37
294.08
288.45
290.7
292.01
287.03
289.8
290.15
285.04
287.15
287.72
282.2
285.26
286.28
282.14
284.34
286.06
280.96
283.33
284.34
280.62
281.84
283.87
280.65
280.81
282.94
279.64
280.04
281.89
279.63
279.45
281.61
280.32
279.54
281.81
281.59
278.9
281.28
282.09
278.46
280.65
282.05
278.52
279.77
282.52
278.57
282.94
282.91
278.85
287.87
283.53
279.24
288.79
284.15
280.45
293.82
284.36
282.93
295.76
284.55
285.38
296.94
284.74
286.57
298.2
284.98
287.66
299.08
285.58
288.49
299.22
285.59
288.16
299.09
285.75
286.66
295.95
285.15
286.25
293.03
283.59
285.45
290.68
282.36
284.7
289.74
282.13
284.59
289.07
281.57
284.59
288.63
282.38
284.26
288.33
282.38
284.03
287.64
283.17
284.05
287.15
282.92
284.03
286.46
282.61
283.92
285.47
282.9
283.81
285.01
282.62
283.65
284.0
282.63
283.34
284.02
281.69
283.25
286.95
280.94
283.14
289.92
280.28
283.04
291.83
281.92
283.45
295.34
283.55
284.26
298.76
284.14
284.37
300.79
285.57
284.81
301.28
287.04
285.35
302.01
287.25
285.39
301.82
287.26
286.55
301.76
287.21
286.54
298.62
286.42
286.26
296.69
284.4
285.15
295.93
282.56
284.26
295.08
281.94
283.54
294.07
281.52
282.85
293.49
281.66
282.36
291.38
281.37
282.03
290.6
281.83
281.48
289.25
281.17
281.03
287.56
280.13
280.85
285.94
281.37
280.95
284.87
280.89
280.54
283.72
279.57
280.14
282.72
279.7
281.04
282.89
280.08
281.48
283.28
279.07
281.48
283.92
281.04
282.15
284.58
284.56
282.74
284.57
286.18
284.26
282.58
286.44
286.15
282.01
287.87
288.14
282.15
288.42
289.44
282.48
288.65
290.59
282.95
288.01
290.92
281.95
