282.05
282.49
280.56
282.68
282.749528786
281.65
282.63558264
283.36
281.684809264
283.27
284.75
283.86
283.91
284.72734493
284.75
283.670734767
284.61
284.760779221
284.42
284.424149848
286.1
284.557401468
284.23
286.085619192
285.17
284.674905405
285.108809596
285.055181452
285.06
285.78
284.5
285.14
282.13
284.17
285.11
281.04
283.63
284.943391403
280.782325581
283.606429408
284.53
280.22
283.5
282.56
278.9
283.71
282.69
277.27
283.72
282.53
276.68
283.68
281.47
276.07
283.64
281.455885947
275.95
283.581117564
281.25
275.95069093
283.33
281.38
276.01
283.39
281.1
275.62
281.81
281.115425231
276.65
281.553787653
281.15
276.760478261
282.55
281.29
283.25
281.99
281.25
285.17
282.35
281.457108108
286.72
282.721445385
282.42
286.72396619
284.33
284.18
289.77
284.33
284.36
290.7
285.14
284.303446328
291.34
285.120223708
284.14
291.324859504
285.03
283.061568418
290.416429752
284.938178622
285.09
290.93
284.48
283.755368599
287.53
283.486050441
282.28
287.520853746
283.17
281.962372834
286.22
282.65
281.63
286.2
282.28
281.15
285.34
282.23
281.148341121
284.84
281.96
281.12
284.25
281.24
280.647037551
284.023244529
281.155799087
280.3
283.82
280.8
280.114295979
283.432697842
280.37235109
279.91
283.04
280.6
279.730105541
282.535525
280.42
279.53
282.02
279.64
279.74
285.31
279.69
279.89
285.59
281.73
280.192614005
289.28
281.77
280.89
291.36
283.3
282.81
293.1
284.26
282.952600186
295.38
283.715902439
283.88
295.389408427
285.98
284.5568
296.005516814
285.848993907
285.29
296.63
285.22
284.239044097
296.309121951
284.975505618
285.04
296.05
283.66
284.355394604
293.98
282.900731905
283.58
293.969768203
282.75
282.832309603
292.48
282.700028596
282.04
292.477747381
282.5
281.49
291.19
282.39
281.33
291.18
282.39
281.03
291.59
282.41
280.897942141
291.252186221
282.365574396
281.04
291.62
282.17
281.064421083
291.58
282.18
281.09
291.77
281.89
280.85
291.78
281.0
280.850163892
291.794021461
280.65855895
280.87
292.06
280.66
281.34
293.53
280.67
281.9
294.73
281.66
282.51
296.11
281.82
282.511187335
297.65
281.873633978
282.6
297.652030253
282.11
282.311830028
299.74
282.131554204
283.15
299.739995841
282.23
282.781479429
299.961452378
281.67290528
282.38
299.71
282.33
282.336475721
298.36
282.324454898
282.29
298.315528972
282.3
281.920114009
294.39
282.277889844
282.37
294.341017544
282.18
282.468236776
287.41
281.86
282.57
287.91
281.57
281.29
288.64
281.1
279.95
287.72
281.01
279.92
286.06
280.54
279.796992952
283.22
280.510637705
279.48
283.20761157
280.38
279.327235955
282.464305785
280.329704406
279.53
281.3
280.11
279.143993386
281.085886897
280.002286865
278.7
280.86
280.18
279.27
282.5
280.2
279.86
283.65
280.59
280.441704344
284.543478261
280.876312265
281.3
285.31
282.03
281.641285634
286.49119011
282.04758363
282.02
287.69
282.28
282.669112377
288.532304812
282.189565399
283.38
289.38
281.77
282.363601393
289.57
281.725237305
282.87
289.536482246
281.52
282.157137945
287.5895
281.192511609
281.4
285.88
280.92
280.5
283.7
280.91
280.09
282.66
280.61
279.94
281.85
280.54
279.928596537
281.09
280.48
279.67
280.34
280.05
279.458286045
279.6
279.979227783
279.46
279.578140473
279.69
279.479688456
277.91
279.46
279.5
277.52
278.51
278.88
277.42
278.34
279.06
277.23
277.75
278.734174154
282.61
277.77
279.03
285.48
279.89
279.543020638
286.287978265
280.138790614
280.39
287.99
281.72
281.88
290.51
282.49
281.985966838
291.64
282.198942029
282.63
291.657877651
283.91
283.509899269
293.2
283.978213115
284.44
293.19497562
284.29
284.391367439
292.24298781
284.251634535
285.26
292.98
284.06
285.096009206
291.373341242
282.933389578
284.91
289.69
279.5
283.047206376
288.711216953
279.234948588
280.98
287.71
278.09
278.67
286.61
278.24
278.641655012
286.11
278.163796258
277.95
286.096337339
277.83
276.977187139
284.83516867
277.978800673
277.55
284.73
278.63
277.443380321
283.73
278.136003802
277.33
283.690997294
278.05
277.21764714
283.2
277.983326466
277.1
283.235623019
277.7
277.074899281
285.567311509
278.04108463
277.12
285.93
279.53
278.665464789
290.95
280.01094999
280.32
291.020350773
283.07
283.84
293.75
284.14
284.081899055
295.15
284.04714764
285.48
295.175404599
285.69
286.315526279
295.864695508
285.661063595
287.21
296.57
285.53
286.238819058
296.348154274
285.61485222
286.87
296.13
286.01
286.950335366
294.94497089
285.111606947
287.04
293.73
283.26
285.60336099
290.85
283.177849496
284.03
290.841665351
282.87
282.36
289.2
281.65
282.02
288.67
281.23
282.019375983
288.66342723
280.941690193
281.85
288.53
280.99
281.961380145
288.02
280.99
282.08
287.79
280.61
281.196641001
287.07
280.66
280.81
287.043005811
280.554620887
280.65
286.34
280.08
280.2
283.16
280.08
280.34
284.06
280.47
280.627732558
284.386886135
280.096414803
281.39
285.14
281.2
283.27
288.02
282.28
283.262473616
288.094055158
281.745685271
282.84
289.27
283.29
283.176687693
290.0
283.217956841
283.55
290.000013918
282.89
282.278337211
290.01
282.790114894
283.34
289.996280274
282.33
282.69634532
286.09
281.904786062
282.02
286.0269522
279.73
281.322905509
284.68
279.58918601
280.6
284.652008308
279.07
278.32
282.28
279.06
277.91
281.49
278.93
277.22
281.5
277.9
276.68
280.02
277.78
276.679767932
279.991540278
277.8658924
276.64
279.44
278.25
276.41
277.77
278.15
276.55
277.77
277.2
276.54109215
279.75
276.944349064
276.52
279.813713932
278.36
277.176556756
285.61
279.82
277.86
285.671095139
280.024050805
279.09
287.48
282.48
281.35
290.29
283.57
281.360377262
290.361728332
283.36797479
281.94
291.51
285.02
282.792725471
293.5
285.16442273
283.74
293.499850083
285.81
284.344349428
293.46
285.761052412
284.93
293.447609967
285.54
284.823350021
289.59
284.411328039
284.71
289.555404782
281.18
283.088734106
287.26
280.662389464
281.39
287.250103676
278.72
279.45
286.51
278.53
278.17
286.47
277.91
278.124108527
286.19
277.779513971
277.55
286.154604396
277.52
276.867395029
285.4
277.51
276.16
285.51
277.93
275.690492116
285.13
277.68
275.32
285.15
276.35
274.666058027
285.98
276.4
274.68
286.68
278.26
277.21
288.22
280.6
277.565342597
290.01
281.509268959
280.3
290.051866995
284.9
283.68
293.43
284.91
285.52
294.23
287.22
285.982946096
294.557326165
287.336533593
286.63
295.35
287.9
287.644566602
295.256551772
287.611515177
288.78
295.16
288.17
289.025866557
294.768426027
288.049235508
289.31
294.35
287.42
286.812414549
293.655809219
286.494869751
286.84
293.66
282.04
285.801447276
293.46042664
281.700841662
284.61
293.25
281.19
283.177923735
293.24
280.875509015
281.61
293.237228058
279.59
279.723278281
292.952114029
279.435441501
279.43
293.26
278.71
278.978838391
293.407912948
278.978357513
278.44
293.57
277.71
277.97201191
293.781279728
277.666560773
277.42
294.01
277.46
277.458272519
292.61869697
278.423518732
277.27
293.94
282.95
282.84
295.3
285.63
282.89084094
296.08
285.78
285.28
296.35
288.07
287.565911602
296.525326604
288.043108374
288.81
296.91
290.55
289.816999192
296.905165501
290.686705178
290.98
296.9
291.39
290.363957325
294.16
291.304708691
292.49
294.130469707
290.92
292.393421017
293.399913853
289.462840033
292.29
291.75
285.04
290.367906774
291.892244514
284.713198294
287.75
292.07
282.7
284.98864259
292.99
282.425735171
284.14
292.990813397
281.43
282.31
293.16
281.38
281.32
293.21
280.28
281.165895613
293.160096103
280.186896552
280.63
293.01
279.38
279.64
290.99
279.33
279.03
290.37
278.32
278.99
289.32
278.71
279.005155939
289.495453416
279.528894612
279.19
290.29
283.5
281.405018419
291.261565315
284.156034056
283.99
292.29
287.49
289.43
294.14
288.0
290.62
294.81
290.77
290.643223413
296.0
290.936345625
292.16
296.001301228
291.7
293.124988941
295.782923588
290.591149007
294.17
296.41
293.06
294.441168685
294.58
292.616498761
294.73
294.528283191
290.74
290.896143758
290.01
290.009070894
292.27
290.00467616
286.75
289.895299822
288.38199367
285.444221791
287.29
288.93
284.06
284.9
287.25
283.5
284.889566879
287.179317147
282.904122262
283.73
285.88
281.64
282.910227365
285.469396808
281.545096181
281.9
285.0
281.09
280.75
286.0
281.51
280.08
285.99
280.31
279.880935694
285.96
280.480593582
279.41
285.961592998
280.97
280.716241125
286.221671843
282.020838323
282.2
286.49
285.57
286.64
286.22
286.48
286.864164811
286.315679481
286.854303341
288.29
286.79
288.53
289.335416185
288.02
288.786459909
291.62
288.028543128
289.96
292.243799697
289.174594695
289.348729981
292.92
290.09
289.67
293.292617018
288.83
289.365248187
293.7
288.827389721
287.99
290.305651657
286.5
287.399690016
291.35
286.485227093
284.68
289.10615679
284.619739177
284.04351764
286.52
284.83
284.31
285.519100264
283.828781032
284.079008242
284.23
282.65
282.83
282.569504739
281.653052001
282.763963147
282.66
282.2
282.3
281.940516523
281.376781003
281.739653511
280.92
280.3
282.04
280.654736842
280.233826025
281.952890052
280.29
280.15
281.45
280.188994633
283.149003942
281.8850649
280.73
282.36
283.57
281.493890652
287.36
284.57
282.34
287.495056543
284.900479809
283.17
289.5
286.44
284.850392157
291.65
286.360133966
286.67
291.671381528
287.12
287.861670282
292.320871864
287.172144994
289.19
293.01
287.43
289.444916667
292.86
287.4
290.18
292.07
286.32
289.857453416
289.4
285.721168956
289.16
289.392933407
284.01
285.12
285.45
283.94
284.1
285.14
283.38
282.85
284.53
283.26
282.760656214
284.50984375
283.146482759
282.0
284.38
282.28
281.436789704
282.237060302
282.022156669
280.25
282.89
280.29
279.992918134
282.478369244
280.058784589
279.64
281.96
279.31
279.417953208
281.458345625
279.441511974
279.14
280.89
280.03
280.205293201
287.2
280.654517208
279.78
287.316013986
283.16
283.87
292.73
284.48
283.894063841
294.59
284.922334711
285.87
294.611130114
286.85
287.853098206
295.695370319
286.813755873
289.96
296.15
289.18
291.041921967
296.692594119
289.257137415
292.25
297.25
289.63
290.728344828
296.96
289.387087783
293.52
296.916821608
288.31
293.137189944
292.05
288.16
292.74
291.02
286.18
290.740625395
290.705614812
286.094543514
288.91
289.92
285.47
285.6
288.79
284.51
285.543245779
288.746573876
284.421362812
284.39
288.27
283.99
284.186085511
287.418062176
283.986452435
283.69
286.99
283.97
283.376473841
285.58
283.93
283.04
284.27
283.15
281.78
283.94
282.58
281.744874298
284.67
282.450019156
281.37
284.702696517
282.42
281.496680773
291.49
283.47
281.63
291.594414414
283.247857143
282.5
294.72
285.13
283.45
298.7
285.15
284.09
299.67
286.4
284.212040388
300.306152276
286.425774122
285.21
300.87
286.55
285.380285082
301.186016598
285.635645041
285.57
301.51
285.87
284.782369299
300.63141662
285.575474041
283.9
299.73
284.17
283.216114286
294.56
284.06
281.79
293.35
282.21
280.77
292.38
281.59
280.74
291.28
281.51
280.53
290.38
280.44
279.92
289.17
280.36
279.82
288.39
280.18
279.819754835
288.03
280.267528776
279.72
288.009188997
280.64
279.99
286.46
281.0
280.06
285.81
280.69
280.18
287.0
280.85
280.29
290.41
280.75
281.0
295.58
280.8
281.49
297.0
281.27
282.26
299.91
282.25
283.82
301.32
282.72
283.845723948
301.346673352
282.508517106
284.45
301.67
284.32
284.901451774
301.36
284.13
285.39
301.2
284.19
285.650290112
300.05
284.33
285.86
299.24
284.27
285.809023481
298.342626187
283.667415665
285.83
296.49
284.03
283.42
294.86
284.02
282.99
293.72
283.7
282.0
293.23
283.66
281.07
292.32
283.42
280.24
291.54
283.36
280.05
290.47
283.39
279.5
289.69
283.36
278.93
288.57
283.31
278.83
287.86
283.1
278.2
287.67
283.13
277.81
288.56
282.0
278.38
290.98
282.04
280.39
292.36
283.86
283.13
294.22
284.79
283.204616069
295.51
285.22
285.34
296.29
286.47
288.71
296.95
287.84
288.70922467
297.64
288.07332866
290.09
297.64065251
289.13
290.92144385
297.72
288.98
291.78
297.69
288.52
292.399382669
296.38
288.28
292.31
293.82
287.11
290.774649528
291.76
286.57643477
289.44
291.732049689
284.3
286.47
288.61
284.23
286.23
287.42
284.5
285.89
286.85
283.37
285.1
285.66
283.5
284.49
285.46
282.87
283.85
285.4
282.89
283.834590421
284.7
282.83
283.53
284.54
282.38
282.2
284.95
282.43
281.77
285.64
281.79
282.0
291.05
281.32
283.42
294.02
285.3
285.56
297.07
286.59
285.614008734
299.29
286.61
287.82
300.44
288.96
290.285485628
301.55
289.075773892
291.7
301.553640798
291.53
293.568573006
301.983318609
291.656742809
295.62
302.42
292.24
294.846294521
300.44
292.35
297.67
298.88
292.46
298.265109105
295.98
291.420097561
298.21
295.895040368
286.89
294.94686747
292.66
286.486637751
291.55
292.654202523
284.96
288.23
292.1
283.62
287.39
290.62
283.19
287.259073458
289.62
282.98
285.62
288.69
283.03
284.49
287.57
281.85
283.77
287.39
282.05
282.99
286.48
281.95
282.871759295
286.26
281.6
282.6
286.13
282.84
282.84
289.51
283.4
284.93
291.29
287.15
287.76
293.22
289.21
290.07
294.64
288.51
291.78
294.82
291.3
292.183303452
295.27
290.992354839
293.12
295.320739095
291.23
294.428348407
295.37
291.17
295.78
295.1
290.39
295.798527378
294.7
290.39
295.63
293.84
290.03
295.088029653
291.54
287.75
293.78
290.42
287.325007304
291.2
290.414435496
285.45
287.61
288.42
285.9
286.8
287.63
284.93
285.12
287.13
284.06
284.2
287.33
284.1
282.93
287.07
282.74
282.19
287.0
282.84
281.83
286.45
281.6
280.69
286.75
281.57
280.4
286.27
281.36
280.72
287.73
281.3
280.8
288.57
282.53
281.86
290.64
284.46
281.880177546
291.7
284.964507692
282.7
291.705888519
286.14
285.33
293.16
286.96
285.461754341
291.81
287.15
287.61
288.96
288.37
288.956374053
288.937528629
288.583482601
289.74
288.89
289.59
290.94
288.64
289.46
291.34
288.53
288.74
291.09989593
288.487600297
287.681666805
290.54
288.4
284.2
286.74
288.0
284.06
285.84
288.23
282.87
284.07
288.57
281.81
282.86
289.43
281.19
282.78821883
289.67
280.964362375
281.56
289.687029703
280.34
280.62
289.88
280.69
281.35
290.03
281.12
281.31
290.17
280.97
281.334468882
290.64
281.062036852
281.49
290.648958633
281.46
281.66
291.63
281.34
282.19
292.02
282.97
282.8
293.22
283.73
282.840221498
294.47
283.945066829
283.56
294.492560647
284.91
284.419748683
297.110603001
285.29316888
285.36
296.33
286.86
285.920930298
296.5
286.900872625
286.55
296.500767591
287.08
287.41
296.7
287.7
287.18
296.85
287.4
286.979618871
296.569650776
286.354915159
286.52
296.0
284.69
284.44
295.31
284.24
284.2
294.69
283.9
283.9
294.56
283.0
283.35
294.44
282.32
283.347885653
294.51
281.583413479
283.19
294.550563159
283.5
282.6
294.28
283.5
282.65
294.07
283.49
281.672901899
293.46
283.314018427
282.52
293.460189465
282.56
281.92
293.49
282.58
281.97
293.63
283.08
282.19092233
293.96825477
283.257702703
282.75
294.72
283.94
283.76
297.48
284.54
283.950107429
299.64
284.827780041
284.92
299.621401312
286.04
285.786406329
299.044200656
286.114574764
285.99
301.88
286.47
285.942772734
300.652011991
286.1420338
285.89
299.39
285.87
286.042533779
296.177975212
285.68396707
286.21
292.92
284.82
284.939956837
291.35
284.86
285.44
291.08
283.27
284.24
290.59
282.92
284.069045274
290.08
282.963122984
283.48
290.066620883
283.15
282.990611617
288.97
282.59
282.49
288.48
282.42
282.213644752
287.95
282.387209693
281.89
287.946021384
282.25
281.35
287.67
282.29
281.58
287.25
282.47
281.577075068
287.36
282.48
281.57
287.99
282.94
281.595899721
288.442907538
283.305419115
282.43
289.43
284.73
285.31
291.03
284.56
286.13
291.83
284.79
286.132778492
291.849803521
284.160124789
286.53
292.22
284.2
286.534742971
292.91
284.179931916
286.54
292.899794101
284.09
285.549442096
291.6
284.079156825
282.54
291.59188366
284.03
282.075428571
291.181308683
283.311400496
281.58
290.73
282.15
281.457855825
289.88
281.62
281.33
289.87
280.41
280.95
289.3
279.79
280.41
288.01
279.7
280.61
287.12
279.36
280.74436255
286.62
279.46
280.53
286.17
279.57
279.93
285.74
279.56
279.71
285.58
279.66
278.99
286.06
279.67
278.72
286.34
278.87
279.390059005
286.39
279.01
279.71
286.52
281.46
281.8
286.96
282.65
281.842827379
287.25
283.054722719
283.69
287.250507516
284.89
284.411666667
289.487490266
284.499178704
285.2
287.71
285.65
285.461154949
288.439890561
285.683149328
285.76
289.21
285.85
285.001603831
288.94
285.822761402
286.42
288.930958409
285.7
286.337081247
287.69
284.921065934
286.25
287.673609337
283.26
283.82
286.89
283.29
283.84
286.9
282.24
283.39
286.7
281.89
282.91
286.77
281.75
282.813945919
286.83
281.525752763
281.52
286.82611383
281.85
279.77
286.69
281.8
279.45
286.68
281.6
278.46
286.67
281.54
278.4
286.57
279.64
278.21
287.06
279.64
278.49
287.07
280.64
280.08
289.26
280.73
280.8
289.94
282.65
281.55
291.49
283.01
283.66
292.99
283.2
284.44
293.77
284.29
284.902006369
294.41
284.32
285.36
295.0
284.69
286.379438097
294.77
284.821074349
286.74
294.765945055
285.04
286.42
294.09
285.01
286.14
292.42
284.35
284.1
290.59
283.24
283.36
289.93
281.69
282.38
288.81
281.08
282.13
288.02
280.92
281.84
287.11
280.77
281.63
286.9
280.96
281.64
286.42
281.0
281.62
285.84
280.9
281.12
285.31
280.92
281.06
285.74
281.81
281.00491394
285.11
281.674810942
280.88
285.149445402
281.08
281.24
288.82
281.3
281.53
290.38
283.37
282.95
292.15
284.68
284.05
293.12
285.08
284.054064157
293.181256902
285.178700597
284.78
294.4
285.65
285.332896865
295.7
285.59
285.73
295.86
285.9
286.654139421
296.1
285.357021207
287.06
296.114787453
286.38
287.19
294.95
286.33
286.8
293.45
285.38
285.89
291.89
285.38
285.09
291.52
283.46
283.97
291.09
282.6
282.9
290.72
282.3
281.1
290.44
280.95
280.12
290.78
280.83
279.56
290.6
280.32
278.72
290.7
280.33
278.26
290.97
280.36
278.19
291.16
280.29
278.140202335
291.37
280.27
277.4
291.68
280.28
278.75
292.65
280.54
280.72
293.26
283.21
283.09
294.82
283.36
284.93
296.15
284.75
286.32
297.31
285.5
286.556857485
297.78
286.41
288.2
297.79525525
286.5695921
290.02
298.62
287.34
290.84
298.27
287.59
291.8
297.91
287.72
291.840537374
296.99
287.40916252
291.93
296.984665521
286.0
289.96
296.01
286.33
288.16
295.31
283.75
285.42
294.83
283.45
284.11
294.28
282.72
283.45
294.0
282.72
283.17
294.06
280.94
282.24
294.0
280.99
281.61
293.78
281.12
281.21
293.71
281.69
280.64
291.99
279.82
280.35
290.77
280.11
280.04
289.93
280.22
280.58
289.42
283.93
284.22
289.65
284.44
284.279968288
289.54
284.963540984
286.66
289.602388052
287.99
290.91
290.06
288.17
293.06
290.26
289.49
292.973629411
291.109578289
289.62686183
294.69
291.05
290.28
296.027439456
292.05
290.187893016
297.47
292.045060738
291.12
297.910470588
292.65
290.535476828
298.37
292.650361991
287.95
294.94
292.69
287.04
292.87
292.44
283.89
290.77
291.65
283.76
288.3
291.44
283.96
288.43
291.17
283.92
286.56
290.96
281.35
285.11
290.74
284.0
284.77
290.66
283.61
284.1
290.69
283.02
283.49
290.64
282.58
282.63
290.47
282.23
282.37
290.71
283.45
284.25
291.53
283.8
287.18
291.89
288.27
292.35
292.84
290.24
295.41
293.68
291.79
295.438523296
293.716249347
292.331252485
297.93
294.37
294.94
296.831381601
295.31
295.46
301.21
294.95
297.14
303.5
294.91
297.54
303.97
294.89
296.94
303.29
294.55
296.68
302.54
293.73
294.22
301.227372881
292.67
293.59
298.13
292.2
289.19
292.48
291.76
288.95
291.49
291.45
286.37
289.94
291.45
284.88
288.26
291.2
284.54
287.63
291.12
284.49
286.22
290.69
283.15
285.49
290.75
283.19
284.73
290.85
283.26
283.95
290.79
283.32
283.81
291.19
284.48
284.99
291.91
283.72
288.34
292.5
288.03
291.45
294.03
289.4
293.26
294.43
291.05
293.288416025
295.16
291.325072998
295.36
295.162216854
292.61
298.44
296.46
292.53
299.09
296.84
293.39
299.520122272
297.13
293.39
300.46
297.1
293.56
300.24
296.28
293.63
300.08
295.01
292.5
298.11
293.62
292.13
294.91
292.95
288.1
292.84
293.13
287.26
290.55
293.51
285.82
290.45155009
291.82
284.49
289.1
291.31
284.29
286.67
288.9
285.1
285.65
289.13
285.46
285.1
289.2
285.32
284.36
289.34
