279.53
282.546406294
286.55780104
279.496661905
281.73
286.15
279.33
280.993750645
284.643449254
278.776370474
281.15
285.35
276.42
280.713411087
284.815354331
276.853646209
280.16
284.21
276.33
280.036341563
283.627139756
276.294164121
279.87
282.93
276.12
279.766003791
281.937485411
276.038411526
279.73
282.44
275.58
279.210837645
282.29531411
275.672520737
278.31
282.07
275.8
278.256744601
283.084009748
275.970836901
278.15
284.86
276.83
279.139064564
286.639299913
277.313404255
279.77
289.43
279.67
280.43174704
290.79773495
279.983504373
281.43
292.62
280.01
281.577764254
293.089759005
279.989244734
281.81
293.75
279.84
281.397746269
290.390148029
279.717130682
281.9
292.02
278.84
281.638192123
290.38321729
278.20992973
281.15
287.69
278.56
280.87074652
287.055443554
278.497056675
280.42
286.14
278.15
279.603191011
284.318058645
277.430662317
279.31
285.22
274.54
279.370712746
283.95
274.724526193
279.44
283.902204806
273.37
279.088102869
283.253153398
273.334609241
278.66
282.48
273.15
278.381057989
280.401394092
273.070275368
278.73
281.62
272.71
278.379770084
281.373947368
272.644935916
277.9
281.07
275.67
278.230736813
283.079478225
275.927607777
278.71
285.69
277.17
278.944634146
287.769779641
277.478190529
278.78
289.91
278.85
279.610180546
290.992479374
278.670512195
280.65
292.22
279.67
281.034640362
292.95223594
279.67
281.52
293.79
279.67
280.322824019
290.930274964
279.396836764
281.03
291.87
277.82
280.017650273
290.067617131
276.834389498
278.67
287.89
275.91
277.808872584
286.990811954
275.768933256
276.78
286.01
275.11
275.04
285.22
274.67
275.019534641
284.47
273.776475123
274.28
284.469039596
269.93
274.25739644
284.29
269.78
273.41
283.93
269.13
273.228595025
283.86
269.04
272.81
283.72
268.05
272.619142739
283.770415282
268.74604851
272.51
283.92
271.94
272.804520922
284.654295916
272.002848775
271.91
284.86
272.31
272.275889792
286.996906752
272.749967572
272.74
289.51
275.51
274.401646734
293.01
276.105618112
276.52
293.049253752
278.18
277.977195941
295.08
278.301140598
279.77
295.080168697
278.85
280.080347873
294.437134048
278.419952218
280.44
295.22
277.18
279.9396315
293.329175441
276.844515409
279.29
291.08
274.94
278.361268428
289.538584005
274.909077656
276.27
290.01
274.74
275.588989017
289.312471847
273.809261271
274.78
288.55
274.06
273.75
287.48
270.32
273.71959812
287.35
270.24356
273.53
287.30756338
269.72
273.108835004
286.785611472
269.550827068
272.65
286.22
268.72
273.70963142
285.075352113
268.893154894
272.41
286.37
269.73
272.119558088
285.284687239
269.73897232
271.79
284.15
272.14
271.611204517
283.35423034
272.43590537
271.41
282.53
273.81
273.578398458
282.737567893
274.430793748
274.38
281.79
277.0
278.01
283.61
278.02
279.29
284.02
278.51
279.494259102
284.073299492
278.586716991
280.58
284.3
279.02
279.233516999
282.283184165
278.615207399
281.03
282.72
276.16
279.711625623
281.2795512
275.398273427
277.92
279.49
274.12
276.907671544
278.674506322
273.986895173
275.66
277.75
273.32
275.757780735
276.01
272.874095737
274.53
276.001146425
271.01
274.04
274.81
270.92
273.63
274.5
270.13
273.54526418
274.383215534
270.163565654
273.29
274.08
270.33
273.870439077
272.478142333
270.381471614
272.53
273.21
270.63
272.356328637
272.847378329
271.158162107
272.16
272.47
273.47
272.098996822
274.821548673
273.676908032
272.03
277.27
274.67
274.824742061
279.837458867
275.143961744
275.01
281.58
277.18
279.15
284.35
277.6
279.223818182
284.405599523
277.770866174
280.01
285.22
278.67
280.748190255
285.441172696
278.373370895
281.65
285.69
277.85
280.905552992
284.159270083
277.773529743
279.92
282.3
277.32
278.079331112
278.894993348
277.228091771
276.78
279.75
276.72
276.100269194
279.128383464
276.466810181
275.26
278.42
276.7
273.61
277.35
274.689
273.654928188
273.114
274.869996375
274.089
273.105779885
274.689
274.089
273.114
274.351449334
274.089
273.114
272.72
273.824122847
272.077531975
272.788426904
273.02
275.95
273.12
273.084940107
275.664382487
273.656912099
273.16
275.36
276.33
273.377560907
277.882806058
276.505577833
273.63
280.57
277.33
275.343398621
283.775504634
277.493899314
275.51
287.0
278.17
277.58
289.44
278.34
277.668905232
289.334119914
278.311418752
278.76
290.22
278.16
279.048008789
289.9094491
277.427478744
279.4
289.56
277.34
279.13327631
287.683009189
277.341522317
278.79
285.47
277.35
278.357827751
283.313770241
277.253197497
278.15
283.73
276.74
278.268500695
283.739529903
276.164378868
278.41
283.75
276.73
278.52
283.86
276.63
278.504833887
283.68
276.14
278.41
283.551463807
276.14
278.01
283.62
276.14
277.815362419
282.998142046
275.66036772
277.57
282.28
277.64
277.263149355
281.6364242
277.662150687
276.87
280.89
277.77
275.854066667
281.035801556
277.585981021
276.58
282.01
276.69
276.501111111
284.014338488
276.586601442
276.4
286.36
278.96
276.77
289.41
279.54
276.837534973
289.52488905
279.303176374
277.77
290.5
280.33
278.565216028
290.671174067
280.107355098
279.52
290.86
278.83
278.864796087
290.771805008
278.468744244
279.89
290.58
276.35
279.300267197
290.611871453
275.404717768
278.53
290.65
275.95
278.421400422
290.318913594
275.724842966
278.29
289.95
274.58
277.116410999
289.75
273.684860699
277.54
289.745794247
269.97
276.29
289.22
270.3
275.9
289.15
270.14
275.874975619
289.1332248
270.009621726
275.8
289.09
269.37
275.302582519
288.845315975
269.43682379
274.9
289.15
269.77
274.324029666
289.15
269.374988314
273.58
289.15
273.51
273.412126881
289.499563212
273.618068694
273.18
289.94
274.19
274.21300092
290.862381166
274.73840418
275.79
291.72
277.36
276.881246287
292.681517769
277.117242718
278.28
293.8
279.2
278.865685855
294.838844164
279.2
279.72
296.22
279.2
278.335985222
294.797697148
278.819371933
279.73
294.82
276.33
278.853855795
294.250324401
275.357186213
277.43
293.42
275.57
276.439659425
293.084331746
275.380429877
274.91
292.62
274.36
273.97288499
292.689800811
273.662412096
273.54
292.82
270.53
272.876296296
292.580178347
270.290507523
272.02
292.3
269.96
271.814541345
292.206924202
269.899251453
271.53
292.09
269.56
271.453828358
291.858546197
269.451063675
270.14
291.86
268.75
270.405756877
291.873211388
268.850074074
270.78
291.89
271.97
270.603804971
292.361173246
272.331379501
270.4
292.86
274.01
272.594857704
293.581105562
274.710504851
273.01
294.29
277.68
277.89
294.79
277.93
278.87
294.01
279.02
279.144353628
293.935609756
278.998300971
280.59
293.62
278.87
278.920996454
293.3226366
278.35927095
281.03
293.65
275.33
279.113890208
293.613178511
274.688679863
276.66
293.57
274.31
275.82339336
293.64037765
273.927280299
274.79
293.72
271.97
274.369096624
293.58
271.973902924
273.66
293.581370018
271.99
272.53
293.72
270.93
272.546706656
293.634695652
270.896035107
272.17
291.65
270.73
271.582888765
288.967530297
270.404176616
270.91
286.14
270.16
270.700843802
284.117860894
270.427601683
270.42
281.65
271.75
270.971289671
286.503994316
271.61506361
269.44
281.28
270.99
269.884008316
280.615099751
271.370877364
270.38
279.93
274.84
274.15
279.29
276.5
274.464538762
279.255482759
276.5476
276.57
279.08
278.35
278.154717491
278.733088255
278.303358271
280.0
278.36
278.04
278.518894428
279.859382429
277.437469627
281.15
277.54
274.0
278.875706278
277.395240567
273.478367113
276.04
277.23
273.35
274.896630724
277.225247414
273.245993976
273.52
277.22
272.72
273.041814756
276.93
272.289427804
272.66
276.924199293
270.51
271.3
276.36
270.41
271.37
276.36
270.02
271.224747631
276.320866035
269.944696441
270.79
276.22
269.57
270.682944541
276.942784674
269.525339644
269.66
276.22
269.31
269.589479326
276.185662768
268.915670103
269.51
276.15
268.86
269.571528378
276.253696834
269.416531607
269.64
276.36
271.99
271.74751132
277.332912134
272.584380909
272.29
276.79
275.0
275.28
277.15
276.35
276.52
277.44
277.18
276.722267932
277.411075949
277.181499169
277.77
277.29
277.19
277.008981983
278.436598796
276.69507115
278.52
277.44
273.84
276.522912188
277.77098938
273.156933063
274.03
278.15
272.91
273.133086437
278.15
272.532507891
272.05
278.15
270.63
271.868988998
277.43
270.577383836
271.9
277.43098558
270.36
271.474750385
277.51
270.15
271.04
277.65
270.58
270.80219816
277.510023041
270.472393127
270.54
277.15
269.93
270.177994776
277.642787234
269.970831947
270.55
277.29
270.17
270.380693436
277.395281623
269.460429907
270.18
277.51
269.15
270.234373166
277.372531416
269.345704514
270.3
277.22
270.3
271.9146248
278.227006825
270.751230604
271.92
278.07
272.89
273.9
279.01
274.3
274.52
279.15
275.83
274.565209568
279.174258555
275.669057314
275.15
279.37
274.61
275.576528449
279.314213115
274.136592759
275.41
279.38
271.15
274.364695898
279.253259762
270.866596257
272.78
279.08
272.12
272.376414064
279.171628883
272.030178469
271.8
279.29
271.54
271.08487002
279.354170703
271.163886149
271.52
279.15
269.53
271.353163826
279.249718191
269.125531306
271.15
279.36
268.94
270.753831221
279.392746498
268.744175487
270.26
279.43
267.73
269.781527828
279.462257556
267.699672867
270.15
279.51
267.53
269.97641915
279.521750949
267.45275209
269.68
279.54
267.72
269.639855406
279.682398168
267.940657895
269.56
279.93
269.01
271.142
280.851011707
269.576393558
271.44
280.21
272.31
272.633688363
280.64510917
273.604858995
274.16
281.15
275.32
275.377818663
281.571302104
275.205439371
277.02
282.09
274.47
276.85081337
281.41499095
274.359737497
277.04
282.15
273.61
277.0245142
281.961166463
273.541614699
277.0
281.69
275.3
276.766519636
281.469339125
275.415167526
276.39
281.15
276.11
275.932487465
279.50266787
276.173676868
276.39
280.08
276.48
276.342558502
279.686982685
276.443900482
276.28
279.22
275.68
276.382558607
278.736774194
275.588889506
276.52
278.15
275.07
276.024206897
276.293199612
275.009417915
277.38
277.21
274.67
277.278457671
276.96739989
275.212455569
277.13
276.65
277.33
276.938646238
277.646403534
277.496085623
276.66
278.93
278.33
276.611595299
279.345078844
278.644185196
278.58
280.93
280.16
280.132247032
281.645906524
280.124168498
282.13
282.48
280.66
282.61342728
283.01164318
280.613020747
283.26
283.66
280.32
280.661802956
281.415988301
280.229211299
281.57
282.75
279.65
281.205820664
282.009287926
279.713928107
280.66
281.01
280.33
280.29588343
279.930244863
280.303231977
279.78
278.55
280.16
277.725804702
276.340561427
279.377962729
278.4
277.58
275.86
278.228414566
277.237747899
276.672320298
278.02
276.86
275.66
278.077006276
276.596794118
275.79150358
278.15
276.29
276.51
276.755360879
274.972888397
276.470356422
278.15
275.81
276.26
278.25583312
276.067175416
276.341228873
278.4
276.39
278.17
278.346929505
277.98556987
278.337418264
278.27
280.08
279.16
277.130839971
282.007062367
279.161829405
279.29
283.94
279.17
280.163688536
285.135525918
279.249639871
281.14
286.36
280.35
281.539425007
286.735834572
280.347056146
282.02
287.15
280.33
279.991959693
284.290609883
280.354384951
282.78
285.66
280.5
282.340596735
284.116574154
280.739111841
281.77
282.28
281.72
281.553431373
281.594407184
281.821915928
281.3
280.86
282.32
278.974280576
279.22
282.72
281.01
279.198438003
282.165361842
281.41
278.44
279.6
278.820098095
275.855808137
279.420295064
280.72
277.21
278.53
280.981806111
276.761124859
279.376649485
281.29
276.29
280.57
282.093169989
275.974215781
280.7970905
282.99
275.65
281.44954525
282.716998569
276.6932061
284.41
282.0
280.41
283.05
282.204894118
281.264256491
282.990538133
282.84
283.53
283.7
282.959074184
285.342619104
283.700197447
283.14
287.89
283.72
282.876190243
288.62
283.830698262
283.85
288.610103201
283.700189349
284.751402105
287.599019953
284.48
286.28
287.35
284.38
286.130238881
286.663138092
284.000079498
285.65
284.78
281.95
284.123730909
281.084123042
281.853358522
282.65
281.89
281.35
282.282961668
281.274355425
281.132573361
281.86
280.62
281.32
281.29
279.75
277.79
281.268214366
279.559349831
277.925519231
281.14
278.68
277.16
281.073948718
278.21756172
277.158271243
281.0
277.74
277.15
280.776458864
275.150065574
277.052341651
281.02
276.82
276.59
280.734159624
276.459112903
277.129444119
280.4
276.07
278.16
280.166702128
278.229793074
278.281354642
279.89
280.57
278.83
280.601921435
283.327684167
279.195558235
280.13
285.87
280.84
281.235980114
287.36
281.01
282.4
287.340635492
281.037426665
282.65
288.16
281.19
282.869229175
287.929549599
280.744156283
283.15
287.66
280.34
282.839262115
285.792693208
280.431314845
282.43
283.55
280.95
281.235389747
280.701252376
280.922687829
281.26
281.82
280.76
280.948875985
281.096510151
280.492245295
280.5
280.15
280.64
280.57
278.62
278.95
280.522913311
278.569447998
279.136687887
279.87
278.15
279.83
280.115691997
277.817595481
279.769136045
280.43
277.43
279.45
280.222170665
275.522712226
279.46515
280.53
276.51
279.54
280.47442029
276.108610731
279.412049875
280.4
275.62
280.86
280.971822495
277.42702582
280.831599666
281.76
279.68
280.69
280.989884158
281.900515826
280.602719571
282.14
284.51
280.18
281.772586232
285.653686502
279.676056795
281.29
287.01
280.34
281.111848518
287.76063389
280.366106891
280.9
288.58
280.51
281.372227279
285.491306224
280.535575221
281.02
286.37
280.68
281.409964893
284.904074803
280.541818182
281.88
283.28
282.17
281.611282913
282.795871906
282.135806081
281.3
282.28
281.97
281.831687715
281.08
281.75
280.86
281.22
281.155351493
280.72
281.202480663
278.5
281.904726965
279.625740331
278.451069845
282.39
280.58
278.22
281.976846559
280.134619867
279.175142415
281.52
279.68
277.75
281.63859286
279.417361459
278.495514757
281.77
279.15
281.96
282.055315849
279.676307928
281.688817204
281.91
279.47
280.36
282.066210581
281.81400545
280.635080069
282.28
284.72
281.18
283.059112096
286.089782886
281.384658314
284.29
288.01
282.37
284.061277121
290.15
282.460967136
285.53
290.150941873
282.86
285.284833154
289.810461664
282.642508141
285.01
290.29
283.04
284.961077885
288.33034046
283.235929154
284.9
286.08
284.37
283.666988831
282.620170909
283.636122679
284.27
282.22
279.77
283.987843692
281.573129598
280.169097804
283.66
280.88
279.8
283.27
280.36
279.19
283.29
279.34
278.45
283.28201105
279.12182471
278.527309713
283.78
278.81
278.92
283.443713826
278.221514745
279.445480209
283.0
277.51
278.66
282.897534326
277.198751085
278.639597837
282.76
276.82
278.54
282.767099488
277.867821464
278.971783567
282.77
277.91
281.2
282.357025104
280.957640722
281.377172185
281.7
285.34
281.42
281.893280938
287.338951703
281.484816333
282.29
291.02
282.17
282.200001848
291.81
282.09872732
281.77
291.805294571
281.83
281.679680728
291.154389632
281.774124517
281.57
291.42
281.34
281.5128304
289.387448324
281.401946512
281.43
286.73
281.75
280.998686215
283.767851846
281.779426716
281.53
284.65
281.95
281.787936709
284.342160146
281.640016807
282.16
283.94
278.42
283.27
282.72
277.39
283.322409289
282.707838819
278.27101003
284.65
282.57
277.95
284.76322524
282.008281694
277.990038765
284.91
281.35
278.19
284.751187557
280.141492073
278.227617269
284.15
280.93
278.42
284.467192691
280.899009408
279.121987382
284.91
280.86
282.86
285.629793726
282.542121212
283.054894366
286.59
284.57
284.03
286.691814978
287.382204128
284.104939103
287.76
290.43
284.53
287.907708719
291.82740113
284.267332443
288.14
293.75
284.55
287.678352302
294.28710887
284.443671319
286.91
295.09
283.53
286.004874372
293.379610769
283.338274034
285.91
292.76
282.02
285.589801352
291.312477229
281.870132952
285.02
289.01
283.14
284.936181999
288.487608509
282.879368842
284.79
287.68
281.34
284.345998738
285.139917367
280.679692617
284.27
285.94
277.81
285.15
284.15
277.74
285.65
282.94
277.81
285.668287341
282.888384835
277.922744035
285.9
282.48
278.53
285.113714982
280.755958661
278.672304544
283.72
281.36
279.56
283.525231176
281.066564796
279.866962284
283.15
280.57
281.03
283.007166216
282.107238732
280.898790692
282.78
284.27
280.17
282.244682505
287.897924054
280.346956907
282.58
291.22
281.84
282.858462773
291.899843602
281.444080978
283.51
293.23
282.35
283.988294687
293.724040434
281.988916009
284.66
294.35
280.980458004
283.237439883
291.016853257
282.19
283.57
288.23
280.34
283.352825089
287.776281491
280.020171946
282.4
286.22
280.15
281.993523966
285.525008945
280.120260969
281.27
284.42
279.95
280.622938575
283.210630949
279.263372605
280.79
283.65
276.12
280.675058488
283.916342196
276.711728179
280.53
284.22
274.94
280.920017518
284.308727982
275.969329962
281.41
284.41
281.15
280.960934613
283.841475132
280.276866207
282.62
284.48
276.13
282.011287664
284.689469831
276.552629183
281.28
284.92
280.33
281.577789943
285.983233044
280.410327869
282.02
287.42
280.99
281.829566983
289.756460903
281.004519152
282.64
293.44
281.68
282.309914705
293.966550552
281.406074303
281.3
295.29
281.66
281.471350638
296.005227538
281.71526699
281.72
296.93
281.99
281.476332545
292.852172772
281.928605622
281.58
295.29
281.56
281.350310369
292.79250906
281.100068966
281.02
289.54
281.76
280.665878796
288.138091708
281.670780347
280.15
286.29
281.16
280.08771781
284.129466506
280.156211092
279.72
284.54
275.74
279.5313992
283.989400541
276.789663162
279.29
283.36
275.34
279.224333557
282.767594801
275.262565789
279.14
282.08
274.87
279.265977737
280.464529819
274.775694618
278.4
281.48
274.32
277.884080748
281.759548484
275.440416357
277.28
282.06
278.48
277.509077711
284.022729465
278.454073568
277.78
286.14
278.33
278.615513514
289.654723327
278.655839166
278.66
291.23
280.15
279.87
295.46
280.53
280.43
296.69
281.16
280.629847619
296.836380186
281.108523277
281.65
297.44
280.82
281.37296452
296.360098314
280.523714085
280.99
295.9
278.82
280.954180109
295.012180261
278.32529352
280.91
294.01
277.33
280.514015902
293.63353195
277.128688643
280.04
293.22
276.1
279.180903394
293.55
275.66
279.16
293.564541543
274.803939937
278.43
294.07
270.92
278.040556818
293.140943633
270.951317399
279.15
294.08
271.1
279.07429366
293.818388935
272.036827018
278.99
293.55
272.48
279.059907091
293.564613804
273.17502391
279.14
293.58
276.7
278.773638421
293.613301205
276.957666713
279.14
293.75
278.18
279.313280812
294.269742834
277.992926526
279.52
294.84
278.17
279.78
296.15
278.67
279.770244456
296.158933934
278.500899582
279.29
296.29
278.32
279.280893839
295.719129418
278.423972603
279.27
295.09
279.01
279.570740605
294.224576417
279.033838384
280.4
294.51
279.17
280.790994823
294.674841559
279.111072243
281.27
294.86
279.95
281.475345912
294.773942522
280.148077859
281.72
294.68
281.14
281.215596237
294.76
281.141950943
280.73
294.74469936
281.15
280.91
293.38
281.15
280.43
291.41
281.15
280.453145349
289.580542636
280.397478043
280.52
285.01
276.74
280.116462609
284.688882642
276.631006776
280.15
284.65
276.11
280.145392436
284.510277023
276.692157676
280.14
284.36
278.85
280.148957465
284.36
278.706478666
280.16
284.36
278.263739333
279.704260105
284.535050651
278.67
279.77
285.37
278.84
279.58
285.58
278.51
280.14
285.95
279.32
280.14218769
285.982308629
279.401941616
280.15
286.08
279.82
280.301928387
285.85080786
279.747041031
280.58
285.87
279.32
280.38976234
285.535370657
279.050429483
280.15
285.15
279.34
280.140926939
284.959910414
279.374612398
280.13
284.75
279.55
278.787151796
284.65
279.28
278.91
284.29
278.82557947
278.79
284.289006247
276.76
277.572007934
283.096503124
276.688446077
277.77
283.28
276.35
277.344993057
282.718233333
276.513687307
276.87
282.14
276.33
277.133524851
281.391809101
276.750695364
277.43
280.62
278.75
277.039456422
281.166865546
278.519821014
276.86
280.48
277.36
276.766804281
282.825534106
277.196504155
276.63
285.93
274.84
277.377557752
287.800150915
275.166436896
279.02
291.38
278.18
279.37
292.65
278.71
279.52
293.15
279.01
279.551952017
293.095587786
278.686812114
279.77
292.82
277.68
279.661166871
290.64604898
277.535105843
279.52
288.08
276.75
277.273888087
286.080628354
276.546122193
277.01
286.36
275.55
276.251643836
286.290680386
275.609758301
275.28
286.21
276.08
273.71
286.15
274.02
273.699981413
286.1121038
274.052230723
273.6
285.86
274.33
273.749722644
285.588278723
274.259988901
273.93
285.29
273.95
273.471399211
284.071504633
273.95
273.39
284.22
273.95
273.292960954
284.54205379
274.183576781
273.16
284.94
276.46
273.299208292
285.786404494
276.429156986
273.59
287.37
276.179078493
274.033306835
288.302502631
276.65
274.3769131
291.09
277.219169938
275.02
291.112537489
278.16
276.52
292.55
277.99
277.26
292.89
277.99
277.390919006
292.812600851
277.654356021
278.04
292.5
277.64
278.133204952
291.162411797
277.594508253
278.26
289.51
277.35
278.020019667
287.51237408
277.319285202
278.26
287.58
277.14
278.397109005
287.196650395
277.036268755
278.59
286.71
277.34
279.58
286.93
274.72
279.544610169
286.962187803
275.293374502
278.86
287.28
274.39
278.596048387
286.544175103
274.341968848
278.27
285.72
274.12
277.92799556
282.769781493
273.969006659
277.82
284.14
273.2
277.670590661
282.95816839
273.517188482
277.41
281.14
274.31
277.087025157
280.945367019
274.300035543
276.52
280.64
274.15
276.890786399
281.487583067
274.50029878
277.01
282.21
276.18
278.16
284.48
276.85
278.48
285.15
277.35
278.481661259
285.215397924
277.19656446
278.5
285.69
276.34
278.004920439
283.298427553
275.948470901
278.39
284.47
273.83
277.553991626
282.911564246
274.025601636
276.39
280.95
273.91
275.82219045
280.273085461
273.945768446
275.04
279.43
274.13
274.851388772
277.475000588
273.682101348
275.06
278.0
271.94
275.06
277.358318942
272.606300994
275.06
276.69
272.05
275.562528204
275.949820628
272.102444228
276.16
275.15
272.34
275.684862434
273.274624248
272.34
276.53
274.95
272.34
276.475888825
274.568504107
272.920871431
276.41
274.15
275.48
276.879030656
278.2
275.47
277.38
281.15
276.0
276.761950464
283.75
274.98
276.79
284.94
274.858554913
276.91
284.942227235
274.32
277.007813559
285.250613617
274.405302013
277.7
286.72
274.81
277.650983078
287.158759232
274.76290566
277.59
287.66
274.81
277.594158094
286.595638904
274.887418624
277.6
285.23
275.33
277.219262184
282.756663362
275.333283499
278.03
282.0
275.35
277.893827897
280.619373006
275.130142377
277.71
278.93
275.92
278.05
277.14
272.13
278.071296992
277.003592758
272.854798975
278.27
276.15
271.84
278.551749492
275.351392799
271.87071695
278.89
274.48
272.01
280.803558706
273.225805616
272.269365187
280.93
273.92
273.52
280.870920571
273.387715846
273.707979919
280.78
272.65
276.56
280.600116924
273.756786353
276.609592767
280.28
275.48
276.85
280.068702864
276.977374795
277.068505359
280.11
278.95
277.93
279.859165927
281.6
278.67
279.57
281.633832669
278.95496136
279.28
282.84
280.46
279.427640845
282.982621891
279.668943522
279.63
283.16
