284.17
283.72
289.36
283.05
283.74
289.44
283.19
283.39
289.94
286.34
287.25
290.94
288.85
287.264865233
291.35
288.87
289.35
292.15
292.37
293.14
293.44
293.86
295.14
294.08
294.69
295.143199446
294.15
295.014606836
296.69
294.151146407
296.52
297.61744582
294.44
296.58
298.58
294.79
296.88
298.92
294.07
296.94
298.71
292.65
294.72
296.73
290.69
294.27
293.82
290.86
290.18
291.05
289.94
290.2
289.37
289.43
282.57
288.05
288.95
282.36
288.022807731
288.95
282.3
287.72
289.15
281.34
286.81
288.95
281.03
285.61
289.07
281.1
284.7
289.08
280.85
284.16
288.82
280.75
284.26
289.38
285.17
284.7
289.81
285.14
285.37
290.86
286.53
286.31
291.34
289.211
289.17
296.55
289.211
290.27
297.95
290.188
292.76
298.95
290.188
294.23
299.55
290.188
294.62
298.65
290.324
294.06
299.05
290.324
294.44
298.45
290.324
293.89
296.45
288.393
292.93
294.05
288.393
292.27
293.05
286.93
290.52
290.85
286.26
289.62
289.85
285.93
288.8
288.95
285.37
287.05
287.65
285.04
286.67
286.85
284.54
285.93
286.45
282.76
285.81
285.95
282.87
285.26
285.55
284.04
285.18
285.45
284.37
285.02
285.75
284.37
284.58
290.15
284.87
285.27
294.35
286.43
285.365190959
296.55
286.93
287.04
297.65
287.28
288.52
297.61
288.32
287.69
298.6
288.31
287.652939797
299.37
287.982672071
286.79
299.351468606
288.56
286.01
299.91
288.51
286.005508902
299.58
288.155639344
285.75
299.547578472
288.28
286.58
297.42
288.1
286.3
295.79
287.24
286.222149962
293.08
287.150368725
286.21
293.066686603
286.76
285.39
290.96
286.57
285.05
290.2
286.4
285.04281233
289.58
286.32
284.2
289.35
286.01
283.66
288.66
285.96
283.76
288.36
285.67
283.0
287.81
285.55
282.83
287.47
285.7
282.92
288.07
285.2
282.81
290.61
284.82
283.13
294.29
285.66
283.235069477
297.03
285.967059186
283.84
297.056826742
287.06
285.52
299.34
287.69
286.19
299.81
288.16
286.233079748
300.15
287.46753093
287.38
300.142105249
288.97
288.87
300.42
289.22
289.63
300.18
289.07
289.115329838
298.75
288.928031396
288.72
298.709957525
288.29
286.69
295.17
288.06
285.64
294.16
286.46
285.344548028
292.84
286.18
284.69
292.3
284.96
284.09
291.67
284.65
283.84
291.25
284.26
283.785401083
290.81
284.24
283.0
290.33
283.82
282.73
290.39
283.86
282.72
290.31
283.58
282.46
290.13
283.46
282.35
290.16
282.83
282.26
291.59
282.89
282.29
292.98
283.41
281.77
295.59
283.7
282.02
296.39
284.47
282.21
297.48
284.87
282.68
297.45
285.12
282.93
297.35
285.43
282.56
297.59
285.44
283.57
297.88
285.66
284.23
297.86
285.31
284.186163459
297.44
285.151321749
283.29
297.430512269
284.43
283.52
295.16
284.41
282.83
294.61
283.11
281.27
293.89
282.81
281.1
293.57
281.63
280.79
293.32
282.68
280.27
293.05
282.35
280.48
293.29
282.3
280.28
293.43
282.11
280.12
293.66
281.9
279.92
293.67
282.05
279.96
293.46
281.42
279.87
293.69
279.4
279.863708041
294.65
279.791449425
279.74
294.697135419
281.46
280.45
296.99
282.71
280.63
298.08
284.05
282.0
299.6
285.5
283.65
300.85
286.44
283.662014369
301.49
285.808709677
284.7
301.503847001
287.43
286.02
302.36
287.26
286.72
302.21
287.77
286.63
301.42
287.55
286.611324655
300.48
287.54
286.36
299.78
286.86
285.38
298.99
286.21
284.19
298.82
283.12
283.17
298.34
282.64
282.15
297.83
282.41
281.54
297.4
281.12
280.34
297.17
280.97
280.29
296.83
280.44
279.967075099
296.48
280.34399612
279.24
296.473249123
279.95
279.011068249
295.83
279.84
278.15
295.64
278.71
278.098927203
296.13
279.08
278.73
296.64
280.052101174
279.491980963
296.648867193
281.664666667
281.648
296.114666667
282.609333333
282.876
296.409333333
284.388599834
283.685733519
299.082311883
286.46
285.002408689
298.897771805
285.912984262
286.08
301.42
287.68
286.592996802
301.56053005
287.688225017
287.36
301.75
287.73
286.852705438
300.930748239
287.478835297
287.62
300.02
286.23
287.180091616
299.606559588
285.636354784
286.52
299.05
284.71
285.377481343
295.610760101
284.561648661
283.54
290.66
283.87
282.903523246
290.78
283.690800556
283.1
290.776519202
283.14
282.76383713
290.778262582
282.68458916
282.39
290.33
282.36
282.24
290.04
282.38
281.91
290.23
282.09
281.22
289.8
281.97
280.89
289.69
280.18
280.54
290.76
281.5
280.565221073
293.01
282.099914603
281.58
293.055664096
284.5
283.7
297.39
286.02
283.735482517
297.405961767
286.29540748
284.75
298.67
287.53
285.210628755
299.204268957
287.135380692
285.73
299.76
288.86
286.433650572
299.97843055
288.950634543
287.21
300.2
289.34
287.486609288
299.25
288.890491031
286.296378846
299.229901653
286.232333333
286.815666667
295.432333333
285.838666667
285.855333333
293.588666667
285.541310553
285.922087956
293.568602676
285.03
284.79
291.35
284.19
284.44
290.58
284.3
284.09
290.14
284.21
284.01
289.74
283.93
283.28
289.11
283.88
283.0
288.58
283.61
282.7
288.16
283.56
283.07
287.66
283.41
282.39
287.94
283.13
282.43
290.2
282.75
282.86
293.19
283.37
283.25
295.72
284.22
284.09
297.75
285.87
284.9
299.1
287.02
286.16
300.0
288.05
287.54
300.79
288.67
288.02
301.5
289.84
289.35
301.74
289.83
289.92
301.69
289.11
289.27
301.15
289.03
288.06
300.11
288.57
287.29
298.31
287.88
286.88
297.07
287.77
285.89
296.44
287.07
285.68
296.35
286.31
285.07
296.3
285.88
284.43
295.6
285.44
283.88
294.85
285.04
282.86
294.84
284.88
282.82
295.25
284.4
282.48
295.55
284.26
282.28
295.97
284.2
282.18
296.27
283.86
282.16
296.7
283.54
282.28
297.09
283.65
282.65
297.52
284.23
282.6
298.56
285.16
282.71
299.85
285.98
283.56
301.21
286.81
284.21
300.43
287.72
285.34
300.28
288.76
285.61
299.17
289.27
286.93
296.39
289.39
287.25
296.34
290.19
288.05
296.91
289.49
287.96
296.41
289.61
287.39
295.27
287.99
286.18
294.73
286.32
284.87
294.05
284.87
284.16
293.44
283.8
283.7
292.56
283.23
282.37
291.51
281.91
281.41
290.56
281.03
280.59
290.26
281.22
280.2
290.01
280.49
279.68
289.76
279.68
279.43
289.53
279.39
279.44
289.32
279.06
280.48
289.27
280.88
282.3
289.28
283.21
284.15
289.92
285.26
285.31
291.47
287.95
287.21
293.02
288.63
288.19
294.42
289.06
289.14
295.55
290.16
289.85
296.44
290.45
290.66
297.18
290.6
291.32
296.95
290.89
291.54
296.17
291.09
291.29
294.49
290.53
290.38
292.64
289.4
288.27
291.79
287.0
287.03
290.93
285.48
285.56
290.25
284.39
284.84
289.71
283.24
283.42
289.37
283.07
282.81
289.07
282.38
281.99
288.55
282.15
281.85
288.08
281.65
281.34
287.53
281.07
280.81
287.17
281.15
280.76
288.08
281.33
282.17
289.17
283.47
284.75
290.34
285.9
286.52
291.43
288.3
288.93
292.74
290.42
290.73
293.93
291.16
292.14
294.81
293.14
293.45
295.49
293.7
295.18
295.88
294.32
296.03
296.13
294.86
296.97
295.85
295.01
296.63
294.65
294.74
296.83
293.35
294.36
295.86
292.04
293.38
293.8
291.24
289.56
292.42
290.77
287.5
289.97
289.83
286.41
289.27
288.8
286.13
287.92
288.14
285.73
286.85
287.39
284.94
286.21
286.64
284.34
284.7
285.38
284.2
284.28
285.06
283.81
284.09
284.78
283.79
283.71
284.75
283.62
285.42
285.02
285.2
288.94
285.77
288.62
292.67
286.96
291.68
295.16
287.91
294.35
297.34
289.21
295.96
299.16
289.65
297.6
300.46
290.27
298.36
301.62
290.57
299.21
302.08
290.68
299.26
302.61
290.27
298.9
302.52
290.02
299.47
301.17
288.5
298.97
298.64
287.04
296.95
295.92
285.78
295.32
293.71
284.82
293.8
292.15
284.16
292.41
291.49
283.59
292.52
289.7
283.03
291.76
289.08
282.77
291.29
289.29
282.53
289.79
287.92
282.4
289.53
287.0
282.06
289.21
286.2
282.48
288.93
285.82
285.46
288.54
286.35
288.53
288.79
287.63
290.72
289.03
289.19
292.09
290.07
290.34
293.13
291.2
291.22
294.09
292.25
292.47
294.71
293.11
293.14
295.38
292.79
293.74
295.8
292.94
293.99
295.87
292.83
293.78
295.7
292.16
292.6
294.91
290.98
290.81
292.7
290.4
289.5
290.95
289.85
288.57
289.92
289.63
287.6
289.54
288.21
287.01
288.34
288.56
286.58
287.74
288.19
285.86
286.93
287.52
285.65
286.36
287.15
285.52
285.9
286.78
285.14
285.82
285.71
284.94
285.45
285.34
284.77
286.02
284.98
284.12
288.08
283.21
284.2
290.73
282.97
284.37
293.68
283.59
284.81
295.98
283.74
285.01
297.64
284.67
285.4
298.45
285.47
285.9
299.12
286.5
285.79
299.65
287.4
286.18
300.1
288.58
285.69
300.28
288.85
286.35
300.18
288.93
286.73
299.42
288.92
286.38
297.28
288.32
286.1
295.02
286.95
285.96
293.36
286.08
285.27
292.58
285.21
285.22
291.71
284.4
284.95
291.01
283.63
284.63
290.01
283.39
284.14
289.12
283.25
284.05
288.12
283.3
284.08
287.18
284.03
283.98
286.53
283.6
283.43
286.26
283.23
282.76
289.67
281.9
283.81
293.19
282.74
285.33
295.85
284.96
286.0
297.25
286.46
287.07
298.28
287.77
287.75
299.01
289.25
288.36
299.72
290.43
289.3
300.15
291.71
290.2
300.52
292.36
290.58
300.58
292.65
290.94
300.36
292.93
291.31
299.27
293.05
291.15
296.77
292.92
290.63
294.29
291.77
289.46
292.56
289.86
287.76
291.21
288.04
287.01
289.88
287.16
286.62
289.01
286.09
285.36
288.45
285.99
284.79
287.88
285.55
284.1
286.98
285.52
284.05
286.55
285.06
282.41
286.24
284.98
282.63
286.68
284.64
281.96
289.63
283.77
283.89
293.68
284.68
286.47
296.18
288.28
288.54
297.94
290.77
289.91
299.2
292.44
291.57
300.11
292.96
292.89
300.77
293.89
294.38
301.2
295.43
294.78
301.61
296.01
295.73
301.59
296.07
295.98
301.02
296.36
296.36
300.0
296.65
296.09
297.5
296.17
295.62
295.52
295.04
293.74
294.14
292.82
292.12
292.92
290.88
291.22
291.85
289.61
288.57
291.13
289.12
287.47
290.22
288.11
286.58
289.65
287.95
285.26
289.25
287.69
284.52
288.68
287.06
283.53
288.39
286.39
283.37
288.69
285.89
283.03
291.35
284.37
285.29
294.4
285.74
287.96
296.54
288.78
290.69
298.25
290.74
292.26
299.51
291.88
294.29
300.4
292.71
295.55
300.97
293.74
296.81
301.39
294.46
297.88
301.42
294.51
298.9
301.24
295.01
299.4
300.62
294.75
298.88
299.55
294.16
297.51
297.82
293.82
295.12
296.56
292.97
292.85
295.9
291.39
290.99
295.55
289.54
289.45
295.01
288.85
288.07
294.63
288.38
286.87
294.03
287.69
285.51
293.39
287.01
285.24
293.12
286.15
284.83
292.82
286.04
284.05
292.83
285.99
283.33
292.95
285.59
282.72
293.51
283.65
282.91
294.1
284.01
283.0
294.39
284.89
283.59
294.11
285.86
283.75
294.51
286.5
284.94
295.36
287.54
285.71
295.61
288.0
286.55
295.64
289.09
287.99
295.82
288.88
289.2
295.83
288.73
289.65
295.61
288.92
289.51
295.55
288.35
288.35
295.31
288.09
287.36
293.58
286.58
285.47
292.63
285.78
284.29
292.67
284.26
284.1
293.02
283.56
283.1
293.1
283.24
282.47
292.61
282.49
281.49
292.37
282.0
281.44
292.33
281.59
281.32
292.26
280.75
281.46
292.06
280.19
280.84
291.98
280.92
281.31
292.21
281.46
281.69
292.27
282.71
282.63
293.89
284.19
284.19
295.49
285.86
285.15
297.31
287.53
286.25
299.41
288.7
286.85
300.77
289.64
287.94
302.39
290.92
289.32
303.27
291.85
290.08
303.83
291.95
290.74
303.65
292.09
291.47
302.55
292.44
291.45
299.77
292.09
291.18
298.03
289.98
289.66
297.81
287.75
286.93
297.67
285.91
285.55
297.35
285.08
283.98
296.63
283.91
283.32
296.39
283.74
282.47
295.75
282.62
281.86
295.35
282.01
281.15
295.34
281.56
280.68
295.41
281.53
279.86
295.6
281.04
280.08
296.7
280.61
282.22
298.32
283.07
284.77
300.09
285.85
286.77
301.57
289.01
288.69
302.87
290.38
290.47
304.35
291.31
291.54
305.36
292.33
292.91
306.33
293.34
294.0
306.47
293.99
294.79
306.22
294.72
295.45
304.61
294.95
295.24
302.97
294.88
295.37
298.75
294.28
294.5
297.3
293.02
292.47
297.92
291.07
289.93
297.7
289.35
287.66
296.58
288.86
286.14
295.65
288.46
285.07
295.56
288.05
284.15
295.23
286.68
283.14
294.12
287.29
282.81
293.0
286.57
282.63
292.74
286.58
281.86
292.68
286.34
282.3
294.61
284.96
283.57
296.99
286.78
287.05
299.05
288.14
289.63
300.39
289.82
291.63
301.42
290.63
293.9
302.35
291.14
295.6
303.16
291.25
296.94
303.71
291.8
297.99
303.94
291.97
298.85
303.67
292.16
299.17
302.89
292.61
299.12
301.45
291.98
297.97
300.58
292.11
296.84
299.99
291.55
294.13
299.73
289.85
291.76
296.2
288.02
289.85
294.39
287.03
287.32
293.86
285.56
286.56
294.3
284.99
285.17
294.35
283.94
284.05
294.17
283.68
283.15
294.23
283.05
282.18
293.53
282.88
281.81
293.16
282.56
281.64
293.37
282.94
283.53
293.67
286.57
285.55
294.64
288.21
286.99
295.32
289.88
288.86
296.42
291.36
290.31
298.17
292.56
291.87
299.3
293.11
293.44
300.0
293.69
294.9
300.36
294.39
295.81
300.41
294.48
296.29
300.19
294.72
296.66
299.26
294.56
296.42
297.08
294.36
295.49
295.54
293.43
293.3
294.72
290.77
290.32
293.77
288.97
288.97
292.82
288.04
287.58
292.25
287.47
286.72
291.67
286.53
285.13
290.86
286.0
284.15
290.36
285.4
283.72
289.75
284.79
283.0
289.02
285.8
282.89
289.4
285.83
282.75
292.19
286.12
284.6
294.59
287.85
286.71
296.56
290.22
289.27
298.12
292.44
290.72
299.27
294.15
293.2
300.29
295.38
295.03
300.91
296.32
296.81
301.37
297.2
298.16
301.72
297.69
299.88
301.84
297.91
300.25
301.18
297.92
300.11
300.25
297.92
299.46
298.2
297.4
297.81
296.96
295.92
295.79
296.29
293.45
294.27
295.91
291.24
291.69
295.72
290.72
290.45
295.51
289.98
289.06
295.33
288.96
288.08
294.93
288.64
286.76
294.77
288.35
285.16
294.32
287.97
285.25
293.67
287.91
284.87
293.19
287.88
284.7
291.72
287.45
284.99
290.37
289.45
285.32
290.03
291.19
285.41
290.34
293.04
285.87
291.02
293.08
286.06
292.46
294.09
286.0
293.49
294.66
285.96
294.77
294.54
285.99
295.39
293.6
286.43
295.53
293.39
286.43
295.46
292.98
286.83
294.13
291.35
286.77
292.28
290.59
286.44
291.16
289.56
285.98
290.45
288.64
285.9
289.66
287.87
285.56
289.02
287.23
285.4
288.52
287.12
284.78
288.56
287.05
284.45
288.54
286.81
284.31
288.43
286.8
284.37
288.45
286.55
284.21
288.42
286.22
284.22
288.49
285.52
284.21
288.75
285.09
284.3
289.47
285.83
284.5
290.3
286.86
284.72
291.41
287.26
284.63
293.01
287.59
285.0
294.5
288.15
285.44
294.98
288.64
285.64
295.85
288.71
285.85
296.05
289.1
285.96
296.05
289.36
285.97
295.85
289.15
285.89
295.21
288.91
286.08
294.32
288.34
286.01
293.68
287.72
285.72
292.94
287.02
285.73
291.86
286.79
285.55
291.28
286.27
285.12
291.28
286.21
285.02
291.1
286.14
284.96
291.11
286.04
284.86
291.12
285.99
284.43
290.84
285.84
284.44
290.87
285.61
284.305120867
291.08
285.38
283.78
291.27
285.22
283.85
291.38
285.18
283.94
292.34
285.48
284.44
294.76
285.97
284.76
296.31
286.35
285.6
297.43
286.5
286.32
298.43
287.42
286.69
298.55
287.95
287.05
298.28
287.94
287.61
297.75
288.47
287.59
297.33
288.54
287.73
296.72
288.51
287.94
296.15
287.9
287.04
295.56
287.98
287.01
294.97
287.21
286.51
294.39
286.56
286.3
293.9
286.22
285.97
293.62
285.89
285.39
293.15
286.08
285.15
292.8
285.78
284.9
292.52
285.49
284.62
292.68
284.92
283.85
290.69
284.77
283.7
290.08
284.56
283.38
290.91
284.18
284.38
292.56
285.7
285.58
294.9
286.89
285.99
296.26
288.76
288.56
297.88
290.34
289.95
298.91
290.74
290.75
298.83
291.34
291.6
297.65
292.13
292.6
296.0
292.27
293.04
295.04
292.65
292.86
294.11
292.55
292.91
293.52
292.92
292.85
292.66
292.62
292.61
291.99
291.89
291.59
291.25
290.66
289.06
290.78
289.41
287.21
290.17
288.63
286.14
289.64
288.35
285.22
289.13
287.91
284.37
288.78
287.61
283.75
288.16
287.47
283.56
287.87
287.04
283.51
287.43
286.9
282.76
286.66
286.81
283.09
286.64
285.41
284.34
287.19
286.06
285.99
287.95
286.82
287.05
288.45
288.45
288.38
289.18
289.18
289.28
289.4
289.12
290.31
289.85
289.31
290.23
289.99
289.54
290.04
289.88
289.83
289.8
289.7
290.39
288.96
289.54
289.59
288.02
289.31
289.69
287.79
289.08
289.85
287.12
288.64
287.93
285.67
288.61
286.47
284.93
288.62
285.37
284.46
288.78
285.05
283.85
288.78
284.57
283.1
288.72
284.31
282.81
288.67
283.74
282.26
288.63
283.48
282.4
288.7
283.32
281.97
288.8
283.31
281.84
288.46
283.31
281.72
288.21
282.31
281.68
287.98
282.62
283.05
288.02
283.38
283.91
288.26
284.27
284.94
288.66
284.98
286.02
288.99
286.06
286.68
289.37
286.59
287.01
290.62
287.11
287.65
291.38
287.45
286.81
291.83
288.17
287.29
291.58
288.12
286.74
291.04
287.76
286.86
290.61
287.82
285.85
290.22
287.32
284.82
290.1
285.5
283.75
289.44
284.68
283.16
289.06
284.13
282.97
288.73
283.52
282.9
288.99
283.05
282.86
289.13
283.3
282.69
289.13
284.24
282.47
289.11
283.36
282.11
288.95
283.83
282.41
289.29
283.83
282.41
290.16
283.38
282.96
291.38
284.59
283.62
292.91
285.52
284.78
294.28
286.62
285.91
295.51
287.86
286.97
296.82
288.57
288.16
297.53
289.47
288.9
298.59
290.72
290.11
299.56
290.85
290.32
299.89
291.16
290.83
299.88
291.55
290.83
299.15
291.28
290.55
297.41
291.21
289.32
295.31
290.66
289.03
294.2
289.53
287.5
293.27
288.1
286.55
292.6
286.74
285.61
291.94
286.03
284.36
291.03
285.08
285.01
290.87
