283.63
286.27
286.97
283.64
286.05
286.31
283.43
286.09
285.81
283.29
285.94
285.74
283.29
285.73
288.56
283.29
285.73
290.72
283.34
285.9
292.78
283.46
286.18
295.36
283.62
286.38
297.71
284.2
287.02
299.52
284.45
287.01
300.67
284.64
286.99
301.01
284.67
286.98
300.76
284.8
287.03
299.11
284.49
286.63
296.09
284.22
286.34
293.11
284.63
285.8
291.72
284.68
285.51
290.51
284.54
284.93
289.69
284.49
284.83
288.83
284.07
284.82
288.07
284.14
284.9
287.26
284.2
284.69
286.72
284.15
284.62
286.11
283.89
284.42
285.64
284.02
284.52
285.1
284.09
284.26
284.58
283.97
284.11
284.21
283.7
284.11
286.44
283.59
283.81
289.93
283.51
284.01
293.63
283.89
284.64
297.54
284.16
285.07
298.8
284.33
285.54
300.48
285.13
286.02
301.7
284.93
286.8
302.75
284.77
286.64
303.14
284.66
286.4
301.87
284.46
286.13
299.2
284.49
285.72
296.21
284.34
285.52
294.49
284.19
285.1
293.95
284.18
285.04
294.22
284.18
284.99
294.84
284.18
284.74
294.06
284.05
284.69
293.19
283.77
284.64
292.48
283.94
284.64
291.33
283.84
284.65
290.39
283.94
284.32
289.42
283.9
284.3
289.05
283.97
284.4
289.26
284.02
284.2
291.05
284.13
283.72
293.57
284.5
284.06
297.37
284.84
284.67
299.68
285.05
285.43
300.78
285.55
286.38
302.5
285.77
287.3
303.23
286.26
287.28
303.35
286.78
287.52
302.89
286.43
287.08
301.15
285.98
285.9
298.67
285.77
285.72
297.64
285.23
285.12
296.73
284.69
284.83
295.86
284.26
284.95
295.21
284.26
284.88
294.83
284.57
284.35
294.17
284.57
284.35
294.01
284.38
284.42
293.27
284.05
284.45
292.69
283.95
284.515
292.46
283.85
284.58
292.23
283.94
284.58
291.21
283.94
284.45
291.09
283.78
284.51
292.24
283.88
284.65
293.99
284.48
284.7
295.87
284.45
285.07
298.49
284.14
285.39
299.26
284.19
285.82
300.46
284.19
286.1
300.84
284.19
286.62
301.01
284.57
286.9
300.7
284.15
287.09
298.71
284.37
286.87
297.36
284.28
286.65
295.33
284.15
286.35
294.05
284.43
285.99
292.65
284.11
285.88
291.45
283.97
285.58
290.3
283.77
285.58
289.22
283.82
285.39
288.71
283.75
285.46
288.1
283.6
285.46
287.15
283.7
285.46
286.49
283.8
285.19
286.45
283.75
285.19
286.2
283.81
285.11
285.99
283.75
285.35
286.77
283.75
285.62
288.6
283.63
285.89
290.46
284.28
286.22
292.28
284.55
286.69
293.93
284.72
287.33
295.21
285.12
288.37
296.07
285.61
288.32
295.395
286.1
288.27
294.72
286.1
288.27
294.72
286.1
288.71
292.59
286.1
288.49
293.655
286.1
288.27
294.72
286.1
288.27
294.72
286.1
288.27
294.72
286.1
288.27
294.72
286.1
288.27
294.72
286.09
287.41
288.04
286.09
287.41
288.04
286.09
287.41
288.04
286.09
287.41
288.04
286.09
287.41
288.04
286.09
287.41
288.04
283.14
282.38
290.73
283.14
282.38
290.73
283.14
282.38
290.73
283.14
282.38
290.73
283.306666667
284.0
292.54
283.473333333
285.62
294.35
283.64
286.01
296.16
284.12
285.81
296.7
284.21
286.41
296.74
284.78
286.38
296.48
284.76
286.11
295.27
284.05
285.19
293.19
283.25
284.09
291.49
283.02
283.7
290.52
282.96
283.33
288.19
282.69
282.91
287.12
282.21
282.68
286.16
281.83
281.78
284.7
281.43
281.58
283.84
281.56
281.52
282.69
281.67
281.24
282.26
281.77
280.94
281.61
281.67
280.81
281.32
281.68
280.94
281.11
281.78
280.39
280.87
281.72
280.33
283.32
281.77
280.29
285.31
281.83
280.63
286.91
282.01
281.48
289.9
281.88
282.6
291.08
281.2
283.93
292.4
281.31
284.57
293.87
281.51
285.49
294.86
281.82
285.48
295.18
281.86
285.49
294.54
282.17
285.39
292.0
282.39
285.12
289.52
282.33
284.92
288.21
282.92
284.52
287.37
282.95
284.24
286.43
282.98
283.69
285.99
283.22
283.24
285.84
282.95
282.99
285.76
282.53
282.63
285.23
282.02
282.22
284.61
281.07
281.52
283.67
280.67
281.13
282.96
280.23
280.97
282.58
279.99
280.17
282.31
279.49
280.5
284.54
279.47
280.46
287.68
279.46
279.97
290.45
280.79
281.05
292.72
281.66
282.09
294.13
282.8
283.33
295.41
282.97
284.25
296.23
282.91
284.09
296.38
282.97
284.56
296.28
282.67
284.52
295.02
281.52
283.18
291.64
280.86
282.21
291.42
280.12
281.3
289.78
280.06
280.41
288.03
279.54
279.81
287.95
279.03
278.91
287.44
278.92
278.35
287.08
278.58
278.4
286.44
278.05
276.98
285.96
277.58
276.62
285.63
277.14
276.43
285.49
276.61
275.91
285.38
276.73
275.33
285.29
276.94
275.79
285.58
276.94
275.61
286.53
276.96
275.48
288.59
277.11
275.97
291.3
277.83
277.69
293.99
279.42
279.27
296.43
281.02
280.21
298.72
281.46
280.61
299.44
281.83
281.14
299.68
281.92
281.6
299.29
282.4
281.72
298.41
281.9
281.11
297.29
280.59
280.12
296.65
279.91
279.39
295.91
279.07
278.98
294.97
278.74
278.67
294.26
278.58
277.13
293.4
278.01
276.92
293.29
277.24
276.54
293.01
277.31
276.47
292.64
277.11
276.25
292.26
276.49
275.84
291.49
275.6
275.53
291.35
275.29
275.21
291.08
275.0
275.15
290.84
275.19
274.44
291.49
274.99
274.2
292.58
275.37
274.06
294.2
276.31
275.87
296.23
277.97
278.06
297.76
279.05
278.86
298.95
280.16
280.09
300.45
280.36
280.8
300.71
280.87
280.7
300.55
280.47
280.51
299.65
279.68
279.68
298.97
278.62
278.02
298.08
277.64
276.69
297.11
277.97
276.07
296.2
277.75
275.57
295.95
277.52
275.12
294.79
277.14
274.52
293.9
277.11
274.28
293.01
276.91
274.11
292.82
276.15
273.86
292.4
275.99
273.19
291.98
275.86
272.91
291.76
275.7
272.49
291.53
275.65
272.31
291.19
275.27
272.35
291.83
274.57
272.51
293.3
274.53
273.09
294.97
275.35
273.93
295.98
276.19
275.38
297.0
278.04
278.02
298.64
278.23
278.85
298.99
278.8
279.51
299.13
278.49
279.96
299.03
278.7
279.72
298.17
277.81
278.54
297.51
276.02
277.19
296.88
274.94
276.36
296.53
274.02
274.8
295.72
276.38
277.64
296.72
278.74
280.48
297.72
278.74
280.48
297.72
278.18
273.82
292.31
278.18
273.82
292.31
278.18
273.82
292.31
278.18
273.82
292.31
278.18
273.82
292.31
278.18
273.82
292.31
277.95
274.4
294.2
277.95
274.4
294.2
277.95
274.4
294.2
275.21
275.55
296.19
275.7
276.04
295.43
276.26
276.67
289.31
277.08
277.51
288.14
277.55
278.5
288.28
277.27
278.83
289.06
277.0
279.35
289.35
276.75
280.16
289.13
276.9
279.9
288.63
276.98
279.09
287.38
277.02
278.62
285.88
277.15
278.52
283.57
277.21
278.57
281.7
277.15
278.8
280.16
277.43
278.8
279.03
277.38
278.8
278.45
277.44
278.84
278.0
277.55
279.02
277.29
277.6
279.21
276.45
277.86
279.13
276.23
277.82
279.2
275.77
277.75
279.54
275.33
277.86
279.54
276.38
278.06
279.6
278.04
278.16
279.74
280.19
277.82
280.7
281.84
277.99
281.06
283.57
279.42
282.09
285.43
279.5
282.32
285.94
279.97
282.91
286.35
280.3
283.14
286.35
280.38
283.54
285.37
279.79
283.78
283.08
279.71
283.06
281.61
279.59
282.58
280.83
280.01
282.38
279.64
280.1
282.26
278.73
280.05
282.2
278.03
280.12
282.14
276.93
280.22
281.98
276.47
280.02
281.92
276.22
280.08
281.91
275.86
279.97
281.68
275.45
280.13
281.62
275.16
280.29
281.61
274.86
280.29
281.71
274.99
280.29
281.52
277.31
280.34
281.46
279.99
280.34
281.51
283.44
280.56
281.82
285.57
280.88
282.38
286.43
280.75
283.02
287.26
281.05
283.53
286.99
281.35
283.68
286.91
281.08
283.58
286.7
281.44
283.16
285.82
281.07
282.52
283.9
281.04
282.38
283.16
280.71
282.39
283.71
281.04
282.23
283.88
281.09
282.01
284.05
280.89
281.99
283.8
280.89
281.92
283.59
280.66
281.86
283.23
280.78
281.99
282.55
280.57
281.94
281.06
280.53
281.86
279.49
280.32
281.64
278.69
280.52
281.5
278.03
280.48
281.25
277.27
280.53
281.25
279.08
280.47
281.16
282.16
280.5
281.07
285.17
280.6
281.21
286.43
280.8
281.67
287.6
281.82
282.36
288.9
281.29
282.55
289.28
281.65
282.89
289.64
282.15
283.12
289.18
282.02
283.08
287.77
280.77
282.09
285.02
280.31
281.65
284.69
279.57
281.16
283.53
278.92
280.98
281.04
280.665
282.57
284.555
282.41
284.16
288.07
282.41
284.16
288.07
279.95
277.86
279.94
279.95
277.86
279.94
279.95
277.86
279.94
279.95
277.86
279.94
279.95
277.86
279.94
279.95
277.86
279.94
279.06
275.99
281.83
279.06
275.99
281.83
279.06
275.99
281.83
279.06
275.99
281.83
279.06
275.99
281.83
279.06
275.99
281.83
279.06
275.99
281.83
281.49
283.89
289.37
281.49
283.89
289.37
281.49
283.89
289.37
281.49
283.89
289.37
281.49
283.89
289.37
281.49
283.89
289.37
281.49
283.89
289.37
281.49
283.89
289.37
281.49
283.89
289.37
281.49
283.89
289.37
281.49
283.89
289.37
280.35
274.22
279.84
280.35
274.22
279.84
280.35
274.22
279.84
280.35
274.22
279.84
277.59
277.12
276.62
278.0
276.47
276.97
277.98
276.41
277.15
278.05
276.22
279.31
278.47
276.1
283.74
277.88
276.26
286.08
278.41
277.28
287.88
278.82
278.66
289.69
279.34
279.74
290.22
279.88
280.04
290.71
280.46
280.9
290.95
280.63
281.11
290.58
281.01
281.19
289.11
280.82
280.935
287.095
280.63
280.68
285.08
280.97
280.52
283.6
281.62
280.67
282.35
281.21
280.97
281.01
280.95
281.52
280.61
281.02
281.81
279.44
280.51
281.97
279.14
281.63
281.81
278.31
282.0
281.79
277.62
281.99
282.18
277.16
282.47
282.28
276.88
282.78
282.19
276.63
282.84
282.35
276.31
283.5
282.62
279.0
282.59
282.81
282.11
282.37
283.03
285.55
283.28
283.47
287.66
283.14
284.0
288.85
282.06
284.81
290.31
281.17
283.0
291.05
281.43
281.29
291.38
280.83
280.55
291.0
280.54
280.17
289.12
280.13
279.8
286.19
279.99
279.47
285.05
279.79
279.65
284.29
279.96
279.4
283.0
279.69
279.39
282.19
279.97
279.63
281.22
279.99
279.69
281.25
279.77
279.52
280.6
280.14
279.41
280.23
280.11
279.4
279.7
279.73
279.6
279.49
279.54
279.62
279.38
279.47
279.37
279.71
279.7
279.37
280.2
279.92
279.34
282.12
279.61
279.44
285.42
279.98
279.48
286.83
279.98
279.55
287.95
280.25
279.77
289.36
280.63
280.6
290.27
280.97
281.07
292.17
281.17
281.25
292.44
281.11
281.24
292.23
280.93
280.92
290.9
280.53
280.75
289.78
280.43
280.77
289.45
280.33
280.83
289.38
280.44
281.34
288.97
280.88
281.58
288.69
281.4
281.88
288.51
281.66
282.21
288.14
281.85
282.21
287.64
282.43
281.92
287.19
282.43
282.23
287.14
282.2
282.36
286.78
281.97
283.25
286.45
282.15
282.94
286.62
281.84
282.07
287.01
281.55
281.71
287.81
281.06
281.4
289.26
281.35
281.63
290.23
281.53
282.13
292.16
280.6
282.68
293.48
280.55
283.69
294.48
280.41
284.94
295.18
280.56
284.77
295.26
280.8
284.85
294.93
280.56
284.76
293.89
280.26
284.31
292.02
280.27
284.42
290.9
280.41
284.28
290.07
280.64
283.63
289.33
280.89
282.89
288.66
280.07
282.67
288.4
279.79
282.17
287.82
279.61
282.01
287.35
279.6
281.78
286.8
279.74
281.43
286.05
280.11
281.47
285.3
280.12
281.35
284.56
280.4
281.32
284.36
280.07
280.82
283.76
280.01
280.45
285.72
279.64
280.64
288.75
280.16
280.55
291.8
280.78
281.29
294.95
281.31
281.75
296.59
281.6
281.23
298.03
281.59
281.56
298.82
281.31
282.09
299.0
281.69
282.37
298.86
281.81
282.83
296.63
281.71
282.26
294.14
280.8
282.0
292.07
280.7
281.7
290.99
279.71
281.05
289.24
279.52
280.8
288.44
279.77
280.35
287.43
279.42
280.14
287.06
279.06
279.88
286.43
278.93
280.1
285.63
278.91
280.07
284.52
278.71
279.87
284.25
278.59
280.05
283.89
278.18
280.23
283.31
278.06
279.89
283.43
277.81
279.15
285.69
277.66
278.85
290.28
277.28
279.13
293.25
277.62
279.48
295.55
278.18
279.04
297.46
279.0
279.26
298.48
278.63
279.5
298.93
278.88
280.24
298.96
278.82
279.91
298.05
279.0
280.12
296.48
279.56
279.61
293.62
278.44
279.13
292.61
278.22
279.17
291.73
277.78
279.05
290.62
277.53
279.06
290.7
277.18
278.95
289.81
277.15
278.32
288.62
277.3
277.72
288.53
277.41
277.29
288.53
277.43
277.07
287.68
277.17
276.88
287.02
277.15
276.55
286.53
277.51
276.51
285.9
277.8
276.4
285.24
277.88
276.45
286.34
277.66
276.44
289.47
277.83
276.78
292.4
278.38
277.73
293.98
278.87
278.48
296.25
279.59
279.19
296.82
279.65
280.11
297.27
279.74
280.91
297.16
279.54
280.86
296.25
279.65
280.98
295.37
280.71
280.53
293.84
280.71
280.64
292.92
280.71
280.43
292.2
280.71
280.29
291.56
280.71
280.45
290.95
280.71
280.52
290.15
280.71
280.41
289.24
279.89
280.21
288.47
279.89
280.08
287.81
279.89
279.63
288.14
279.89
279.75
287.85
279.89
279.59
287.95
279.7
279.54
288.39
279.83
279.76
288.25
279.77
279.87
287.75
279.56
279.79
288.01
279.66
279.97
288.85
279.69
280.13
289.88
279.79
280.33
290.3
280.01
280.85
290.7
280.49
281.08
290.79
280.88
281.45
290.12
280.98
281.68
289.62
280.84
281.73
288.54
280.79
281.73
286.84
280.59
281.76
285.77
280.27
281.76
284.96
280.18
281.768
283.882
280.09
281.776
282.804
280.0
281.784
281.726
279.91
281.792
280.648
279.82
281.8
279.57
279.58
281.45
278.63
279.36
281.26
277.43
279.36
280.99
276.98
279.19
280.72
276.48
278.53
279.92
275.72
278.38
279.78
275.33
278.33
279.64
277.31
278.1
279.47
280.13
277.84
279.44
282.32
278.79
280.45
284.66
279.37
281.39
286.26
280.63
281.6
287.27
280.35
281.94
288.48
281.98
281.88
288.94
280.56
282.01
288.63
280.58
281.93
286.61
278.88
280.49
284.75
277.89
279.99
284.22
277.65
279.41
283.7
277.33
279.02
283.28
277.68
278.68
282.48
277.4
278.39
282.23
277.69
277.88
281.81
277.23
277.2
281.19
277.08
277.55
281.02
277.25
277.38
280.64
277.46
277.81
280.37
277.88
276.81
280.27
277.81
276.3
280.11
277.87
276.08
280.24
277.74
276.21
281.75
277.26
276.01
285.27
276.95
276.17
288.2
277.49
277.3
291.13
277.88
277.62
293.96
279.06
279.84
295.24
279.52
279.955
295.975
279.98
280.07
296.71
279.37
280.52
296.36
279.37
280.13
295.28
277.94
279.0
293.71
277.33
278.29
293.17
277.01
277.81
292.39
276.67
277.5
291.77
276.38
277.17
291.29
275.87
277.0
291.16
275.51
276.54
290.53
275.1
276.38
290.05
274.88
275.93
289.39
274.56
275.8
289.01
274.25
275.85
288.73
273.96
275.65
288.77
273.92
275.15
289.14
274.05
275.14
289.55
274.05
275.08
289.98
273.64
274.79
291.54
273.71
275.06
292.91
274.43
274.94
294.64
275.41
276.36
295.63
276.85
278.72
296.13
277.63
279.85
296.08
278.0
280.68
294.14
278.3
281.2
293.27
278.42
280.83
290.16
277.22
279.86
287.15
276.57
279.22
285.28
276.37
278.59
284.18
276.28
277.41
283.34
276.0
276.66
282.56
276.03
276.47
282.19
275.84
276.26
282.17
275.55
275.81
281.72
275.03
275.32
281.01
275.2
275.81
279.75
275.26
276.07
279.57
274.82
275.68
279.41
275.02
275.23
279.12
274.82
275.08
279.01
274.94
274.99
278.92
275.62
274.67
279.28
275.74
275.11
279.94
276.56
276.41
281.03
277.77
278.75
282.37
278.39
280.09
283.54
279.3
281.38
284.7
279.38
281.93
285.33
279.22
282.0
285.35
279.3
281.33
283.77
278.4
280.13
281.57
277.71
279.92
280.81
277.13
279.76
279.79
277.03
279.27
279.06
277.11
279.03
278.58
276.84
278.96
277.99
277.2
278.5
277.3
277.45
278.02
276.89
277.57
278.04
276.45
277.2
277.23
276.04
277.28
276.99
275.9
277.26
276.66
275.72
277.38
276.76
275.57
276.98
276.95
275.61
277.1
277.17
277.37
276.59
276.54
281.27
276.93
277.12
284.13
277.39
277.86
286.09
278.63
279.77
288.79
279.11
280.01
290.43
279.44
280.87
291.25
279.49
280.66
291.39
279.27
279.97
290.45
279.31
280.72
289.15
279.31
280.57
287.28
279.4
280.93
285.86
280.08
281.28
285.0
279.86
281.39
283.93
280.61
281.81
286.51
281.36
282.23
289.09
281.36
282.23
289.09
282.95
279.34
281.21
282.95
279.34
281.21
282.95
279.34
281.21
282.95
279.34
281.21
282.95
279.34
281.21
282.95
279.34
281.21
282.63
280.46
282.62
282.63
280.46
282.62
282.63
280.46
282.62
282.63
280.46
282.62
282.63
280.46
282.62
282.875
281.75
287.08
283.12
283.04
291.54
283.07
283.62
292.57
283.07
283.67
292.74
283.45
283.77
292.17
283.42
284.03
290.82
283.15
283.81
289.56
282.9
283.25
288.81
283.0
283.13
288.49
282.74
282.7
288.27
282.68
282.38
287.83
282.95
282.29
287.52
282.76
282.21
287.07
282.45
281.97
286.8
282.76
281.73
286.31
282.89
281.11
286.18
282.88
281.12
286.04
282.24
281.38
286.5
282.43
281.54
287.39
281.78
281.32
287.91
281.55
281.75
288.51
281.6
281.85
289.71
281.66
282.22
290.71
281.44
282.54
292.03
281.51
283.74
293.18
281.7
284.4
294.67
282.21
285.43
295.45
282.48
285.54
295.36
282.43
285.31
294.87
282.96
284.34
294.08
282.53
283.62
293.09
282.44
282.97
292.56
282.03
282.62
292.02
282.27
282.09
291.33
282.24
282.03
290.92
281.81
281.92
290.88
281.77
282.04
291.08
