296.63
301.39
304.15
295.16
298.39
303.15
293.68
296.37
301.9
292.92
294.15
301.39
292.66
293.18
300.9
292.34
293.18
299.88
292.15
290.82
301.15
290.76
290.93
299.38
290.97
290.42
298.64
289.97
289.68
298.39
289.54
289.66
299.41
290.86
290.65
300.81
292.35
293.12
303.14
293.76
294.14
304.89
295.27
296.38
306.4
296.37
298.62
307.4
297.85
299.87
308.89
298.53
300.87
309.4
300.06
302.11
309.41
299.38
303.37
309.4
298.9
304.13
309.15
299.23
303.86
307.9
299.35
303.35
307.15
298.37
301.84
305.9
296.55
299.85
304.9
295.56
297.09
303.64
294.39
295.6
302.39
293.86
294.88
301.88
292.5
294.15
301.38
291.74
293.18
301.13
291.56
291.93
300.15
291.4
291.4
300.13
290.57
289.65
299.64
290.52
288.64
299.89
289.55
288.64
300.65
291.04
290.36
302.9
292.52
292.09
304.9
293.64
293.34
305.89
295.3
294.85
306.89
296.74
296.87
308.64
297.39
298.86
309.4
298.05
299.85
309.89
299.21
301.61
310.38
299.23
301.87
310.4
299.73
301.14
310.16
299.93
301.39
309.9
300.46
301.14
308.9
299.9
300.63
307.15
298.43
299.64
306.13
297.44
298.66
304.9
296.61
295.64
304.13
294.56
295.43
302.88
294.32
294.44
302.39
294.69
293.21
301.9
293.7
291.44
301.64
293.71
290.66
301.15
293.15
290.66
301.15
292.21
289.65
300.15
291.42
288.9
301.15
291.44
289.41
302.9
292.35
289.93
304.91
294.15
290.45
306.89
294.26
291.562024683
307.41398193
295.18
291.41
309.39
295.588925091
291.986397306
309.497475823
297.33
295.65
310.15
298.03
296.89
305.64
298.74
298.3
303.44
298.68
300.12
303.14
299.18
300.77
300.49
299.55
300.37
298.91
298.79
299.34
298.91
296.52
298.05
299.9
294.55
296.37
299.9
293.14
295.77
299.4
292.39
294.05
299.66
291.15
293.37
298.51
291.02
292.06
298.38
290.4
290.4
298.65
290.19
289.41
299.15
288.15
288.92
298.4
287.15
288.4
297.64
288.15
287.75
298.15
289.12
288.13
299.65
291.66
288.45
300.89
293.15
289.47
301.4
293.69
290.89
302.9
295.2
293.61
304.89
295.28
295.64
306.15
297.2
298.6
306.65
298.69
299.86
306.38
298.72
301.35
306.14
299.74
302.11
305.9
300.74
302.34
305.64
300.26
301.6
303.88
301.68
300.61
301.9
295.15
299.35
300.65
295.15
297.11
299.4
295.15
295.36
297.88
291.15
294.14
297.4
291.15
293.14
296.4
290.15
292.39
295.66
288.93
288.87
294.44
289.24
288.54
293.71
288.51
287.98
293.3
288.31
287.55
293.7
288.05
287.35
294.74
289.94
288.02
296.96
292.96
290.18
299.26
293.14
292.29
301.32
295.33
294.81
302.81
295.83
296.92
304.12
298.32
298.4
304.75
298.35
300.36
304.95
299.29
301.65
305.1
300.04
302.47
304.51
299.37
303.11
303.78
299.31
302.97
303.0
300.33
302.67
302.1
299.84
301.32
300.09
297.98
299.28
299.58
296.15
296.88
299.2
294.32
294.85
299.13
292.8
292.45
298.92
292.22
290.67
298.58
291.97
289.46
298.32
291.76
288.56
297.91
291.25
288.07
297.33
290.96
287.56
297.27
289.96
287.11
296.99
289.43
287.09
296.29
290.29
287.26
294.94
290.47
287.83
293.66
291.6
288.42
293.12
292.85
289.42
292.93
293.19
290.47
293.25
293.67
291.95
293.52
294.07
293.99
293.48
294.83
294.79
293.87
298.07
297.43
294.41
296.46
298.11
294.34
295.93
298.19
294.28
296.69
298.01
294.07
296.37
297.46
293.88
294.42
295.47
293.64
294.01
293.45
293.44
292.49
291.39
293.05
290.89
290.03
292.42
290.51
288.69
292.12
289.41
287.94
291.66
288.71
287.14
291.53
287.78
286.54
291.34
287.52
285.97
291.26
286.84
285.67
291.14
287.09
285.44
291.29
287.75
286.21
291.68
289.58
287.31
292.47
290.0
288.13
292.84
292.67
290.05
294.33
292.82
290.77
295.39
293.68
292.24
296.32
295.41
293.66
296.81
295.98
294.6
296.92
295.98
295.15
296.79
295.73
295.93
296.43
296.44
296.28
295.63
296.18
296.2
295.29
295.24
296.21
294.63
294.68
295.25
294.14
293.48
294.09
293.85
292.38
293.19
293.42
291.15
291.87
293.24
290.17
290.71
293.01
289.94
290.0
293.0
289.63
289.12
292.83
289.6
288.58
292.84
289.79
288.44
292.74
289.49
288.51
292.91
289.17
288.56
293.22
289.77
288.91
293.68
290.12
289.36
294.66
289.6
290.07
295.3
289.77
290.94
296.02
290.78
292.35
296.37
290.58
293.44
296.7
291.44
295.82
297.14
292.43
296.97
297.6
293.39
297.04
297.72
294.06
296.0
297.69
293.88
295.0
297.42
294.9
294.36
296.74
294.67
293.27
296.05
293.53
292.41
295.31
292.18
291.28
294.81
291.29
290.62
294.16
290.9
289.59
293.37
289.37
288.52
292.75
288.95
287.98
292.56
288.78
287.8
292.33
288.39
287.55
292.35
288.13
287.11
292.21
287.96
286.91
292.12
287.16
286.84
293.1
287.37
286.94
295.64
287.51
287.18
297.13
287.95
287.43
299.62
288.0
287.95
301.02
288.11
288.35
302.62
288.57
289.41
304.13
289.08
290.13
305.01
288.86
290.18
305.54
289.97
290.1
305.72
290.58
289.78
305.3
290.7
289.49
304.33
290.76
289.19
303.24
291.29
288.72
301.9
290.34
288.05
300.79
289.43
287.44
300.04
288.96
287.0
299.3
288.33
286.79
298.65
287.84
286.48
297.56
287.6
286.46
297.26
287.57
286.35
296.46
287.41
286.33
296.34
287.37
286.32
296.05
287.43
286.23
296.3
287.02
286.26
297.01
287.24
286.57
298.17
287.44
287.54
300.23
288.78
288.47
302.49
290.52
289.69
304.64
291.73
290.97
306.34
292.18
292.24
307.27
294.2
293.42
308.1
294.61
294.35
308.4
295.12
295.22
308.5
296.22
295.9
307.78
296.17
296.0
306.74
295.98
295.85
305.41
295.46
295.14
303.92
293.49
293.37
302.7
292.18
291.07
301.92
290.68
289.54
300.92
289.4
288.29
300.42
289.11
287.12
299.66
287.76
286.46
299.11
287.59
285.79
298.66
287.66
285.65
298.32
287.71
285.59
298.04
286.44
285.73
297.96
286.19
285.76
298.98
288.57
286.4
300.42
289.83
287.19
302.6
291.36
287.95
304.16
292.59
288.69
305.55
294.7
289.43
306.81
295.62
290.2
308.13
295.53
290.4
308.56
295.47
290.44
308.2
294.7
290.96
307.84
293.59
291.08
307.74
292.69
292.68
306.24
292.59
293.12
304.93
292.58
293.36
303.55
292.17
292.67
302.64
291.86
291.25
301.72
291.01
290.11
300.65
290.35
289.65
299.99
289.61
289.55
298.88
289.16
289.37
298.35
288.51
289.12
297.5
287.84
288.89
296.88
287.55
288.65
296.65
287.5
288.59
296.83
288.35
288.54
298.52
288.99
288.51
301.36
289.5
288.67
302.81
289.72
289.01
304.18
290.4
289.24
305.28
291.1
289.21
306.19
291.67
288.7
306.87
290.89
288.29
307.34
291.28
288.14
307.87
290.94
287.94
307.67
290.06
287.56
307.02
289.41
288.03
306.27
288.69
288.61
304.91
288.51
288.71
300.05
287.53
288.3
297.96
286.81
287.35
297.03
286.97
286.79
296.7
286.85
286.68
296.88
286.71
286.31
297.26
286.68
286.275267922
297.257738854
286.5
286.200484842
296.923168761
286.48381217
286.001666667
296.851666667
286.38
285.958333333
296.458333333
286.14
286.7225
300.1475
286.08
286.41
298.393333333
286.08
286.905
300.721666667
286.21
287.4775
301.3525
286.340922403
287.946666667
304.246666667
287.16
288.493333333
305.443333333
287.9
289.0155
305.6655
288.1
289.570333333
307.187
288.276131175
290.100666667
307.734
290.3
290.4065
307.3065
289.97
291.011666667
308.178333333
290.29
291.392333333
308.075666667
290.79
290.5925
304.6425
290.9
291.366666667
305.65
290.546480211
290.960333333
303.327
290.15
289.160763406
303.78834728
289.973923642
289.173689119
300.631624197
288.91
286.78
299.99
287.98
286.77
299.25
287.42
286.65
298.52
286.74
286.4
297.92
286.63
286.15
297.31
286.03
285.91
296.86
285.61
285.56
296.54
285.94
285.4
296.55
285.76
285.33
298.38
286.1
286.02
300.86
286.98
287.07
302.89
288.61
287.385867838
303.371338539
290.0
289.46
306.37
291.69
290.77
307.84
292.3
292.17
309.02
292.67
293.17
309.73
293.45
293.87
310.49
294.85
294.53
310.41
295.85
295.02
309.86
295.24
294.92
308.83
295.67
294.53
307.19
294.83
293.41
305.82
293.18
292.01
304.29
291.47
289.99
303.39
290.87
288.52
302.49
288.86
287.45
301.84
287.99
286.51
301.15
287.51
286.06
300.73
286.86
285.66
300.3
286.9
285.63
300.0
287.17
284.79
298.97
286.15
284.49
298.9
285.63
284.3
300.21
287.13
285.36
301.84
289.74
287.69
304.29
291.14
289.91
305.97
293.02
291.68
307.79
293.37
293.24
309.18
294.65
294.74
309.72
296.34
296.07
310.22
296.4
296.88
310.56
296.37
297.58
310.69
296.8
297.72
310.11
297.53
297.42
308.99
297.16
296.52
307.37
297.44
295.11
306.12
295.66
293.27
305.05
293.38
291.35
303.83
291.91
289.96
303.16
290.48
288.85
302.42
289.51
288.02
302.05
289.04
288.01386213
301.878074398
288.39
286.89
301.06
287.35
286.19
300.46
287.46
285.84
299.68
287.02
285.46
299.55
286.42
285.4
300.54
288.08
286.54
301.82
290.9
288.67
303.9
292.59
290.37
306.21
294.18
292.33
307.96
295.68
294.28
309.58
296.8
295.86
310.78
298.31
297.15
311.64
298.34
298.48
311.55
298.14
298.497192256
311.381703839
298.86
298.561596128
310.77885192
298.8
297.474993144
308.892711129
298.2710618
297.799
308.582333333
296.2080309
296.972
306.988666667
297.5
294.7795
306.5545
295.28
294.407666667
304.574333333
293.24
292.670333333
303.753666667
292.1
292.0835
303.5085
290.93
289.962666667
302.496
289.87
288.992333333
302.059
289.14
288.605
301.755
288.66
287.440333333
301.273666667
288.18
286.858666667
300.925333333
287.54
289.4475
302.4225
287.12
287.809
301.459
288.9
289.341
302.341
292.03
291.4325
301.6075
293.53
292.778
303.028
295.79
294.683
302.833
296.54
295.298
304.623
297.49
297.633
303.766333333
299.09
298.678
304.894666667
300.41
298.5575
304.0825
300.9
299.991
305.857666667
300.31
300.259
305.692333333
300.86
298.9335
303.2335
301.47
299.732666667
303.832666667
299.14
298.938333333
302.138333333
297.82
296.288
302.438
295.4
296.112333333
300.079
292.57
294.080666667
299.714
292.04
293.392
299.717
291.44
290.912666667
299.229333333
290.6
289.776333333
299.109666667
290.03
289.379
299.104
290.01
287.996333333
298.946333333
289.01
287.352666667
298.902666667
288.38
289.772
300.247
288.16
288.107333333
299.740666667
289.14
289.505666667
300.622333333
292.25
292.034
301.859
293.49
293.055666667
302.622333333
296.31
295.207333333
303.740666667
296.95
295.668
304.018
297.84
298.383333333
305.416666667
299.68
299.407666667
305.974333333
300.03
299.2975
304.6725
300.05
300.7
305.85
299.89
300.968
305.168
300.91
299.141
302.866
300.55
300.107333333
302.724
299.17
298.978666667
300.962
297.39
296.7485
300.4985
294.81
295.987
298.303666667
292.92
294.124
297.407333333
291.93
293.381
297.331
290.57
291.144666667
296.161333333
289.66
290.028333333
295.811666667
289.11
289.6595
296.3095
288.3
288.294
295.677333333
288.12
287.676
295.892666667
288.02
288.295488383
296.014251769
287.96
287.31030706
296.257272821
288.74
287.74
296.51
290.33
289.15
296.93
292.93
291.29
297.61
294.37
293.09
298.58
295.99
295.11
300.56
296.89
296.79
301.25
298.47
298.14
301.62
298.81
299.48
302.47
299.07
300.14
303.56
299.66
300.31
304.16
300.3
299.97
303.62
299.82
299.19
302.79
299.26
297.82
301.68
297.19
295.66
301.01
295.39
293.58
300.61
293.77
293.133947926
300.300449541
292.0
290.49
298.15
291.29
289.88
297.26
290.84
289.18
296.84
290.55
288.58
296.52
289.83
288.02
296.19
289.04
287.3
296.03
288.41
287.0
296.22
288.08
286.4
296.63
289.53
287.94
297.29
291.02
289.92
297.56
293.86
291.56
297.68
295.44
293.94
297.62
296.66
295.73
297.17
297.95
297.84
297.86
298.22
299.28
297.59
300.16
300.13
297.27
300.74
301.28
296.73
300.64
301.63
296.13
301.31
301.66
295.48
300.85
300.42
295.0
295.624
298.91
294.56
297.81
296.72
294.31
294.741
294.97
294.33
294.53
293.02
294.17
293.12
291.87
293.96
291.69
290.73
293.94
291.65
290.589531577
293.857282828
290.85
289.1
293.7
290.04
288.63
293.84
289.79
288.01
293.71
288.95
287.51
293.54
288.43
287.11
293.57
289.44
288.57
293.96
292.55
289.08725584
294.131842365
293.83
292.79
295.29
295.35
294.53
296.44
296.93
296.65
297.29
297.59
297.84
298.16
299.07
298.41
298.85
300.08
298.11
299.07
300.32
297.94
298.92
299.36
297.72
298.57
298.571
300.271
298.97
295.832
299.032
298.332
295.832
299.032
298.332
296.25
296.85
295.76
295.34
295.1
295.35
294.2
293.07
294.39
293.5
292.18
293.79
292.97
291.01
293.25
292.6
290.586825943
292.790075949
292.77
290.059231853
292.548193213
291.39
288.567333333
291.034
290.89
288.180666667
290.964
290.51
290.5455
294.6705
290.1
289.241666667
293.341666667
290.42
290.689333333
295.789333333
292.8
292.182
295.982
294.09
293.614666667
299.181333333
295.58
295.092333333
300.125666667
296.000260167
294.949
300.374
298.35
296.967
301.550333333
301.07
297.364
302.030666667
299.53
297.8675
301.3925
300.25
298.229
302.245666667
300.13
298.697
301.980333333
300.39
296.807
300.507
300.294421229
298.061
300.644333333
299.67
296.957
299.573666667
297.79
295.864
298.714
297.215440994
294.756333333
297.573
294.06
293.659666667
296.643
293.04
293.497
296.597
292.3
292.089
295.372333333
291.624563119
291.615
295.031666667
291.358820685
290.8005
294.9505
290.12
290.44
294.523333333
290.19
289.739
294.355666667
290.162444232
290.9085
297.9835
288.870813302
289.584
296.550666667
289.78
290.13
298.913333333
290.314134016
291.182369064
299.114208189
293.43
292.55
302.22
294.43
294.56
303.3
296.18
296.31
304.23
296.44
298.0
304.84
298.41
299.71
305.61
299.19
300.86
305.57
299.69
301.85
305.65
300.2
303.0
305.61
300.2
303.0
304.73
299.95
302.3
303.42
298.61
301.58
301.97
296.92
300.65
300.57
294.83
296.73
299.98
294.49
295.45
298.98
292.49
293.47
298.16
293.16
293.346145719
298.002142174
292.28
291.79257286
296.295571087
291.8
291.680082614
296.904315612
288.94
290.2
295.89
288.94
288.81
295.32
290.04
288.37
295.07
287.89
287.92
296.94
288.9
289.04
299.78
292.19
291.88
301.43
292.23
293.84
302.22
295.19
296.11
303.67
296.21
297.97
304.74
296.44
299.42
305.57
296.42
300.86
306.37
297.71
302.03
306.45
298.41
304.05
306.31
298.4
304.77
306.32
298.92
304.48
305.61
298.42
303.26
304.15
297.42
302.04
302.33
295.2
299.21
301.15
292.8
296.11
300.15
291.39
293.89
299.4
290.28
292.26
298.17
288.84
290.44
297.46
288.84
289.27
296.96
288.54
288.15
296.41
287.39
287.48
295.86
287.63
287.24
295.39
286.94
287.07
295.28
287.85
286.85
297.32
288.13
287.01
299.81
289.66
287.56
301.88
292.19
287.85
303.85
293.44
288.98
305.18
293.48
290.26
306.0
295.4
292.0
307.03
296.38
292.98
307.01
296.92
294.99
308.09
297.4
295.42
308.21
298.16
296.98
307.86
297.9
297.56
306.41
297.15
298.4
303.98
296.68
297.49
301.95
295.17
295.48
300.79
293.16
293.51
301.09
291.6
292.12
300.49
290.6
290.84
300.28
289.6
290.37
300.38
289.6
289.26
300.45
289.05
289.31
300.24
288.6
288.8
299.47
289.15
288.8
298.87
289.15
288.41
298.35
288.12
288.16
299.35
289.14
288.27
301.15
291.46
288.79
303.4
292.73
289.62
305.44
294.25
290.47
306.77
295.73
292.08
307.78
296.73
293.55
309.14
296.99
295.31
309.53
297.47
296.35
310.15
297.96
297.46
309.75
298.47
298.63
309.82
298.72
298.54
308.7
297.66
298.49
306.99
296.99
297.73
305.34
295.88
295.85
303.89
293.88
293.37
302.84
293.81
292.07
301.83
292.25
291.68
301.37
292.25
290.54
300.61
291.7
289.68
300.37
290.25
289.473605999
300.267322352
289.74
288.333666667
299.750333333
289.63
287.791333333
299.474666667
289.0
288.769
301.669
289.02
287.72
300.57
288.67
288.191
301.941
289.62
289.7525
303.1525
291.26
289.86
304.576666667
292.15
291.058
305.841333333
293.54
291.849530879
307.091936343
295.22
293.68
309.25
296.23
295.33
309.12
296.47
296.67
309.82
297.2
297.57
310.12
297.46
298.4
310.16
297.69
297.92
310.0
296.42
297.5
308.38
294.69
296.24
306.73
293.47
293.78
305.45
291.78
291.99
304.36
290.05
290.98
303.68
290.08
289.48
303.1
290.006139607
289.420869788
302.881109489
289.8
289.203434894
302.108554745
288.01
288.705582855
301.968993691
288.55
288.551666667
301.051666667
288.08
288.117333333
300.767333333
287.95
288.7135
303.0385
287.64
287.935666667
301.902333333
290.39
288.188333333
303.321666667
289.7
289.948
304.648
290.87
289.698333333
306.098333333
291.93
290.955666667
307.455666667
292.92
291.739
307.664
294.11
293.154333333
309.404333333
294.00856009
294.095666667
309.995666667
293.948903705
294.1395
309.1145
293.263333333
295.38
310.196666667
293.389666667
295.723
309.806333333
296.14
294.5065
306.0815
295.86
295.369333333
306.802666667
294.87
294.672666667
304.189333333
293.75
292.8595
305.0095
292.82
292.535
301.251666667
291.520193347
291.094
300.927333333
291.56
290.689
301.114
290.12
288.902666667
300.619333333
288.94
288.152333333
300.635666667
288.11
287.431
300.156
287.23
286.671
300.337666667
286.89
285.94
300.023333333
286.57
287.8465
302.6215
286.59
286.236333333
301.336333333
287.05
287.263666667
302.963666667
289.05
289.536
303.886
290.73
290.148333333
305.748333333
292.78
292.005666667
306.905666667
294.26
292.458
307.233
295.06
294.783666667
308.667
295.9
295.704333333
309.271
296.94
295.661
308.136
297.49
296.903
309.319666667
297.61
297.181
308.764333333
297.44
296.0735
303.9735
297.18
296.813333333
304.83
296.56
296.167666667
301.451
295.12
293.9525
303.6275
293.59
293.83
298.396666667
292.88
292.138
298.721333333
292.08
291.7975
299.2475
291.25
289.655
299.505
290.38
288.864
299.964
290.245114553
288.291
299.441
287.534167352
287.427333333
300.227333333
289.35
286.781666667
300.031666667
288.94
288.7265
302.9765
289.026483145
287.217333333
301.734
289.253241572
288.298666667
303.632
291.573436988
291.425
304.6
291.62091471
291.824666667
306.808
293.81
294.269333333
308.086
295.45
294.579
308.129
296.51
297.735333333
309.818666667
298.99
298.756666667
310.273333333
299.79
298.512
309.637
300.42
299.955333333
310.455333333
301.0
300.132666667
310.182666667
300.61
299.2305
304.2055
300.62
299.767666667
305.834333333
299.77
299.225333333
301.758666667
298.2
297.2985
303.5985
296.34
297.217666667
297.551
295.32
295.752333333
297.419
294.41
295.271
297.146
294.16
293.477666667
297.061
293.47
292.668333333
296.835
292.63
291.8905
296.8155
291.99
291.070666667
296.520666667
291.5
290.282333333
296.432333333
291.06
292.593
296.793
289.31
290.771666667
296.555
289.87
292.049333333
296.766
291.97
294.7205
299.7455
294.26
295.533666667
299.033666667
295.81
297.740333333
301.090333333
294.797
298.697
301.322
297.24
301.320333333
303.987
298.56
302.693666667
304.827
299.57
302.06
303.985
300.04
304.102333333
305.385666667
301.14
304.137666667
305.104333333
