294.39
292.763
304.263
294.23
294.061333333
304.878
294.18
294.278666667
304.312
293.95
292.882
301.932
293.26
293.637333333
301.970666667
291.45
292.778666667
300.195333333
289.0
291.4995
300.3495
287.4
290.781
297.931
286.71
289.642
297.442
286.17
289.13
297.18
285.4
287.782
296.615333333
284.01
287.061
296.277666667
283.77
286.74
295.89
283.26
285.885666667
295.569
282.81
285.431333333
295.198
283.06
285.5745
295.6245
281.53
284.921
294.987666667
281.78
284.865
295.148333333
283.16
288.5215
295.1965
286.99
287.228
295.394666667
288.93
289.647
295.480333333
293.32
289.867
294.642
294.6
293.019
295.035666667
295.83
293.972
294.505333333
296.29
293.5465
293.3965
296.55
294.959
293.059
296.6
294.993
292.143
296.88
293.8665
292.1415
296.38
294.287333333
290.920666667
293.9
293.547666667
290.614333333
290.9
292.2295
290.3545
290.1
291.682666667
290.032666667
289.3
290.557333333
289.757333333
288.6
290.3775
289.7525
288.56
288.937
289.387
287.41
288.442
289.292
287.32
288.0695
289.1195
287.0
287.533666667
289.050333333
285.72
287.120333333
288.903666667
285.75
287.3775
289.5275
284.34
286.740666667
289.124
283.26
286.774333333
289.491
285.83
290.8605
290.7605
288.74
289.543333333
290.826666667
291.74
292.278666667
291.795333333
294.03
292.416
292.616
294.050633117
296.017333333
293.634
295.89
297.020666667
294.504
297.18
296.4015
294.0265
297.4
297.945666667
295.345666667
297.42
297.867333333
295.317333333
297.34
295.728
293.0785
296.42
296.336666667
293.787
294.38
294.884333333
292.285
291.71
292.8235
292.6485
290.35
291.574
290.524666667
289.49
289.716
290.266333333
288.03
289.3635
289.914
287.39
287.003666667
289.687
286.99
286.149333333
289.366
286.44
285.862
289.462
285.34
284.818666667
289.002
285.09
284.342333333
288.959
285.13
285.174
291.024
283.74
284.261666667
290.278333333
283.96
284.657333333
291.640666667
285.78
289.4305
292.8555
288.4
288.367
294.267
291.54
291.681
295.531
293.54
291.9315
295.8565
293.73
296.266666667
297.433333333
296.12
297.538333333
298.071666667
298.41521386
297.2765
297.2515
298.9
299.059333333
298.376
297.58
299.308666667
298.042
297.4
296.405
296.48
295.95
297.705333333
296.555333333
293.68
295.852666667
295.402666667
292.0
294.1145
295.3145
291.04
292.223666667
293.807
290.06
290.447333333
293.364
288.41
289.7505
293.4005
287.68
287.614333333
292.797666667
287.47
286.557666667
292.674333333
286.8
286.3905
292.9155
287.28
285.037333333
292.670666667
287.06
284.573666667
292.790333333
286.69
285.381
294.706
284.92
284.493666667
294.227
285.41
284.877333333
295.544
286.5
290.0085
296.4585
289.24
288.809666667
297.909666667
292.19
292.358333333
298.958333333
294.97
292.627
298.502
296.46
297.269
300.052333333
297.41
298.631
300.097666667
298.03
298.413
299.488
298.49
300.301666667
299.751666667
298.37
300.610333333
299.360333333
298.36
297.5035
298.5535
297.29
298.950666667
298.300666667
295.11
296.982333333
297.632333333
292.51
296.303
297.603
290.91
293.905
296.721666667
290.17
292.796
296.479333333
289.7
292.2465
296.4715
289.21
290.951
296.151
288.14
290.215
296.065
287.93
289.63
295.73
287.71
288.843666667
295.727
287.26
288.208333333
295.475
287.1
289.05
298.0
285.16
287.922333333
296.822333333
285.06
288.271666667
298.421666667
286.25
290.2445
298.7195
289.77
290.052666667
300.752666667
292.47
291.484333333
301.484333333
294.27
292.143
301.243
295.33
293.832333333
302.299
295.06
294.748666667
302.382
295.44
294.337
301.762
295.8
295.696
302.079333333
295.77
295.727
301.693666667
294.75
293.9055
300.9555
293.81
294.554
300.687333333
293.02
293.35
300.066666667
291.5
292.5375
299.4375
290.68
291.203
298.819666667
290.36
290.26
298.193333333
290.03
290.0805
297.9555
289.83
288.883
297.199666667
289.6
288.449
296.832333333
289.34
288.607
296.557
289.53
287.975666667
296.159
289.17
287.936333333
295.853
288.99
288.0835
298.2335
288.3
287.982
297.032
288.24
288.067
298.517
288.34
289.695
299.97
289.13
289.265666667
301.465666667
290.51
290.379333333
302.929333333
291.42
291.0645
302.3895
291.77
292.321
304.521
291.78
293.149
304.649
291.86
292.939
303.614
292.19
294.113
304.129666667
292.24
294.249
303.482333333
291.77
292.7455
301.5205
291.19
293.428
301.311333333
290.7
292.471
299.787666667
290.15
292.1955
300.2705
289.81
291.011333333
298.078
289.63
290.508666667
297.892
289.49
290.0755
297.8005
289.31
289.549666667
297.583
288.58
289.093333333
297.46
288.51
288.9145
297.2395
288.85
288.365666667
297.149
288.75
288.094333333
296.961
288.67
288.4995
298.2495
287.99
288.002666667
297.569333333
287.92
288.182333333
298.365666667
288.17
290.162
296.537
288.58
289.741666667
298.208333333
288.94
291.121333333
297.254666667
289.94
291.107
299.632
290.41
292.951333333
297.568
290.44
293.401666667
298.835
290.13
293.003
298.253
289.95
293.736333333
300.136333333
289.45
293.620666667
300.170666667
289.54
292.7455
299.3455
289.71
292.883
299.666333333
289.48
292.261
299.127666667
289.17
291.732
298.557
289.24
291.079
298.029
289.04
290.519
297.469
289.22
290.678
297.203
288.87
289.878333333
296.545
288.87
289.797666667
296.181
288.79
289.8285
296.1535
288.41
289.710666667
295.677333333
288.41
289.704333333
295.537666667
288.8
289.9035
296.7785
288.19
289.828666667
296.178666667
288.16
289.959333333
296.959333333
288.28
290.933
298.658
288.89
290.782666667
299.132666667
289.04
291.475333333
300.525333333
289.7
291.9525
300.7025
289.7
292.717
302.500333333
290.7
293.266
303.082666667
291.17
293.043
302.268
291.68
293.849333333
303.316
291.7
293.883666667
302.967
292.06
292.7815
301.3065
291.68
293.194666667
301.394666667
290.52
292.471333333
300.171333333
289.55
291.393
298.493
288.79
290.788
297.421333333
288.31
289.828
295.894666667
288.3
289.9205
296.8955
287.75
288.609666667
294.526333333
287.58
288.351333333
294.684666667
287.42
288.0845
294.7845
286.8
287.829
294.962333333
286.6
287.565
295.081666667
285.92
287.7395
296.0395
286.03
287.329333333
295.879333333
286.06
287.357666667
296.557666667
287.3
289.924
298.749
288.56
289.106333333
298.923
290.35
290.826666667
300.61
291.86
291.6595
300.5595
293.76
293.675666667
302.825666667
294.19
294.804333333
303.354333333
294.93
294.7045
302.4295
295.24
296.242666667
303.442666667
295.18
296.552333333
303.002333333
294.82
294.667
300.767
294.02
295.708333333
300.925
292.35
294.554666667
299.288
291.1
293.5
298.65
289.99
292.313333333
296.68
288.88
291.225666667
295.709
288.72
290.209
295.584
287.98
289.097666667
294.331
287.72
288.057333333
293.924
287.12
287.913
293.613
287.01
286.574
293.174
286.64
286.131
292.831
286.59
286.836
297.311
285.02
286.010333333
295.360333333
284.74
286.332666667
298.232666667
286.55
290.5275
298.8025
288.68
289.559
302.442333333
291.69
292.463
303.779666667
294.59
292.52
303.72
295.090032695
296.373
305.523
297.96
297.379
305.929
298.74
296.9065
304.9815
298.44
298.405333333
305.838666667
298.0
298.425666667
305.342333333
297.8
296.5555
302.918
296.77
297.206
303.064333333
294.92
295.966
301.282666667
292.96
295.294
301.394
291.92
293.864666667
298.981333333
291.42
293.003333333
298.461666667
290.64
292.531
297.9185
290.19
291.54
297.406666667
289.63
290.938
296.871333333
289.67
290.7525
296.3525
289.05
290.011666667
295.811666667
288.97
289.687333333
295.287333333
289.4
289.871
296.621
288.27
289.377333333
295.477333333
288.28
289.391666667
296.191666667
288.53
290.3425
297.6425
288.67
290.044666667
298.111333333
289.17
290.683333333
299.316666667
290.64
291.5435
299.4685
291.62
292.108333333
301.025
292.39
292.894666667
301.528
292.65
292.685
300.11
293.0
293.803333333
301.253333333
292.9
293.925666667
300.475666667
292.4
292.2225
297.985
292.14
292.953333333
297.778333333
291.32
291.858666667
295.858666667
290.03
291.5355
295.698
289.64
290.183666667
293.192
289.44
289.603333333
292.445
289.01
289.5145
292.252
288.93
288.770333333
291.320333333
288.34
288.517666667
290.942666667
288.25
288.454
290.3915
288.0
288.138333333
290.071666667
287.58
288.011666667
289.578333333
287.49
288.0055
292.4805
287.09
287.838666667
290.855333333
286.74
287.792333333
292.625666667
287.52
290.005
294.28
288.77
289.205666667
296.089
290.08
290.665333333
297.782
289.38
288.796
297.796
289.76
291.365333333
300.048666667
289.91
290.605666667
300.622333333
289.84
291.396
299.271
289.75
290.119666667
300.486333333
289.75
290.393333333
299.776666667
289.59
289.6875
296.55
289.25
290.287666667
296.679333333
288.98
289.908333333
294.291666667
289.02
290.0785
293.966
288.59
289.516
290.891
288.43
289.503
289.878
288.6
289.272
290.1345
288.38
289.331666667
288.698333333
288.33
289.173333333
288.531666667
288.38
289.256
287.8935
288.45
289.017333333
287.884
288.45
289.019666667
287.403
289.01
288.2885
291.8885
289.01
288.535333333
289.752
288.21
288.048666667
292.582
288.24
289.3325
293.7575
288.37
288.255666667
297.139
288.32
288.949333333
298.866
288.95
288.053
298.828
289.42
289.276666667
301.143333333
290.55
288.910333333
301.693666667
290.54
289.7195
300.1195
291.65
288.961333333
301.378
290.76
289.378666667
300.512
290.81
288.745
297.395
289.92
289.512666667
297.279333333
289.48
289.229333333
294.912666667
289.51
288.518
294.568
289.02
288.377333333
291.527333333
288.66
287.808666667
290.508666667
288.4
287.868
290.268
288.37
287.09
288.99
288.29
286.94
288.49
288.15
286.778
288.153
287.54
286.632
287.598666667
287.53
286.474
287.207333333
286.98
286.7045
292.5545
286.96
286.417
290.250333333
285.84
286.518
293.684666667
285.88
287.3085
294.4335
286.73
287.179666667
298.763
286.74
287.740333333
300.407
288.93
288.264
299.989
289.36
288.837
302.320333333
290.24
289.373
302.589666667
289.84
289.3795
301.3545
289.84
290.092
302.125333333
290.15
290.275
301.391666667
290.34
288.487
298.537
289.37
289.327
298.510333333
288.55
288.196
296.362666667
288.27
288.4925
296.2175
288.51
286.885666667
293.402333333
288.28
286.706333333
292.589666667
288.47
286.504
292.504
288.46
286.332333333
291.449
288.01
286.137666667
291.121
288.0
286.337
290.987
287.01
286.011
290.594333333
286.86
286.079
290.395666667
286.85
286.2355
294.3855
286.83
286.274
292.790666667
286.08
286.401
295.384333333
286.12
286.9665
296.3665
286.19
286.947333333
299.497333333
286.19
287.366666667
301.016666667
287.15
287.069
300.644
287.69
287.727333333
302.794
288.12
287.668666667
303.052
288.11
287.942
301.967
288.55
287.772666667
302.672666667
288.54
287.935333333
302.035333333
288.67
287.689
299.089
288.46
287.988
299.221333333
288.04
287.878
297.044666667
287.52
286.567
296.542
287.17
286.857333333
293.807333333
287.45
285.946666667
292.746666667
287.42
285.966
293.516
286.86
284.745333333
291.845333333
286.43
284.454666667
292.004666667
286.43
285.289
292.164
285.89
284.623333333
292.323333333
285.9
285.082666667
292.482666667
285.75
285.1425
294.9425
285.76
285.735
294.335
284.84
285.928
296.028
284.85
286.7335
297.4085
285.94
286.722333333
299.205666667
285.94
287.323666667
300.690333333
287.83
288.2075
300.4825
288.71
288.714666667
302.531333333
289.26
289.504333333
302.887666667
289.27
289.4825
301.7575
290.72
290.542666667
302.609333333
290.73
290.791333333
301.974666667
290.05
288.9315
299.5065
289.38
289.883
299.483
288.26
288.726
297.626
287.53
287.912
297.462
286.78
286.640666667
295.040666667
286.03
285.712333333
294.312333333
286.14
285.7555
294.4305
285.8
284.503333333
293.42
285.15
284.222666667
293.256
284.84
284.1755
292.8255
284.86
283.817
292.750333333
284.71
283.692
292.408666667
284.42
283.7945
295.3695
284.42
283.593666667
293.927
284.03
283.620333333
295.787
284.01
286.639
297.139
285.36
285.668333333
299.168333333
285.46
287.689666667
300.689666667
287.98
288.042
300.317
287.95
290.619666667
302.469666667
290.23
291.528333333
302.728333333
290.68
291.269
301.819
290.57
292.567
302.467
290.48
292.697
301.947
290.13
290.183
299.733
289.37
291.194333333
299.777666667
288.6
289.561666667
298.128333333
286.65
288.757
297.457
286.28
286.848333333
295.481666667
286.38
285.767666667
294.484333333
286.0
285.7865
293.6865
285.86
284.339333333
292.622666667
285.71
283.991666667
291.758333333
285.58
284.417
291.642
285.55
283.811666667
290.528333333
285.55
283.979333333
290.162666667
285.53
284.341
294.541
285.46
284.444
292.594
285.47
284.741
295.391
285.92
286.163
295.963
286.26
286.085
299.501666667
286.26
287.132
300.815333333
286.35
287.349
300.674
286.7
288.672666667
302.472666667
287.48
289.166333333
302.816333333
287.36
288.736
301.711
287.22
289.537666667
302.537666667
287.41
289.415333333
301.915333333
288.04
288.2385
299.7635
287.71
288.467666667
299.651
287.15
287.642333333
298.009
286.92
286.886
297.611
286.65
286.037666667
295.554333333
286.64
285.258333333
294.741666667
286.72
285.3645
294.9895
286.57
284.29
293.823333333
286.43
284.101
293.717666667
286.28
284.1695
293.3445
285.73
283.894666667
293.328
285.85
283.877333333
293.044
285.7
284.0055
294.6305
285.7
283.939666667
293.723
284.84
284.019333333
294.686
284.86
285.7485
296.7485
285.18
285.278333333
297.345
287.037
286.457666667
299.041
288.19
286.5805
299.3805
288.73
288.112
301.528666667
288.94
288.587
302.320333333
289.81
288.3665
301.2915
289.81
289.073333333
302.69
290.05
289.084666667
302.268
289.83
288.155
300.13
288.49
288.48
300.28
287.82
287.864
298.714
287.53
287.326
298.351
286.9
286.684
296.384
285.86
286.12
295.62
285.04
284.996
295.771
284.67
284.618666667
294.702
281.15
283.681333333
294.548
284.17
283.922
294.647
284.42
282.592
294.408666667
284.43
282.44
294.423333333
284.2
283.155
296.755
284.25
282.714
295.997333333
284.08
283.14
297.556666667
284.2
284.7645
299.7145
285.17
284.791
301.074333333
285.19
286.016
303.032666667
286.92
286.3905
302.7905
287.07
287.899
305.482333333
287.72
288.557
305.973666667
287.73
288.224
304.8615
288.39
289.212333333
305.887333333
288.39
289.209666667
305.309666667
287.73
287.548
303.873
287.71
288.098333333
303.581666667
287.04
286.989666667
302.431333333
286.14
286.3165
302.079
285.16
285.062666667
300.662666667
284.2
284.244333333
300.044333333
283.79
283.5915
299.7415
283.45
282.718
299.018
282.8
282.01
298.61
282.43
282.03
298.33
282.3
281.079333333
297.879333333
282.3
280.856666667
297.556666667
282.58
280.8605
299.7105
282.58
280.562333333
298.562333333
280.49
280.490666667
299.890666667
280.8
283.916
301.316
282.5
282.678666667
302.612
282.56
284.938333333
304.005
286.39
284.749
304.024
287.18
287.825
305.875
288.07
288.452
306.352
287.79
288.053
300.853
288.19
289.022
303.322
288.4
288.965
299.815
288.08
287.589
301.064
287.42
287.971666667
295.971666667
286.73
287.035333333
295.635333333
286.8
286.0825
294.732
285.9
285.151666667
294.584666667
285.64
284.204333333
293.870333333
285.02
284.183
292.908
284.71
282.927
292.276333333
284.71
282.597
291.396666667
283.99
282.4565
290.631
284.29
282.063333333
289.713333333
284.0
281.859666667
288.909666667
283.87
282.094
291.669
283.87
281.744333333
289.677666667
282.29
281.832666667
291.249333333
282.51
284.6095
292.7595
284.5
283.801666667
294.351666667
284.52
285.682333333
295.882333333
287.83
286.4335
295.7585
288.21
288.690666667
297.840666667
288.43
289.818333333
298.268333333
288.46
289.3945
296.0695
289.22
291.039333333
297.372666667
289.28
291.132666667
296.049333333
288.76
289.251
294.476
288.08
290.002666667
293.236
287.71
288.779333333
291.746
287.9
287.959
290.709
287.4
286.601333333
289.068
287.53
285.646666667
287.88
287.28
285.77
286.87
287.28
284.456
285.622666667
287.01
284.22
284.553333333
287.01
284.62
283.72
287.01
284.172
282.572
287.01
284.36
281.66
287.01
284.591
286.991
287.0
284.764666667
283.998
286.5
284.981333333
287.248
286.5
287.1
288.25
286.83
286.682666667
292.249333333
286.83
288.167333333
294.000666667
287.93
288.139
294.089
287.94
290.128
296.394666667
289.38
290.604
297.037333333
289.47
291.2455
295.1455
290.63
291.666333333
296.633
290.63
292.252666667
295.586
290.5
289.7005
293.3755
290.05
291.333
292.716333333
289.38
289.827
290.893666667
288.78
289.435
291.26
288.79
287.557666667
288.707666667
288.52
286.794333333
288.344333333
288.86
286.2405
288.7655
288.59
285.407333333
288.140666667
288.59
284.783666667
288.300333333
288.29
284.31
287.985
288.29
283.636333333
288.303
288.15
283.112666667
288.146
288.01
283.358
291.008
287.81
282.578
289.844666667
287.81
282.567
291.700333333
287.94
286.369
293.944
287.95
285.087
295.670333333
289.28
287.618
297.784666667
269.15
287.8805
298.0055
290.62
291.167666667
300.751
291.03
292.186333333
301.603
291.28
291.97
300.445
291.29
293.400333333
301.967
291.95
293.595666667
301.479
291.63
291.8075
298.9075
290.62
292.664
299.114
289.49
291.537
297.237
289.02
290.356
297.506
288.75
289.247
294.913666667
288.51
288.084
294.467333333
288.41
287.659
294.609
287.85
286.25
293.966666667
287.8
285.579
293.912333333
287.78
285.525
293.575
286.97
284.648333333
293.615
286.96
284.388666667
293.372
286.73
284.545
293.12
286.74
284.146666667
292.88
286.82
284.164333333
292.631
286.82
287.847
295.872
287.15
286.643
294.459666667
287.91
289.104
296.537333333
289.37
289.41
297.06
278.99
292.589333333
299.656
290.39
293.613666667
300.697
290.7
293.248
299.473
291.26
294.735666667
301.269
290.82
294.833333333
300.8
290.82
293.406
298.106
289.72
294.012
298.378666667
289.15
293.093
296.426333333
288.52
292.17
296.87
288.14
291.252333333
294.119
288.17
290.330666667
293.764
287.928051496
289.8915
293.6415
287.29
288.809
293.209
287.3
288.209
293.009
287.16
287.8485
293.0735
287.29
287.168666667
292.785333333
287.15
286.728333333
292.761666667
287.15
286.534
295.159
286.72
286.011666667
294.328333333
286.61
285.735333333
295.918666667
287.05
288.2885
297.6885
287.48
287.069
299.219
286.15
288.679
300.929
289.5
289.33
301.33
290.18
291.259666667
303.476333333
290.6
292.230333333
304.313666667
290.61
292.1135
302.1635
290.62
293.446666667
303.996666667
291.17
293.692333333
302.842333333
291.18
291.1895
301.9645
289.96
292.351333333
300.718
289.96
290.764666667
299.748
288.58
290.495
299.595
287.91
288.469333333
298.352666667
287.4
287.760666667
297.927333333
287.31
288.278
297.603
287.27
287.160666667
297.144
287.25
287.269333333
296.786
286.58
286.5945
296.5445
286.58
286.964333333
296.147666667
286.58
286.550666667
295.867333333
286.59
286.374
297.674
286.28
285.881333333
296.698
286.39
285.625666667
297.809
286.391302037
287.542
299.292
286.4
286.562333333
300.279
287.16
287.754666667
301.638
288.16
288.6355
301.2105
288.81
289.931666667
303.165
281.42
290.916333333
303.333
289.59
290.5675
302.1425
289.7
291.996666667
302.763333333
290.04
292.092333333
302.025666667
290.04
289.9705
300.7955
289.06
290.805333333
300.222
289.07
289.422666667
299.156
286.66
288.936
299.286
286.78
287.254666667
297.821333333
286.9
286.469333333
297.552666667
287.01
286.237
297.412
286.28
285.267333333
297.100666667
286.26
284.850666667
296.917333333
286.85
284.5045
296.5295
286.84
284.064333333
296.414333333
285.92
283.694666667
296.094666667
285.88
283.903
297.853
285.6
283.340666667
296.840666667
285.64
283.356333333
297.906333333
285.79
285.8545
298.1295
286.63
285.042666667
299.476
287.47
286.713333333
299.98
288.49
287.4295
300.5545
288.49
289.418333333
301.035
289.82
290.452666667
301.586
290.49
290.1155
301.0405
290.72
291.607
301.957
290.72
291.727
301.777
290.16
289.456
300.956
289.07
290.373
300.989666667
287.87
288.899
300.382333333
287.31
288.1525
299.928
286.66
286.436
299.269666667
286.4
285.447
298.764333333
286.14
285.165
298.54
285.87
283.940333333
297.941
285.54
283.422666667
297.623
285.31
283.2305
297.006
284.86
282.604333333
296.787666667
284.57
282.303666667
296.270333333
284.28
282.5485
298.1985
284.17
282.066
296.866
283.658658354
282.129
297.979
284.25
285.531
299.531
285.37
284.481
300.497666667
285.46
286.77
301.903333333
287.17
286.4825
301.9825
287.36
289.630333333
303.830333333
287.7
290.201666667
304.351666667
287.71
289.599
299.074
287.38
290.561666667
301.528333333
287.49
290.350333333
298.183666667
287.37
289.431
299.331
287.16
289.455666667
294.489
286.93
288.772333333
294.139
286.78
288.977
293.977
286.91
287.997666667
293.564333333
286.89
287.906333333
293.339666667
286.86
287.973
292.273
286.59
287.829
292.329
286.29
287.843
291.543
286.28
287.679
291.629
286.02
287.752333333
290.552333333
285.43
287.647666667
290.347666667
285.47
287.4625
289.6375
285.49
287.384666667
289.601333333
285.07
287.226333333
289.059666667
285.1
287.883
290.508
285.18
287.453
289.303
285.21
287.838
290.088
286.51
287.1445
291.0445
286.52
287.889
291.772333333
287.18
287.555
292.671666667
287.19
288.1465
291.1465
288.19
287.504
292.854
288.19
287.787
292.137
287.86
286.0095
289.9345
287.08
286.979333333
289.712666667
286.25
285.888666667
288.005333333
285.77
285.9395
288.0895
285.3
284.468333333
285.785
285.16
284.138666667
285.272
285.32
284.4125
285.1625
284.87
283.881666667
284.515
284.88
283.954333333
284.271
284.88
283.948
283.723
284.47
284.047
283.580333333
284.42
284.067
283.133666667
283.58
284.4355
286.7105
283.58
284.339333333
284.922666667
283.41
284.591666667
287.158333333
283.42
285.38
288.455
284.54
285.453666667
291.003666667
284.56
286.063333333
292.613333333
