283.33
286.82
289.44
283.47
286.53
287.95
283.27
286.52
287.76
283.28
285.78
286.88
283.71
285.64
286.81
283.71
286.02
285.68
283.66
286.02
285.69
283.71
285.9
285.15
285.82
285.756742087
286.722416586
285.83
285.89
289.87
285.83
286.112967102
290.898487808
285.77
286.609983551
293.077743904
286.15
286.691892744
294.314279114
286.47
287.13
296.68
286.99
287.77
298.15
287.14
287.77
298.15
287.41
287.838695652
297.329064985
288.16
287.962347826
295.907532493
288.02
288.15
296.29
287.49
287.81
294.38
286.83
287.52
293.69
286.76
287.82
291.69
286.76
287.27
290.61
286.94
287.27
290.54
287.15
287.230267559
290.135325254
287.15
287.15
289.36
283.58
287.02
287.86
282.7
287.03
287.87
281.97
287.03
287.02
281.95
287.03
286.42
282.04
286.78
286.22
282.22
286.676421528
287.209400785
284.81
286.478710764
289.020200393
284.61
286.9
292.01
285.16
286.9
292.07
285.47
287.9
296.48
285.82
288.21333964
297.234455713
286.83
289.28
299.65
287.03
289.92
299.88
287.71
290.27
300.87
287.37
290.169548995
300.744317434
287.39
289.78
300.29
286.84
289.78
299.73
286.51
289.04
295.65
286.15
288.48
294.55
286.35
288.15
294.49
285.58
287.15
293.08
284.37
286.772878963
292.342779037
283.45
286.655679475
291.648918919
282.87
285.828
290.094666667
284.22
285.729
289.412333333
284.21
285.743249283
290.156
284.36
285.66
289.88
284.41
285.324514474
288.5084
284.87
285.35036553
288.958598353
285.15
284.847708725
286.982395628
282.89
284.91
287.68
282.5
284.77
292.36
282.95
285.001149733
293.615377765
283.59
285.72
297.28
285.95
286.7
299.1
286.32
287.09
299.72
287.18
288.32
300.89
287.66
288.635027926
300.872748082
288.11
289.66
300.82
287.96
289.312962737
299.862257291
287.44
289.49
299.39
286.08
287.98
297.11
285.08
287.18
296.72
283.43
284.76
296.02
282.95
284.38
295.85
282.21
283.7
295.11
282.2
283.320043721
294.830657246
281.77
282.071614257
294.173703632
281.62
281.97
293.88
281.3
281.29
293.88
281.19
281.19
293.9
280.87
281.03
293.43
281.02
281.63
293.48
281.15
281.63484963
293.533671801
281.19
281.65
293.69
281.65
281.46
295.05
282.14
281.99
296.17
282.9
282.53
297.07
284.19
284.58
299.51
284.74
286.16
299.92
285.48
288.25
300.86
286.26
288.91
300.95
286.7
289.23
300.93
286.73
288.56
300.11
286.53
288.11
299.06
285.23
287.31
297.65
284.98
286.5106
297.542359661
284.51
286.29
297.28
284.14
285.86
296.88
283.63
285.42
296.18
283.79
284.53
295.66
283.79
283.52
295.07
283.39
282.74
294.15
283.06
282.5
293.89
283.28
283.23
292.85
283.38
283.42
292.43
283.48
283.2
292.19
282.7
282.99
292.7
281.96
282.6
293.91
281.83
282.54
294.21
282.28
283.86
296.29
283.2
284.82
297.2
283.93
285.19
297.16
285.48
285.811742902
297.318784973
286.01
287.17
297.65
286.41
287.79
295.37
286.6
287.799276164
294.807769895
286.39
287.83
293.07
285.78
287.39377261
292.958077253
285.4
286.45
292.73
283.59
284.27
293.03
282.58
284.12
293.07
280.75
283.406154133
293.147181626
280.09
281.73
293.32
279.86
281.16
293.51
279.3
280.47
293.64
279.25
279.92
293.75
279.11
279.864800625
293.735677999
279.03
279.72
293.7
278.11
279.24
293.65
277.93
279.15
293.7
278.68
279.216021029
293.607746576
280.13
279.35
293.43
279.78
279.69
294.08
279.81
279.71
293.86
280.79
281.040913478
294.378482504
283.49
281.561623438
293.942544146
284.5
283.649
294.782333333
284.48
284.269
294.435666667
285.34
283.9445
294.0695
285.67
284.879333333
293.729333333
285.52
284.869666667
293.369666667
285.01
284.0775
293.565
283.34
284.328666667
293.020333333
283.19
283.797333333
293.030666667
280.73
283.4345
292.872
280.73
282.847
292.938666667
279.94
282.428
292.836333333
277.51
282.7385
292.826
277.52
282.076333333
292.693
277.42
282.143666667
292.652
276.52
282.03
292.4675
276.32
282.157666667
292.474333333
276.24
282.104333333
292.337666667
275.78
282.1865
292.0865
278.33
282.088
291.988
278.49
282.125
291.775
277.64
283.091
291.891
279.49
282.818333333
291.568333333
279.46
283.474666667
291.574666667
282.48
284.0205
290.708
283.65
284.713666667
291.005333333
283.85
285.296333333
290.429666667
284.64
285.3195
289.757
284.47
286.088666667
289.213666667
284.5
286.298333333
288.573333333
284.64
284.4245
288.5245
284.51
285.328666667
287.687
284.15
284.149333333
287.441
284.38
284.3985
287.636
282.74
282.743
287.243
281.72
282.516
287.291
277.03
282.55
287.275
278.34
282.236
287.344333333
279.15
282.183
287.349666667
279.14
281.977
287.1895
278.88
281.975
287.25
279.35
281.82
287.145
279.34
281.808
287.6455
283.67
281.605333333
287.338666667
283.55
281.545666667
287.637333333
282.83
282.7885
288.026
283.5
282.294666667
288.294666667
285.18
283.103333333
288.653333333
285.19
284.0875
288.6125
287.03
284.837666667
289.104333333
287.07
285.763333333
289.196666667
287.2
284.961
288.936
287.38
286.462666667
289.146
287.36
286.236333333
289.003
286.52
286.003
288.7905
285.85
285.779
288.670666667
284.64
285.548
288.481333333
285.17
286.016
287.891
284.76
285.552
287.835333333
284.73
285.787
287.378666667
285.15
285.266
286.991
285.15
285.753
286.511333333
281.34
285.484
286.100666667
280.94
285.3525
285.9275
281.15
285.037666667
285.437666667
281.1
284.860333333
285.185333333
281.01
284.848
286.623
285.55
284.615666667
285.807333333
285.38
284.548333333
286.681666667
283.36
284.9035
288.4535
283.25
284.695333333
289.028666667
283.37
284.909666667
290.501333333
284.35
285.125
290.85
285.51
285.339
292.697333333
285.66
285.554
293.420666667
285.79
285.568
291.868
286.64
285.85
293.35
286.16
285.931
292.556
285.33
285.211
291.736
284.34
285.559
290.950666667
283.78
285.106
290.139333333
284.16
284.9475
289.535
283.77
284.396333333
288.654666667
284.13
284.139666667
287.981333333
281.36
283.543
287.2055
281.17
283.399666667
286.566333333
281.06
282.916333333
285.824666667
281.37
282.382
285.9195
280.96
281.915666667
284.899
280.12
281.398333333
284.715
279.72
281.211118011
286.081356101
279.65
280.46
286.68
281.31
280.463640231
287.275575393
281.560784831
280.84
289.0
283.2
281.487717697
290.83827562
283.282776019
282.27
292.86
285.17
284.14
296.32
285.84
284.333018385
297.09
286.100885657
285.59
297.087429752
287.34
286.966096191
297.621995617
287.341762516
288.48
298.16
287.35
287.782528737
295.63737635
286.926429163
289.39
297.16
284.85
287.810718945
295.188047124
284.243012539
285.78
292.89
282.36
285.152855914
291.842027162
282.347167004
284.39
290.68
282.29
283.72
289.68
281.11
283.718756728
289.55
280.953786542
283.61
289.535608917
280.32
283.393274207
288.29
280.954260437
283.94
288.287641223
283.64
283.887524466
286.479228666
283.056720291
283.83
287.22
279.73
283.778746922
287.415279912
280.138734642
283.72
287.62
282.0
283.241563805
288.502960396
281.970901753
283.93
289.07
281.85
284.137643172
290.695284474
281.968364217
284.37
292.36
282.83
284.78
295.3
283.14
284.811271596
295.450816609
283.017656934
285.03
296.23
283.99
285.240693642
296.416446645
283.976077378
285.48
296.61
283.91
285.178432526
294.241726043
283.896758545
286.37
294.85
283.83
286.059552076
293.051569696
283.491446786
285.65
290.89
284.15
285.485809104
289.948107394
284.187308611
285.28
288.88
284.35
284.825520821
287.95
283.622554402
285.15
287.944886364
280.72
285.27
286.95
280.73
285.261789851
286.786064278
280.689533991
285.14
286.42
280.51
285.205450048
285.684329897
281.075405283
285.28
284.92
280.84
285.28
284.08
281.352858128
285.28
284.126120198
283.48
284.61056338
286.761560099
283.636676754
285.15
286.99
284.32
285.433878574
290.055671277
284.233933279
285.76
293.28
285.49
287.59
296.08
286.14
287.635889688
297.15
285.739364092
288.05
297.1500319
286.32
288.269228628
297.524870017
286.210351731
288.53
297.93
285.66
287.669716609
295.688410197
285.550182724
287.82
296.03
285.0
287.42218099
294.157238621
284.755425701
286.91
291.96
285.16
286.513236994
291.386088337
285.11707758
286.03
290.75
284.93
285.842028571
290.49
281.15
285.65
290.44
281.107616351
285.9
290.421249482
280.93
285.735089109
288.492624741
281.018300264
286.15
290.28
281.4
285.979528825
290.354480322
282.039600364
285.79
290.43
281.78
285.59202079
290.11249235
282.175197405
285.37
289.79
283.85
285.918177212
289.882701965
283.944149909
286.03
289.65
284.35
286.969057343
290.462312859
284.928527446
288.02
291.29
285.69
289.81
292.55
286.03
289.864401287
292.581581374
285.864263158
290.26
292.75
286.02
290.054889503
292.422072582
286.02
289.82
292.08
286.02
288.897164384
292.016408451
285.801601689
289.04
291.82
284.68
288.442715251
291.828786365
284.257083454
287.6
291.84
284.56
286.995438497
291.95559351
284.47874112
286.28
292.08
284.13
286.186841699
291.95
283.485821727
285.93
291.942053523
281.03
285.983057941
291.670191781
281.339084507
286.04
291.35
280.07
286.360181154
290.87
280.234820625
286.71
290.871270517
280.93
287.276402711
290.991635258
281.362137931
288.38
290.95
283.34
288.273743802
290.945146328
283.051542966
288.15
290.94
284.04
287.917372881
291.111227279
284.297419355
287.65
291.29
285.37
287.506411463
291.94
285.566389195
288.28
291.938608552
286.37
287.851528732
292.811482759
285.841024351
287.38
291.5
286.34
286.751465976
291.190083208
286.28420553
286.02
290.86
286.01
286.369535589
291.101604787
285.71122449
285.4
289.57
284.18
285.342757948
289.305882763
283.808282183
285.27
289.0
284.17
285.160687634
288.760459803
284.280335456
285.03
288.5
284.75
285.096452153
287.86
284.204630549
284.93
287.85836726
282.15
285.9
287.71
281.14
285.881912184
287.536091507
280.96864414
284.78
287.65
280.14
284.328058649
287.611661017
280.101502733
283.79
287.57
279.58
283.55427387
287.516477839
279.871432526
283.28
287.46
281.18
282.924682108
287.252182997
281.068139653
282.71
287.6
280.5
283.15707024
288.086208997
280.58759227
283.93
288.84
281.82
284.160904446
288.943953643
281.919415904
284.72
289.15
282.33
284.220060948
290.02
282.429775281
284.26
290.022167527
282.84
285.070495627
289.991290503
282.641830329
286.02
290.44
282.83
285.447115304
290.168456037
282.795661059
284.71
289.85
282.63
284.05870682
289.353448425
282.65454892
283.78
288.49
282.77
283.79865577
288.197012109
281.993624319
283.82
287.89
282.34
283.36
287.48
279.13
283.376496487
287.36
279.42456717
283.48
287.308772616
278.14
283.107223808
286.920358306
278.06302443
282.7
286.48
277.74
282.597204082
285.829060312
277.626831697
282.02
286.73
277.12
282.024736018
286.06
277.840958449
282.03
286.088643208
279.49
281.919193615
287.043179755
279.769970009
281.8
288.01
280.98
282.337508388
290.266430855
281.129470158
282.4
292.5
281.99
283.7
294.87
282.15
283.688519824
294.864866544
282.260018548
284.03
295.15
282.83
283.9715501
295.310850821
282.50419797
283.9
295.49
282.16
283.620493286
293.854551062
281.948069487
283.29
292.09
280.98
282.226965819
290.402469632
280.633028189
281.94
290.69
279.13
281.466742075
290.258581996
278.511034954
280.94
289.82
279.76
280.77
289.28
274.92
280.774935662
288.75
275.13
280.8
288.35
275.3
280.16
288.254088854
275.275068493
280.16
288.01
275.17
280.496649957
287.808973139
275.133380282
279.87
288.44
274.97
279.823795014
288.488550825
275.00164
279.77
288.54
277.98
279.4872942
289.115087278
278.421593044
279.16
289.72
280.33
280.19615946
292.014914294
280.623175198
280.82
291.3
281.83
281.452822581
292.75736059
281.91652
282.15
294.22
283.33
282.514289655
294.835127533
283.33
282.92
295.46
283.33
282.428495702
294.006277117
282.81879562
283.37
294.73
280.34
282.292516519
293.250850316
279.410086228
280.95
291.58
277.94
279.784428993
291.233939394
277.90191757
278.4
290.86
277.73
276.62
289.89
276.89
276.618525151
289.851977848
276.421282051
276.27
289.08
274.33
276.177936886
288.593948789
274.358367288
275.14
288.95
274.51
275.652990941
289.15
274.437352225
276.27
289.138428768
275.57
276.119665475
289.450912106
275.948689242
275.93
289.8
277.92
275.477902814
290.68
278.063222268
276.03
290.702956893
278.63
276.339776921
292.79
278.390534653
276.67
292.800477612
280.31
280.03
294.65
280.98
280.204266979
294.778106717
280.343487013
281.59
295.5
281.82
282.323699613
295.924003866
281.908397031
283.15
296.36
282.32
282.421663938
295.150838384
282.150037863
283.38
295.36
281.32
282.835755699
294.82453817
280.574127843
282.16
294.22
281.35
281.805825243
293.75
281.311412034
281.4
293.749285816
281.15
281.03
293.55
281.12
281.021183866
293.6
280.823334264
280.52
293.600404858
279.56
279.921198638
293.89
279.523111912
280.82
293.89
279.37
280.868408617
293.89
279.167594107
280.92
293.873254864
279.13
280.924748809
294.05962811
279.425053446
280.93
294.23
280.74
280.394099237
293.814817099
280.724675468
281.37
294.65
280.66
281.605646728
294.9828
280.415449909
281.9
295.36
281.49
283.16
296.28
282.33
283.239795396
296.393574913
282.106359853
284.04
297.15
282.65
284.607305606
298.206892718
282.710555479
285.28
299.35
283.0
283.843782609
296.299751735
282.609950793
284.27
298.92
280.68
283.896404049
298.146715867
280.044542639
283.41
297.23
278.74
282.619752367
295.903351776
278.659180188
281.64
294.41
278.32
281.411228571
293.99
277.767332498
280.4
293.953557906
275.72
280.06439961
291.61
275.85
279.72
291.465942029
275.794962331
279.59
290.54
275.54
279.896767174
289.485644817
276.275483047
280.25
288.38
276.11
280.356351406
287.669537713
276.789770547
280.48
286.92
279.92
280.628804233
286.762580977
279.959654018
280.93
286.86
280.14
281.186857262
288.06514064
279.997220959
281.49
289.36
280.99
283.16
291.35
281.49
283.36130719
291.79
281.83
284.84
291.879545894
281.800680465
286.61
292.55
281.65
287.210796999
292.360025489
281.302638407
287.94
292.15
281.98
287.592741871
291.752224605
282.133299145
287.16
291.3
282.94
285.33466817
290.19243631
283.155852187
285.71
290.8
284.15
285.104348714
290.314407195
283.623384359
284.39
289.79
284.74
283.14
289.28
280.17
283.186462119
288.95
280.778738156
283.48
288.907771513
278.94
283.633958164
288.224618834
278.991333607
283.8
287.51
279.21
283.034899713
286.807646894
279.246160588
283.59
286.15
279.41
283.692151755
286.184123142
280.269281718
283.81
286.22
283.02
284.081035635
286.538797495
283.119830391
284.38
286.86
283.53
283.848020478
288.123944954
283.623889964
284.52
288.29
284.01
284.870771456
289.266495385
283.650402128
285.27
290.28
283.84
285.113445135
290.83104457
283.808327138
284.93
291.42
283.66
284.927134523
289.621959184
283.548745387
285.26
290.02
282.99
285.212271544
288.49827487
282.895111111
285.15
286.69
282.54
284.563673085
286.128427064
282.020588901
283.83
285.49
279.81
283.57265005
284.84
279.878547368
282.9
284.823917468
280.14
282.697770656
283.72
280.13
282.49
282.93
279.19
282.279775749
282.74457432
279.364964029
282.01
282.22
280.15
281.43895373
281.323359474
279.833885953
280.91
281.65
278.53
281.076334217
281.29
278.764513465
281.26
281.291511383
277.71
281.100743964
285.93
278.180973009
280.93
285.954849368
280.15
281.549420298
287.131924684
280.540754541
281.4
289.01
282.5
283.03
291.02
282.68
283.064562149
290.927632184
282.732369214
283.37
291.62
283.0
283.642989146
291.562133926
282.411694439
284.02
291.49
282.18
283.747236898
289.833932648
281.901650431
283.39
287.87
280.59
282.233914922
285.102266362
280.547475972
281.54
285.95
280.35
281.137267426
285.940384776
280.152865727
280.66
285.93
279.96
280.49
285.65
274.92
280.49
284.88
274.52
280.491549669
284.724607181
274.449505175
280.38
284.82
274.12
280.48232052
284.595427441
275.380470942
280.6
284.36
273.31
280.457744257
284.653500757
274.422286109
280.27
285.01
279.32
280.413786429
285.505713356
279.082414465
280.15
285.68
278.01
280.26027722
286.57675
278.490249084
280.39
287.54
279.52
280.861333333
290.02
282.56
281.4
290.060331579
282.516365753
282.15
290.99
282.88
282.031301494
291.491546406
283.042669039
281.9
292.0
283.79
281.799355874
289.774168219
283.320679934
281.65
291.23
280.96
281.758460691
289.580877338
280.232866499
281.9
287.62
277.91
281.392209661
286.21
277.617152827
280.78
286.207579563
276.35
278.07
285.68
276.51
278.056618201
285.44
277.15
277.37
285.48
275.12
276.872402985
285.761666153
275.110601966
276.95
285.08
275.07
277.091382863
284.974582711
274.843319109
277.26
284.86
274.59
277.051069953
284.999143713
274.650733254
276.8
285.15
274.92
276.630317262
287.385352201
275.050646722
276.82
286.86
275.79
277.147849768
289.373110814
276.12938961
277.6
292.44
277.99
280.14
295.94
280.15
280.252030361
296.024499763
279.945396127
281.58
296.65
280.66
282.350970834
296.635690033
280.69093673
283.28
296.62
280.84
282.559871934
295.921240688
280.785598113
282.93
295.92
280.5
282.752147112
295.187558204
280.105665894
282.49
294.22
282.16
282.301671719
293.832930092
282.231639158
282.04
293.35
282.57
281.541623154
293.518951304
281.882944523
282.38
293.15
279.12
282.632628069
293.02
279.510829787
282.91
293.023160109
281.15
282.386512333
293.360213664
280.737792761
281.78
293.72
278.75
281.607425197
293.654925684
278.557347447
281.14
293.86
277.73
281.080478237
294.033364745
278.034829891
281.01
294.22
278.67
280.723235832
295.193132649
278.877291352
280.39
296.22
279.74
280.958325021
297.061076923
280.227454392
281.26
299.84
282.34
282.508180272
299.820891467
282.208005988
284.02
299.8
282.51
284.137764498
299.819042192
282.396236886
284.28
299.84
281.84
283.309476669
295.446426059
281.508779206
282.93
297.08
279.82
282.334922759
295.701386479
278.971927625
281.5
293.95
277.81
280.739230769
292.941886983
277.594012575
279.72
291.72
276.65
279.484681319
288.72
276.631179658
278.72
288.691118625
276.56
277.38
286.22
276.8
277.37
285.53
276.56
277.403724222
285.252776656
276.70824022
277.52
284.46
277.35
278.073268734
282.568481279
277.41984912
277.38
282.35
277.74
277.60155012
281.754366534
277.720909017
277.88
281.07
279.51
278.317708969
283.052306013
279.699645548
278.88
285.36
280.51
279.859604155
287.546863476
280.637815932
280.92
289.22
281.17
281.694301676
290.244460271
280.6212
282.57
291.3
281.34
282.636190785
291.573879198
281.41819681
282.72
291.89
281.84
282.132976905
289.704346499
281.748679648
283.02
290.52
281.17
282.683455743
288.600144483
280.93056299
282.15
285.87
282.15
282.302829778
285.045941168
282.151809038
282.5
284.08
282.16
282.754197745
283.01
281.263917989
283.04
283.007913844
277.66
283.405875203
281.504091466
279.28652266
283.82
282.57
278.54
284.279032808
282.040681152
278.504914714
284.89
281.42
278.34
285.195707552
279.581955562
278.511756566
285.15
280.86
279.31
285.200366529
280.696276626
280.627638777
285.26
280.52
283.18
285.269333885
282.677878119
283.212938342
285.28
284.93
283.36
285.644404154
288.123992108
283.36
285.71
289.94
283.36
285.964017549
290.775121269
283.678686131
286.27
291.69
283.53
286.219557883
291.894784676
283.453810323
286.15
292.15
283.02
286.099660804
289.940590828
282.787037865
285.78
290.23
281.53
285.383809524
288.297521026
281.147140277
284.82
285.82
282.54
284.864917223
285.087162339
282.396896306
284.92
284.27
281.75
284.04
283.61
281.29
284.03842403
283.42
280.973289474
283.59
283.414552082
279.63
283.628949303
282.75
279.53
282.49
281.89
279.14
281.77
281.95
281.15
281.78997993
281.988270764
280.73306465
281.65
281.29
278.74
281.270005424
281.256356958
279.019088655
280.82
281.22
279.0
280.51647142
283.198728095
279.033841087
280.15
285.36
279.18
280.815934526
287.876267943
279.374304727
280.02
288.84
280.17
280.81
290.35
280.12
280.82
290.15
280.51
280.759865067
290.089379947
280.489945063
280.4
289.8
280.34
280.691156069
288.940265087
280.208476991
280.4
288.42
279.5
280.231077698
287.974263521
279.286229508
280.03
287.49
279.95
279.935566211
287.173853961
279.914960508
279.82
286.82
279.74
279.626887914
285.727620786
279.334381862
279.4
286.15
277.54
279.289461342
286.089157192
277.778314961
279.15
286.02
277.12
278.998335745
285.69
277.05
278.83
285.69
276.72
278.142817541
285.69
276.73
277.65
285.69
276.69
276.9
285.72
278.94
277.108509666
285.75
278.95
277.04
286.43
276.45
276.327051882
286.746881337
277.003163265
276.47
287.44
278.68
277.77
289.15
279.69
277.887490566
289.56
279.534744664
278.81
289.547574586
280.52
279.661190542
289.589937974
280.488485099
280.6
289.62
280.34
280.41717825
288.266145848
279.910949181
281.53
288.73
277.83
280.373851862
287.353208767
277.597874539
279.06
285.93
278.12
278.011913521
286.024944578
277.9951535
276.48
286.15
276.62
276.009650026
286.802943111
276.600802661
275.93
286.22
276.35
275.985020222
286.302467927
275.921410983
276.14
286.48
276.15
275.646814826
287.55
273.36
275.05
288.15
273.75
275.26
288.35
272.77
275.210729504
288.77
273.012085691
274.89
288.773566385
274.01
275.281894573
289.331783193
274.442177248
274.16
289.51
276.49
274.848770164
289.978625017
276.370469314
275.71
290.51
276.46
277.12848249
290.721389474
276.467140183
278.93
290.96
276.480070091
279.545214349
291.341575904
276.889318684
279.621649649
291.795128174
277.2
280.374716575
292.191533565
277.241149121
280.59
292.89
277.195308014
280.55415057
293.178542074
277.19
280.37
294.37
279.76
280.314237624
294.199749644
279.54358161
280.26
295.09
278.33
280.44731756
295.315044814
278.492123969
280.72
295.61
278.23
280.74
295.43
278.34
280.779111058
295.469078253
278.793682508
281.59
295.87
278.55
282.152404742
294.12596048
278.711924686
282.82
292.24
279.41
284.344589301
290.888553729
279.370763607
283.69
285.23
279.2
284.391152411
285.073834432
279.43835169
285.26
284.9
279.59
285.325644262
285.02
279.65
285.4
285.35
280.46
285.523719791
285.34123648
280.647906977
286.15
286.69
281.47
286.15
287.97931107
282.033933614
286.15
289.44
284.09
286.096801204
289.647866246
283.406064886
286.02
289.92
279.36
286.003993829
288.191057632
279.560863199
285.78
289.77
280.69
284.711328583
288.533265022
280.331998302
283.11
286.87
