293.89
294.5
302.39
293.29
293.59
300.21
292.62
292.07
298.83
290.74
290.66
297.9
289.93
289.31
297.16
289.3
288.69
296.54
288.64
288.29
296.19
288.14
287.25
295.93
288.04
286.64
295.96
287.25
286.28
295.86
288.36
286.34
296.11
287.31
285.9
296.11
286.97
286.15
296.23
286.86
286.03
296.85
285.97
286.1
298.2
287.04
286.87
299.33
287.89
287.74
299.84
288.74
287.89
300.82
290.03
289.36
301.89
291.44
290.64
303.11
291.64
291.91
303.18
292.64
293.07
301.06
293.1
293.57
299.41
293.84
294.23
299.14
294.26
294.56
299.16
294.04
293.79
298.85
293.64
293.26
298.75
291.93
291.69
298.7
289.92
289.99
298.84
288.36
288.67
298.47
287.38
287.81
298.37
286.68
286.01
298.26
286.16
285.79
298.25
285.78
285.43
298.24
285.58
283.97
298.28
285.2
283.26
298.14
284.59
283.01
297.99
284.45
282.9
298.53
284.43
283.61
299.76
285.84
286.72
301.18
288.68
288.61
302.61
291.37
290.93
304.09
292.82
292.42
304.78
293.57
294.06
305.8
294.45
295.66
306.29
295.55
296.81
306.72
295.75
297.47
306.68
296.26
298.04
306.37
296.74
298.15
305.32
296.68
297.63
303.74
296.72
297.1
302.64
295.15
294.41
301.61
292.81
292.25
301.05
291.14
291.13
300.56
290.54
290.56
300.26
289.71
288.56
299.74
289.04
287.92
299.08
288.66
287.62
298.34
288.87
286.59
297.61
288.64
286.07
297.03
288.24
285.61
296.44
287.55
285.4
297.48
286.78
285.77
298.88
289.51
288.71
300.52
291.0
291.28
302.4
293.0
293.68
304.17
295.58
295.59
305.46
296.57
297.27
306.21
297.85
298.44
306.81
298.8
299.81
306.96
299.45
300.013888889
306.855213539
300.01
300.77
306.51
300.61
301.08
305.05
300.12
300.89
303.3
300.33
299.73
302.15
298.8
297.4
301.32
295.35
295.98
301.06
293.73
294.41
300.31
292.46
292.87
299.96
291.19
290.98
299.26
290.88
290.52
298.76
291.05
289.4
298.29
289.82
288.82
297.55
289.8
288.09
297.27
289.74
287.48
296.67
289.31
287.32
297.85
288.35
288.0
300.1
289.39
291.35
302.08
292.67
294.11
304.04
295.28
296.69
305.23
297.72
298.15
306.14
298.61
299.85
306.89
300.05
301.41
307.7
301.11
302.39
307.99
301.77
303.26
307.77
302.4
303.77
307.09
302.72
304.13
305.87
302.57
303.54
304.0
301.76
302.43
302.62
300.18
299.67
301.3
296.97
297.56
300.78
294.6
295.7
300.04
294.2
294.5
299.61
293.51
292.72
298.91
292.46
291.93
298.48
292.06
290.5
298.1
291.75
289.75
297.73
291.54
289.35
297.38
291.19
288.81
296.85
290.47
288.12
297.89
288.0
288.77
299.45
289.19
292.26
301.06
292.37
294.85
302.67
295.53
296.75
303.74
297.6
298.37
303.63
299.2
300.64
302.35
299.82
302.3
303.39
300.44
303.89
303.5
301.29
304.75
303.61
301.47
305.38
302.96
301.74
305.2
300.98
301.36
304.86
299.7
300.73
303.61
299.14
299.01
301.24
298.3
296.67
298.74
298.09
295.55
296.61
297.55
294.01
294.87
296.97
293.17
293.82
296.68
291.92
293.47
296.41
291.35
292.65
296.07
290.76
292.74
295.74
290.64
291.89
295.43
291.14
290.25
295.15
291.07
289.35
296.19
290.52
289.15
298.15
290.43
289.61
300.05
292.12
290.1
301.91
293.33
291.11
303.17
293.74
291.61
304.43
293.06
292.68
305.18
293.57
293.18
305.72
294.89
294.24
306.01
295.48
294.7
306.09
295.09
294.43
305.46
294.56
294.1
304.38
294.31
293.27
302.43
293.55
291.45
301.17
292.83
289.81
300.43
291.48
288.74
299.81
290.71
288.09
299.47
289.62
287.79
298.7
289.56
287.28
298.36
288.91
287.15
297.75
288.64
287.14
296.99
288.41
287.08
296.48
288.47
286.79
296.13
288.5
286.37
295.77
288.58
286.48
296.94
287.67
286.72
299.27
287.98
287.56
301.04
288.76
288.36
302.58
289.13
289.45
303.6
289.59
290.19
304.37
290.67
290.53
305.02
291.85
292.56
305.39
291.81
293.21
305.58
290.58
293.92
305.41
290.13
293.27
304.75
289.76
292.9
303.72
289.74
292.79
302.13
289.11
292.04
300.82
288.77
290.48
299.74
288.65
289.19
298.75
288.49
288.41
298.14
288.48
287.08
297.56
287.98
286.32
296.96
287.69
285.43
296.44
287.48
285.53
296.2
287.06
285.22
295.91
286.83
284.48
295.73
286.53
284.48
295.76
286.69
284.34
296.73
286.22
284.74
298.61
285.91
286.18
301.1
286.65
288.16
302.92
288.63
290.57
304.01
291.51
292.3
304.61
293.34
294.51
305.16
293.95
295.51
302.34
294.99
297.42
300.68
295.55
298.78
300.99
295.94
299.14
301.12
295.88
299.45
301.21
295.09
299.06
300.34
294.07
296.26
299.53
293.47
293.37
299.1
292.25
290.89
298.36
291.11
289.18
298.11
290.75
288.17
297.8
289.76
287.74
297.37
289.1
286.61
296.71
288.55
286.89
296.37
288.61
287.45
296.25
288.31
287.07
296.26
288.16
287.31
296.36
287.7
287.56
297.51
287.14
287.88
299.62
286.77
288.1
301.47
288.45
288.94
303.32
290.39
289.87
304.52
291.4
290.48
305.38
291.61
291.35
305.33
292.79
292.26
304.59
293.36
292.69
305.3
293.9
292.97
305.62
293.84
293.25
304.87
293.09
293.65
304.08
293.16
294.01
302.51
292.57
293.12
301.15
291.59
291.59
300.61
290.74
290.4
299.97
289.86
289.04
299.16
290.21
288.4
298.72
289.93
287.34
298.45
289.32
286.92
297.92
288.98
286.86
297.37
288.8
287.0
297.12
289.16
287.3
296.99
289.66
287.06
296.93
288.56
287.29
297.8
288.24
287.7
300.12
288.29
288.32
302.42
288.31
289.28
304.21
288.53
290.23
305.06
288.89
289.93
305.9
290.3
290.1
306.54
290.28
290.22
306.97
290.52
290.89
307.34
290.57
291.7
307.35
290.64
292.87
306.7
290.68
292.44
305.69
290.63
291.6
303.93
290.38
290.77
302.4
290.25
290.28
301.37
289.49
289.84
300.36
288.82
289.29
299.6
288.64
288.76
298.77
288.41
288.31
298.26
287.87
287.84
297.93
287.79
287.93
297.56
287.71
288.09
296.97
287.61
287.89
296.76
287.26
287.27
296.67
286.86
286.37
297.55
285.7
286.42
299.0
286.09
287.41
300.27
287.53
287.89
301.03
289.56
288.97
301.08
289.18389629
288.865612235
301.041130957
287.862
288.862
303.845333333
287.852
288.502
302.318666667
289.815078154
290.48
304.64
290.57
290.36
302.65
290.32
290.06
299.15
290.15
289.59
298.41
290.04
288.9
297.89
288.34
288.58
297.37
287.59
287.6
296.94
286.99
287.59
296.58
286.99
287.09
296.44
286.61
286.88
296.01
286.4
286.87
295.7
286.58
286.83
295.61
286.47
286.48
295.53
286.02
286.36
295.44
285.97
286.19
295.25
285.79
286.01
295.43
285.79
285.81
295.85
285.43
286.24
296.88
285.56
286.61
298.73
285.96
287.13
300.41
286.43
287.56
301.85
287.39
287.95
302.36
287.85
289.51
302.91
288.68
291.38
303.24
289.82
292.23
303.38
290.16
292.65
303.4
290.53
291.31
302.93
290.9
290.69
301.81
289.46
290.11
300.58
289.22
290.08
299.7
288.34
288.73
298.85
287.48
287.88
298.2
286.95
286.67
297.64
286.59
286.14
297.22
286.42
285.96
296.6
286.2
286.28
296.0
286.08
285.93
295.45
285.81
285.97
295.03
285.58
285.82
294.55
285.49
285.28
294.31
285.38
285.26
295.16
285.47
285.16
296.74
285.45
285.54
298.62
285.93
286.57
300.34
286.43
287.57
301.66
287.62
288.47
302.61
288.42
289.37
303.65
289.26
290.64
303.96
289.74
290.89
304.36
290.71
291.38
304.61
290.95
291.99
303.88
290.61
292.06
302.51
290.78
291.88
300.71
290.06
290.87
299.58
288.78
289.32
298.75
286.83
287.69
298.11
285.94
286.85
297.38
285.56
285.66
296.64
285.1
285.44
295.98
284.89
284.34
295.34
284.49
283.14
295.08
284.35
283.11
294.67
283.3
283.29
294.43
283.4
283.22
294.43
282.96
283.18
295.64
282.36
283.66
297.84
282.78
284.14
300.23
284.63
284.6
301.73
287.61
286.24
303.49
289.42
287.32
304.31
290.37
288.64
304.97
291.17
290.57
305.59
292.08
291.68
305.96
292.5
292.27
305.98
292.93
292.69
305.48
292.81
292.71
304.59
292.96
292.6
302.93
291.94
291.8
301.95
290.67
289.74
301.31
288.66
288.37
300.84
287.38
287.45
300.16
286.75
285.79
299.6
286.62
285.65
298.84
286.02
285.08
298.33
285.27
284.63
298.12
285.06
285.09
297.78
285.15
284.65
297.26
285.36
284.98
297.13
285.31
285.21
297.91
285.04
285.55
299.5
285.13
285.83
301.13
285.8
286.65
302.88
286.48
287.29
304.22
286.79
288.24
305.17
287.22
289.25
305.9
287.83
289.64
306.03
288.13
290.61
306.14
288.34
290.61
306.22
288.37
290.64
305.87
288.46
290.46
305.14
288.36
290.26
303.5
288.11
289.55
302.35
287.63
288.96
301.15
287.07
288.26
300.0
286.65
287.49
299.06
285.99
287.01
298.4
285.9
286.48
298.07
285.92
286.03
297.78
285.97
286.03
297.98
285.86
285.94
297.86
285.86
285.81
297.64
286.32
285.8
297.72
285.75
285.85
298.39
285.47
285.84
299.67
285.22
285.97
300.85
285.56
286.45
302.03
286.66
287.11
303.54
287.32
288.26
304.94
288.55
289.15
306.01
289.08
290.02
306.45
289.99
290.55
306.8
290.51
290.88
306.75
290.5
290.94
305.98
290.97
291.15
304.96
290.73
290.82
303.46
290.34
290.23
302.61
288.5
289.52
301.99
287.99
289.32
301.39
286.82
289.35
300.89
286.5
288.69
300.25
286.43
288.77
299.92
286.39
288.22
299.66
286.33
287.88
299.0
286.76
287.59
298.75
286.7
287.53
298.39
286.66
286.96
298.31
286.6
287.02
299.15
286.63
286.95
300.34
286.88
287.05
301.38
287.3
287.13
303.06
288.02
287.75
304.45
288.59
288.95
305.71
289.11
289.9
306.72
289.43
289.94
307.31
289.45
291.32
307.26
289.09
291.21
307.32
288.02
290.79
306.79
287.64
290.19
305.95
287.39
289.84
304.77
287.19
289.48
303.49
286.86
289.11
302.59
286.93
288.67
302.0
286.42
288.33
301.27
286.48
288.05
300.92
286.51
287.69
300.51
286.19
287.83
300.02
286.34
287.59
299.64
286.35
287.89
299.24
286.13
287.85
298.98
285.84
288.11
298.48
285.61
287.93
299.02
285.48
287.19
300.0
285.91
287.05
302.5
286.5
287.53
303.0
287.9
287.92
304.79
290.33
288.41
306.4
290.14
288.68
307.83
291.05
289.78
307.81
292.56
291.76
307.95
292.78
292.31
307.93
292.94
292.43
307.21
293.24
292.75
306.17
292.91
292.69
304.82
292.06
291.95
303.34
290.96
289.69
302.35
288.52
289.14
301.54
286.83
288.11
301.01
285.72
287.45
300.33
285.37
286.18
300.07
284.63
285.06
299.61
284.57
284.13
299.15
283.64
283.33
298.6
283.4
282.57
298.14
283.16
282.59
297.73
283.17
282.11
298.29
282.22
282.23
299.87
282.78
284.03
301.86
284.96
286.12
303.85
287.48
287.79
305.33
288.73
289.83
306.49
289.83
291.64
307.23
290.84
292.78
307.53
291.23
294.13
307.76
292.61
295.12
307.42
293.76
295.48
306.73
294.32
295.92
305.47
293.96
295.61
303.76
292.76
293.71
302.94
291.19
291.54
301.96
289.07
289.57
301.24
288.13
287.89
300.4
287.39
286.54
299.88
287.71
285.61
299.35
287.62
284.95
298.79
288.38
284.62
296.51
288.22
284.29
293.79
288.34
283.58
293.58
288.37
283.42
293.54
287.98
283.01
293.87
287.4
283.18
293.97
287.25
285.76
294.47
288.67
286.39
295.36
289.81
290.86
296.9
291.5
292.53
298.59
292.57
294.46
300.32
293.28
295.57
300.91
293.6
296.46
301.08
294.66
296.85
301.05
294.46
297.15
300.58
293.75
296.23
299.69
292.97
295.06
297.73
291.63
292.87
296.54
290.83
291.07
295.4
289.97
289.83
294.25
289.46
289.03
293.45
289.21
288.99
292.98
288.75
288.21
292.0
288.46
287.61
291.47
287.92
287.09
290.62
287.79
286.09
290.13
287.25
285.6
289.72
287.06
285.6
289.66
286.36
285.67
290.69
285.72
285.45
293.81
285.2
286.09
296.97
286.38
287.02
299.21
288.41
287.76
300.38
289.84
288.47
301.5
290.94
289.65
302.31
292.11
290.47
303.13
292.51
292.02
303.57
292.96
292.26
303.57
293.12
292.82
303.24
293.38
292.85
302.24
293.27
292.5
298.97
292.35
290.66
297.33
290.76
288.6
296.68
288.69
287.72
295.82
286.6
287.66
295.22
285.88
285.98
294.63
286.92
284.68
294.09
284.73
283.81
293.41
285.85
283.66
293.18
285.38
283.24
292.63
285.27
282.73
292.3
285.07
282.42
292.08
285.58
281.81
293.77
283.45
282.18
296.76
282.37
284.68
299.75
285.58
287.24
301.55
289.35
289.16
302.89
291.62
290.88
304.03
293.34
292.38
304.95
294.57
294.01
305.33
295.16
294.87
305.68
295.4
295.42
305.38
295.22
295.63
304.92
295.2
295.44
303.55
294.86
294.56
301.29
294.23
292.58
300.14
292.28
291.24
299.43
289.77
290.23
298.79
287.58
289.59
298.39
286.09
287.53
298.03
285.73
286.33
297.5
284.98
286.26
297.26
284.96
284.7
296.71
283.41
283.83
296.22
282.99
283.28
295.96
282.79
282.34
295.74
282.55
281.81
296.56
281.47
281.75
298.9
282.16
282.69
299.84
285.12
285.53
301.67
288.51
288.39
303.06
291.52
290.82
304.11
293.02
292.91
305.14
294.02
294.4
305.68
294.78
295.21
305.78
295.28
296.24
305.64
295.47
296.64
304.93
295.65
296.49
304.16
295.51
295.98
303.26
294.62
294.69
301.77
292.18
292.35
300.65
288.74
289.83
300.29
286.79
288.81
299.92
286.19
286.92
299.57
285.79
285.85
298.98
285.59
284.68
298.42
284.99
283.99
298.13
284.48
283.84
297.8
284.27
282.96
297.59
283.72
282.62
297.03
283.42
282.17
297.3
282.26
282.07
299.38
282.52
283.27
301.33
285.04
285.28
303.05
288.62
288.81
304.21
291.31
291.48
304.58
292.8
293.85
304.79
294.49
296.13
304.73
294.34
297.71
304.21
295.37
297.6
303.18
295.34
298.4
302.43
295.07
298.01
301.14
294.61
296.99
299.24
293.52
294.82
298.96
291.56
292.15
298.57
289.77
291.31
298.16
288.32
287.72
297.64
287.61
286.57
297.26
286.71
285.61
297.16
286.6
285.24
297.13
285.91
283.88
296.72
285.62
283.21
296.49
284.72
282.89
295.76
284.7
282.63
295.69
284.42
282.7
296.52
283.65
282.77
298.26
283.79
284.17
301.9
285.58
284.47
303.03
288.31
285.95
304.29
290.61
286.93
305.38
292.02
289.74
306.05
292.72
291.17
306.45
293.15
293.3
307.02
293.72
294.4
306.56
293.7
294.58
305.77
294.11
294.69
303.43
293.86
294.14
301.49
292.57
293.19
301.09
290.49
289.69
300.0
289.19
289.32
299.66
287.94
287.18
299.07
286.85
286.89
298.7
286.4
285.4
298.12
287.13
285.06
297.85
287.27
284.4
297.47
285.88
283.66
296.98
285.7
283.36
296.87
285.66
283.17
297.05
286.42
283.03
297.4
285.72
283.57
298.17
286.24
285.15
299.24
287.84
286.3
302.19
289.34
287.65
303.46
290.97
288.34
304.88
291.99
291.88
306.37
292.84
292.76
306.63
292.76
295.43
307.18
292.18
295.8
306.71
292.0
296.42
306.45
291.58
295.32
304.72
290.96
293.73
302.47
290.15
292.21
301.51
289.73
290.69
300.14
288.33
290.42
299.77
288.14
289.47
299.01
287.67
288.51
298.71
287.49
288.35
298.56
287.36
288.13
298.34
286.99
287.83
298.01
286.25
287.9
297.24
285.92
287.69
297.07
285.75
287.22
296.57
285.63
287.03
296.83
286.04
286.75
298.71
286.2
286.95
301.52
286.0
287.1
302.74
286.4
287.85
304.94
286.8
288.47
305.75
287.22
289.7
306.63
287.73
290.45
307.26
287.64
290.64
307.8
288.1
290.96
307.87
288.69
291.39
307.17
289.67
290.77
305.84
290.55
290.07
303.12
290.1
288.8
302.02
288.65
287.79
300.48
287.66
287.74
300.17
287.17
287.49
299.54
286.8
287.5
299.07
286.42
287.25
298.79
285.98
287.11
298.44
285.65
287.07
298.59
285.26
286.27
298.51
285.3
286.04
297.45
284.86
285.53
294.99
284.83
285.27
294.84
284.07
285.13
296.09
284.62
284.98
296.87
287.23
285.228464281
297.237793713
288.75
287.185732141
298.640396857
290.67
287.63
303.78
291.12
288.45
305.55
291.36
289.77
306.68
291.55
290.55
307.63
292.07
291.49
308.19
291.78
292.45
307.88
290.91
292.86
307.32
290.54
292.7
305.06
288.48
291.8
303.04
287.5
290.39
301.89
287.28
289.17
301.34
286.68
288.44
300.8
286.15
287.59
300.39
285.93
287.28
299.83
285.98
287.06
299.33
285.61
286.46
298.63
285.69
286.28
298.52
285.6
286.22
297.97
285.48
286.17
297.71
286.52
285.79
298.2
286.37
285.68
300.34
286.49
285.59
302.91
285.65
286.33
305.61
287.07
287.33
307.24
286.47
287.55
308.75
287.91
288.36
309.8
289.62
289.44
310.1
290.02
290.93
310.29
289.07
292.4
310.58
288.04
291.65
309.04
288.13
290.84
307.6
287.1
290.23
305.63
286.18
288.66
304.19
285.65
287.38
303.34
286.9
286.35
302.82
286.39
285.3
302.34
284.43
284.78
301.24
284.29
284.29
300.62
283.99
283.84
299.83
283.88
283.22
299.09
283.89
282.71
298.65
283.86
282.46
298.06
283.77
281.76
297.71
283.53
281.27
297.89
283.59
282.290393905
300.307272727
285.68
281.96
303.37
286.49
284.51
305.42
287.91
285.93
307.33
289.57
288.11
308.48
290.6
286.89
309.05
291.69
289.46
309.6
292.26
290.18
309.63
292.74
290.76
309.65
292.19
290.93
308.81
291.56
291.24
307.59
291.51
290.84
305.73
289.69
289.11
304.37
287.36
287.6
303.41
286.03
286.57
302.6
284.74
285.74
301.91
285.53
285.49
301.11
283.48
284.86
300.22
284.66
283.99
299.52
284.38
283.24
298.63
284.35
282.56
297.87
283.96
282.17
296.99
283.8
281.92
296.7
283.4
281.31
296.04
283.0
280.91
296.78
283.18
280.84
299.19
284.38
280.877292079
301.52
288.446
281.65
305.096
288.446
289.196
305.096
290.562
291.612
305.096
292.125
294.375
307.63
