297.23
295.18
304.13
295.68
292.29
303.56
294.28
291.38
302.54
292.63
290.04
301.47
292.04
289.57
300.86
292.23
289.2
300.42
291.79
289.4
299.82
291.58
289.32
299.45
290.87
289.35
299.08
290.06
288.68
299.21
289.96
288.06
300.94
288.71
287.83
303.13
289.24
287.93
305.38
290.95
288.7
306.9
291.97
289.62
308.12
292.7
290.26
309.13
294.01
291.05
309.69
294.14
291.81
310.09
294.72
292.19
310.67
295.9
292.15
310.74
295.92
292.46
310.26
295.56
292.41
309.27
295.3
291.96
307.67
294.57
291.43
305.7
293.6
290.77
304.32
292.62
289.94
303.63
291.55
289.38
302.74
290.65
288.73
302.11
289.38
288.16
301.49
288.95
287.6
301.13
288.71
287.68
300.51
288.63
287.66
300.28
288.56
287.58
300.15
288.06
287.53
300.08
288.06
287.64
301.45
287.98
287.74
303.5
288.43
288.28
305.44
289.96
288.89
307.16
291.2
289.88
308.45
291.91
290.9
309.24
292.8
291.85
310.02
293.45
292.18
310.24
294.27
293.19
310.5
294.38
293.98
310.6
294.82
294.62
310.17
294.94
294.56
309.15
294.74
294.36
307.51
294.99
293.59
306.16
294.23
292.14
305.33
293.32
290.34
304.1
291.43
289.36
303.42
290.09
288.49
302.46
289.29
287.63
301.37
288.45
287.13
301.08
288.19
286.33
300.33
287.79
286.09
299.99
287.19
285.28
299.68
286.96
284.93
299.39
286.86
284.63
301.43
287.03
286.58
303.08
288.77
288.6
305.1
290.22
290.7
306.54
291.79
292.18
308.04
293.78
293.84
308.89
294.88
295.18
309.57
295.34
296.26
310.19
296.57
297.37
310.48
297.22
298.26
310.57
297.74
298.87
310.27
297.82
299.07
309.26
297.85
299.02
307.98
297.56
297.24
306.15
296.77
295.6
305.08
295.99
293.35
304.26
293.56
291.62
303.3
292.52
290.75
302.41
291.81
289.94
301.86
290.74
289.07
301.01
289.73
287.61
300.51
289.89
287.35
299.99
289.48
286.38
299.27
289.36
286.1
299.48
289.26
286.17
300.53
289.43
288.46
301.66
290.42
290.53
303.38
291.7
292.8
304.62
293.19
294.7
306.18
294.95
296.36
308.14
295.99
297.83
309.43
296.7
299.03
309.77
297.1
299.97
308.77
297.93
300.52
305.46
298.76
300.85
304.04
298.93
300.95
302.8
298.81
299.94
302.35
298.43
299.19
301.22
297.49
296.46
300.49
296.11
293.44
299.78
294.23
291.55
299.41
293.46
290.27
299.05
292.75
289.23
298.32
291.79
288.12
298.04
290.19
287.99
297.69
290.28
287.7
297.36
289.78
287.31
297.26
289.53
287.33
297.3
288.68
287.46
299.13
288.21
287.65
301.48
288.77
288.05
303.51
291.15
288.62
304.91
292.54
289.52
306.12
293.67
290.37
306.94
294.47
291.79
307.72
295.5
293.16
308.11
295.88
294.52
308.23
296.44
295.97
307.25
296.86
296.66
306.04
297.21
297.67
304.34
297.13
297.75
302.96
297.02
297.26
301.83
296.01
295.95
301.33
294.72
293.05
300.82
293.41
291.59
300.51
292.12
289.91
300.08
291.34
288.46
299.71
290.66
287.7
299.26
290.36
287.11
298.87
289.79
286.55
298.8
289.37
286.26
298.71
287.97
285.53
298.86
287.78
285.44
300.27
287.97
286.25
301.88
289.61
287.71
303.92
291.89
289.57
305.49
293.38
292.07
306.41
295.09
294.32
307.13
295.74
295.73
306.68
297.14
297.07
304.91
298.27
298.52
303.0
298.48
299.35
301.75
299.08
299.88
301.81
299.3
300.41
302.17
299.48
300.48
302.03
299.26
299.75
301.44
298.35
298.19
301.24
296.75
295.61
300.54
294.95
293.89
299.89
293.43
292.7
299.43
293.17
291.38
298.93
292.41
290.61
298.65
291.96
289.77
298.54
291.24
288.9
298.45
290.88
287.72
298.32
290.75
286.97
298.43
290.04
287.12
299.17
289.59
288.72
300.24
291.2
290.49
301.73
293.22
293.22
303.75
295.08
295.01
305.65
295.97
296.73
306.98
297.03
298.22
307.86
297.85
299.23
308.46
298.99
300.63
309.02
299.81
301.14
308.23
299.3
301.88
306.15
299.77
302.1
304.51
299.95
301.89
301.85
300.05
301.2
300.62
298.93
299.14
300.11
296.69
296.95
299.68
294.69
294.77
299.31
293.66
293.53
298.97
293.18
292.45
298.77
292.76
291.45
298.74
292.48
290.35
298.47
292.3
289.38
298.04
291.24
288.8
297.75
290.79
287.75
297.76
290.32
287.79
298.85
289.9
289.84
300.31
291.12
292.63
302.16
293.49
294.52
303.82
295.35
296.67
304.7
296.57
298.13
305.53
297.45
299.37
306.21
298.02
300.5
307.08
299.08
301.49
307.39
299.34
302.2
307.39
299.72
302.48
307.23
299.89
302.82
306.94
299.63
302.59
305.65
299.43
301.32
303.63
297.63
298.81
302.89
296.38
296.05
302.03
293.49
293.55
301.34
292.66
292.54
300.95
292.16
290.87
300.57
291.66
289.78
300.3
290.85
288.31
299.84
290.76
287.71
299.56
290.13
287.07
299.15
289.79
286.94
299.28
289.82
286.61
300.38
289.21
287.0
302.3
289.39
287.93
304.14
290.64
288.85
305.78
292.02
289.91
307.3
292.99
291.32
308.32
293.6
292.33
308.93
294.51
293.22
309.52
295.25
295.34
309.88
295.81
296.0
309.9
296.24
296.68
309.47
296.18
296.56
308.54
295.75
296.02
307.0
295.54
295.06
305.46
294.65
292.97
304.3
293.64
290.94
303.52
291.43
289.13
303.02
290.34
287.62
302.26
289.31
286.99
301.59
289.04
286.44
301.16
288.47
286.47
300.63
288.37
286.42
300.12
288.73
286.71
299.63
288.41
286.93
299.61
288.36
286.95
300.88
287.09
287.54
302.17
287.77
287.84
304.01
289.55
288.58
305.77
290.48
289.35
307.02
291.1
289.94
308.21
291.49
291.42
309.12
292.97
292.38
309.71
293.41
293.26
309.97
294.18
293.9
309.85
294.77
294.64
309.53
295.22
294.87
308.33
295.14
294.8
306.96
294.93
294.46
305.69
294.06
293.09
304.5
292.67
290.87
303.85
290.74
288.9
302.87
289.29
287.85
302.55
289.06
286.71
301.74
288.62
285.87
301.19
287.89
284.98
300.62
287.7
284.88
299.91
287.5
284.47
299.28
287.11
284.7
298.79
286.67
284.27
299.85
285.87
284.81
301.15
287.89
285.19
303.26
289.73
285.66
305.1
291.81
286.29
306.67
292.95
287.74
308.0
294.09
290.17
309.38
294.95
292.68
310.15
295.72
294.02
310.64
296.71
295.61
310.77
297.26
296.63
310.18
296.91
296.56
309.02
296.35
296.05
307.26
295.87
294.5
305.38
295.51
292.6
304.14
294.02
290.65
303.43
291.8
288.47
302.73
290.64
287.82
301.95
289.85
287.11
301.39
289.05
286.74
300.79
288.62
286.41
300.22
288.36
286.42
299.48
287.96
286.63
298.86
287.97
286.87
297.97
287.89
286.67
299.44
287.74
286.69
301.52
287.45
287.27
303.77
287.72
288.0
305.59
288.15
288.82
307.19
287.96
290.11
308.39
288.41
290.88
309.47
289.12
291.68
310.57
289.35
291.58
310.67
289.8
292.41
310.94
290.31
292.84
310.56
290.65
292.56
309.5
290.65
292.05
307.48
290.59
291.27
305.22
289.77
290.16
303.95
289.24
289.85
303.54
288.9
288.73
302.46
288.84
287.93
301.61
288.36
287.85
301.01
288.31
287.35
300.49
288.4
287.15
300.4
288.34
287.58
300.07
288.19
287.38
299.4
287.93
287.19
299.14
287.57
287.1
300.99
287.5
287.25
303.35
287.59
287.76
305.31
288.22
287.98
307.28
288.91
289.07
308.69
289.57
290.07
309.71
290.01
291.44
310.46
290.8
292.27
311.11
292.89
293.5
311.38
293.4
293.45
311.43
293.36
293.68
310.95
293.5
294.46
309.74
294.32
294.17
307.88
294.07
293.63
306.21
292.74
291.7
305.29
290.85
289.55
304.51
289.49
288.46
303.57
289.35
288.01
303.13
288.87
287.54
302.68
288.56
286.95
301.79
288.36
286.24
301.39
288.12
285.41
300.31
288.06
285.06
299.85
287.82
284.83
299.9
287.63
284.75
301.49
286.66
287.02
303.57
289.19
288.46
305.72
290.86
289.95
307.01
292.54
291.56
308.33
294.5
294.3
309.28
295.06
295.4
310.23
295.83
296.85
310.78
296.38
297.42
311.32
296.93
297.48
311.3
297.33
297.78
310.7
297.03
297.58
309.63
297.21
297.55
307.98
296.64
296.47
306.37
295.38
294.35
305.21
293.78
292.65
304.37
291.43
290.84
303.61
290.61
289.82
303.01
290.21
288.7
302.14
289.86
287.84
301.98
289.59
287.01
301.22
289.39
286.17
300.67
288.86
285.69
300.23
288.4
285.43
299.59
288.34
285.21
301.04
287.37
287.44
302.79
288.56
287.78
305.42
290.94
288.8
307.02
291.61
290.28
308.58
292.71
292.02
309.5
294.14
294.68
310.35
294.41
295.33
310.81
295.03
295.49
311.24
295.47
295.96
311.42
296.09
295.89
310.94
295.97
294.55
309.7
295.36
294.41
307.8
295.03
291.84
306.29
293.21
290.07
305.4
291.8
288.78
304.39
289.87
287.99
303.47
288.35
287.18
303.14
287.72
286.57
302.66
287.45
286.0
302.54
287.02
285.53
302.07
286.59
285.06
301.15
286.14
285.42
300.86
286.85
285.8
300.55
286.75
285.76
301.68
285.69
286.17
303.9
287.07
286.74
306.32
288.13
287.82
307.73
290.09
288.2
308.95
290.87
289.12
309.73
290.82
289.6
310.44
292.53
291.23
311.06
293.18
291.65
311.81
293.59
292.33
311.65
293.95
292.13
311.17
293.47
291.98
310.27
292.52
291.43
307.95
291.42
291.16
306.47
290.53
289.49
305.32
289.04
288.0
304.75
288.0
286.94
303.75
287.75
286.88
303.41
287.41
286.55
302.85
286.98
286.67
302.18
287.49
286.46
301.59
287.33
286.47
300.63
287.35
286.46
300.16
286.42
286.33
299.8
287.07
286.3
301.28
286.28
286.49
303.79
286.98
287.26
306.09
288.12
288.19
307.83
288.94
288.39
309.24
289.95
289.05
310.53
291.4
289.52
310.89
291.44
289.9
311.7
291.37
290.16
311.97
291.86
289.88
311.7
292.56
289.97
311.16
292.55
289.6
309.87
292.38
289.52
308.13
291.94
289.47
306.82
291.13
287.86
305.72
289.53
287.4
305.02
288.51
287.03
304.17
288.08
286.56
303.42
287.69
286.38
302.53
287.63
286.0
301.75
287.26
285.63
301.27
287.91
285.63
300.71
286.94
285.73
300.07
287.0
285.92
300.06
286.93
286.2
301.96
286.65
286.29
303.85
287.53
286.67
306.16
288.99
287.51
307.84
290.26
288.44
309.35
292.44
289.18
310.7
292.93
290.55
311.43
293.53
291.56
311.56
294.2
293.04
312.07
294.4
293.35
311.86
294.6
293.04
311.26
293.57
293.13
309.45
292.5
292.95
306.0
292.47
291.94
303.32
291.77
290.55
302.4
291.03
289.34
301.88
290.24
288.6
301.89
289.96
288.32
301.69
289.78
287.79
301.99
289.53
287.35
301.83
289.87
287.33
301.59
289.9
287.75
301.44
287.89
286.59
301.49
287.89
286.59
301.49
287.89
286.59
301.49
288.151
286.851
306.501
288.151
286.851
306.501
288.151
286.851
306.501
288.988
288.888
309.888
288.988
288.888
309.888
288.988
288.888
309.888
290.275
292.575
311.175
290.275
292.575
311.175
290.275
292.575
311.175
291.449
293.699
310.449
291.449
293.699
310.449
291.449
293.699
310.449
291.156
292.306
306.256
291.156
292.306
306.256
291.156
292.306
306.256
289.395
289.13
304.0
289.05
288.69
303.33
289.43
288.36
302.82
289.14
288.03
302.33
289.11
287.59
301.66
288.9
287.48
301.31
288.78
287.7
301.08
288.73
287.7
300.81
288.72
287.81
302.19
288.48
287.93
304.41
290.39
288.49
306.01
291.49
289.82
307.7
292.11
291.15
309.09
292.53
292.25
310.24
293.69
292.91
310.7
294.29
294.02
311.49
294.71
295.5
311.63
295.14
295.26
311.64
295.4
295.92
311.2
295.57
295.59
310.15
295.78
295.56
308.37
295.49
295.23
306.72
294.4
292.36
306.15
292.92
291.02
305.62
290.92
290.01
304.63
290.16
289.46
304.08
289.8
289.02
303.32
289.32
288.37
302.69
289.28
287.93
301.73
288.55
287.48
301.19
288.86
287.15
300.78
288.57
286.93
300.47
288.3
286.93
302.41
287.32
288.9
304.24
290.06
290.09
306.57
291.76
291.5
308.22
294.02
293.15
309.67
295.23
294.09
310.82
295.99
295.48
311.79
296.8
296.3
312.34
297.27
297.28
312.98
297.74
297.59
312.84
299.48
297.98
312.24
300.05
298.23
310.59
299.58
298.05
307.91
299.44
297.45
307.1
297.18
295.05
306.22
296.2
293.1
305.22
294.53
292.29
304.0
292.56
291.21
303.03
292.04
290.14
302.29
291.57
289.64
302.16
290.99
288.87
301.82
290.9
287.96
301.66
290.77
288.11
301.37
290.45
288.45
301.4
290.15
288.0
302.66
289.85
289.96
304.8
291.8
292.63
307.07
294.0
295.13
308.45
295.78
295.85
310.37
298.36
297.54
312.23
299.05
299.02
312.92
300.03
300.07
312.43
300.36
300.97
310.1
300.68
301.6
307.01
301.04
302.14
304.84
301.36
302.16
301.22
302.29
301.85
300.06
301.22
301.09
299.93
299.07
298.37
299.53
297.01
295.94
299.44
294.85
294.22
298.49
294.0
293.08
298.04
293.25
292.04
298.16
292.88
291.31
297.95
292.86
290.91
298.05
292.52
290.03
297.97
292.1
289.74
298.09
292.15
289.55
298.45
291.81
289.05
298.87
290.77
291.4
299.71
292.72
293.59
300.75
294.45
294.96
301.95
296.78
298.05
302.89
297.33
299.39
303.86
299.12
300.45
304.64
300.57
301.47
305.59
300.98
302.01
306.53
301.21
303.26
306.55
301.37
302.62
306.45
300.87
302.19
305.47
301.33
301.59
304.0
300.46
300.05
302.86
298.33
297.39
302.02
296.87
295.25
301.13
295.24
294.21
300.47
293.5
291.71
299.95
293.06
290.32
299.07
292.48
289.01
298.54
292.12
288.28
297.65
291.71
287.48
296.63
291.4
286.96
295.9
290.91
286.22
295.69
290.54
285.99
297.15
289.91
286.31
299.45
291.5
286.85
300.81
293.09
288.66
301.79
294.35
291.18
302.11
295.95
293.86
302.29
297.18
296.22
303.07
297.88
297.42
303.75
298.33
298.87
304.47
298.84
299.29
304.75
299.45
298.92
304.49
299.38
299.01
303.3
299.09
298.86
302.58
297.64
297.53
301.5
296.23
294.58
300.75
294.83
292.73
299.87
293.17
291.46
299.03
292.24
290.51
298.31
291.52
289.8
297.9
290.94
288.87
297.41
290.82
288.19
297.31
290.18
287.66
297.31
289.9
287.07
297.04
289.81
286.7
296.53
289.52
286.54
296.54
287.75
287.31
296.86
288.86
287.79
297.51
291.55
288.68
297.92
294.23
290.56
297.79
295.36
292.82
297.83
296.2
294.94
298.01
297.2
297.18
298.34
297.7
298.6
298.75
298.66
298.75
299.01
298.73
298.99
298.66
299.38
299.01
298.42
299.23
298.08
297.1
297.71
296.68
295.79
296.31
293.66
294.99
294.55
292.03
294.27
293.46
290.52
294.05
292.75
289.47
294.07
291.91
288.93
294.41
291.35
287.74
294.44
291.06
287.01
294.58
290.56
286.6
294.26
290.0
286.32
294.13
289.68
285.91
294.32
289.5
285.91
295.18
288.78
286.24
296.46
289.45
286.68
297.63
291.32
287.11
298.8
294.1
288.43
299.51
295.56
290.84
300.43
296.32
294.1
301.3
297.26
296.12
301.69
298.05
296.95
301.69
298.38
297.51
301.95
298.26
298.42
301.37
298.36
298.42
300.19
298.45
298.27
299.23
298.11
297.49
298.43
295.74
294.42
298.22
294.49
292.51
297.97
292.72
291.22
297.7
292.81
290.04
297.76
291.33
289.3
297.73
290.98
288.35
297.45
290.4
287.78
297.48
289.95
286.76
297.41
289.82
286.17
297.31
289.75
285.53
297.28
289.27
285.52
297.44
288.52
286.34
297.47
289.79
287.48
298.05
292.02
289.32
299.04
294.12
290.78
299.53
295.51
292.86
299.24
296.92
294.21
299.39
298.21
295.8
300.17
298.52
296.95
300.61
298.64
297.76
300.43
298.95
298.27
300.1
299.14
298.5
299.09
299.14
298.49
298.44
298.7
297.5
297.61
296.91
295.46
296.97
295.26
294.12
296.88
293.93
291.62
296.78
293.4
290.9
296.68
292.76
290.29
296.63
292.15
289.12
296.62
291.87
288.98
296.92
291.3
288.19
296.76
290.94
287.51
296.88
291.14
287.37
296.88
290.98
286.98
297.35
290.13
289.01
298.17
291.71
291.31
299.44
293.71
293.35
300.98
297.35
294.75
301.88
298.11
296.7
303.17
300.43
298.78
303.12
302.03
299.45
301.08
302.499291339
299.96
298.83
303.17
301.33
298.15
303.57
302.04
297.98
303.77
302.08
297.53
303.84
302.2
297.25
303.4
301.04
297.18
300.1
298.85
296.96
298.19
297.61
296.63
296.75
295.15
296.34
295.9
294.49
296.13
295.17
293.88
295.97
295.07
294.09
296.01
295.45
294.7
296.3
294.88
293.13
296.35
294.25
292.55
296.63
293.66
292.45
296.93
293.33
292.34
297.21
292.09
293.53
298.31
293.65
295.85
298.65
298.32
297.45
298.95
299.51
299.24
298.71
302.86
301.39
298.67
304.22
302.82
298.92
304.6
304.46
298.15
305.9
305.19
295.49
306.69
305.81
294.28
307.0
306.07
294.33
306.69
305.42
294.56
306.06
304.37
294.64
305.3
302.68
294.63
301.39
301.0
294.64
297.22
298.13
294.79
295.47
296.94
294.93
294.14
295.53
295.36
293.49
293.73
295.69
292.64
292.67
296.14
291.83
290.97
296.91
291.21
290.19
296.96
290.85
289.83
296.93
290.62
289.33
296.28
289.97
289.1
295.1
289.02
290.4
295.12
291.82
293.69
295.48
292.69
295.38
296.07
295.22
297.32
296.46
296.68
299.74
296.79
297.98
301.33
297.7
298.49
302.53
299.06
299.01
303.83
300.01
299.91
304.91
300.59
300.33
305.75
300.46
301.35
305.57
300.24
300.76
305.03
299.12
300.02
303.86
297.99
298.26
300.29
297.12
295.87
297.74
296.42
294.09
295.47
296.25
293.05
294.41
295.84
292.57
292.42
295.6
292.23
290.57
295.39
291.52
289.68
295.49
291.27
288.14
295.49
290.7
287.77
295.32
290.25
287.09
295.26
289.83
287.14
295.7
288.26
286.84
296.88
288.61
287.72
298.87
290.45
288.38
300.4
291.89
288.92
301.7
292.06
289.82
302.45
292.37
292.09
303.22
292.79
293.77
303.85
293.25
294.86
304.11
293.68
295.34
304.11
294.01
294.77
303.68
