284.63
281.8
289.74
284.62904131
281.797216632
289.762974207
284.626997923
281.789832606
289.830766948
284.624954535
281.78244858
289.89855969
284.622911147
281.775064553
289.966352431
284.620867759
281.767680527
290.034145172
284.618824371
281.760296501
290.101937914
284.616780983
281.752912474
290.169730655
284.614737595
281.745528448
290.237523396
284.612694207
281.738144422
290.305316138
284.610650819
281.730760395
290.373108879
284.608607431
281.723376369
290.440901621
284.606564043
281.715992342
290.508694362
284.604520655
281.708608316
290.576487103
284.602477267
281.70122429
290.644279845
284.600433879
281.693840263
290.712072586
284.598390491
281.686456237
290.779865328
284.596347103
281.679072211
290.847658069
284.594303716
281.671688184
290.91545081
284.592260328
281.664304158
290.983243552
284.59021694
281.656920132
291.051036293
284.588173552
281.649536105
291.118829034
284.586130164
281.642152079
291.186621776
284.584086776
281.634768053
291.254414517
284.582043388
281.627384026
291.322207259
284.58
281.62
291.39
284.85
282.71
293.97
286.26
285.05
295.52
286.77
287.97
297.44
288.95
290.61
299.64
289.51
292.06
300.19
289.67
293.68
301.13
290.29
295.32
301.12
291.09
295.18
301.05
291.18
296.11
300.34
291.26
295.24
299.2
290.62
294.38
296.83
288.11
292.28
296.17
287.21
291.12
295.99
286.6
289.93
295.79
285.96
287.87
294.88
285.63
287.14
293.89
284.71
286.54
292.69
284.78
286.16
292.32
284.24
285.31
291.83
284.17
284.3
291.38
283.25
283.96
291.08
283.29
283.595
290.885
283.35
283.23
290.69
282.53
283.5
291.85
282.83
284.57
293.04
283.13
285.64
294.23
283.43
286.71
295.42
283.92
287.42
297.66
285.06
288.61
298.83
286.23
289.13
299.47
286.73
289.41
299.27
287.455
289.18
298.66
288.18
288.95
298.05
288.24
288.79
296.86
286.5
287.47
294.92
285.39
286.01
293.73
284.26
284.85
293.12
283.46
283.91
292.43
283.74
283.31
291.87
282.71
283.07
290.86
282.44
283.15
290.56
281.56
282.51
289.57
281.42
281.98
289.46
281.3
281.49
288.98
280.97
281.14
288.57
280.92
280.59
288.36
280.91
279.65
289.05
280.04
279.15
291.33
280.15
279.72
293.88
282.78
282.4
297.66
284.38
284.72
299.34
286.8
286.03
300.58
288.56
287.19
301.15
289.26
288.68
301.73
289.36
289.56
301.59
290.15
290.05
301.34
289.66
289.98
300.52
288.87
289.6
298.87
287.18
288.4
297.41
285.06
286.38
295.71
283.93
285.56
295.13
283.34
284.45
294.47
282.68
283.92
293.87
281.81
283.25
293.47
281.23
282.585
292.805
280.65
281.92
292.14
280.325
281.775
291.795
280.0
281.63
291.45
279.86
281.08
291.22
279.54
280.64
291.38
278.57
281.14
292.0
278.51
280.08
293.75
278.91
280.7
296.82
281.86
282.98
298.88
282.78
284.62
299.62
287.56
286.61
301.14
288.12
287.45
301.67
289.1
289.22
302.17
289.53
290.21
302.39
290.09
289.94
302.41
290.67
290.01
302.09
290.41
289.85
301.33
288.83
288.82
300.72
286.9
287.6
300.33
285.3
285.82
299.49
284.4
284.58
298.76
283.59
284.12
298.53
282.59
283.63
297.91
282.29
282.98
297.89
281.45
282.68
297.225
280.61
282.38
296.56
281.03
281.77
296.19
280.97
281.47
295.62
280.64
281.06
295.28
280.18
280.55
294.61
279.64
280.65
294.93
279.54
281.0
296.62
281.37
283.49
297.53
284.48
286.17
299.13
287.38
287.58
300.54
289.94
289.49
301.05
290.24
292.11
301.3
290.61
292.85
300.59
291.65
292.69
299.55
291.78
292.85
297.81
290.94
292.05
294.6
289.96
290.34
291.23
287.37
288.05
289.26
286.74
286.46
288.39
284.45
285.37
287.97
284.12
285.04
287.4
283.71
284.383333333
286.92
283.3
283.726666667
286.44
282.89
283.07
285.96
282.49
282.87
285.71
281.61
280.77
285.25
282.07
280.32
284.84
281.16
280.01
284.39
280.46
279.77
284.22
280.29
279.54
284.01
280.76
279.63
284.23
283.47
282.48
284.72
285.62
287.17
284.94
286.44
289.47
285.68
288.93
291.63
285.88
290.04
293.42
286.12
291.3
293.95
285.71
293.09
294.78
284.91
293.09
294.1
284.22
291.2
293.62
283.3
289.65
291.88
282.28
287.12
290.03
282.03
286.42
288.43
281.91
285.37
287.15
281.79
284.99
286.78
281.78
284.2
286.32
282.07
283.72
285.17
282.11
283.58
283.78
282.16
283.2
282.96
282.2
282.87
282.93
282.41
282.49
281.96
282.28
282.21
282.02
282.2
282.14
281.26
282.28
280.88
280.25
282.49
280.71
281.01
282.98
284.02
283.15
283.35
285.34
286.49
283.73
289.06
289.87
284.45
289.74
291.42
284.58
289.69
292.46
284.59
290.41
293.35
284.72
291.43
294.32
284.3
292.2
294.85
283.93
291.34
294.43
283.43
289.68
292.31
283.1
287.4
289.7
283.23
286.39
288.09
283.23
285.49
286.04
283.39
285.25
285.95
282.35
284.79
284.02
280.9
283.79
282.96
280.0
283.265
282.725
279.395
282.74
282.49
278.79
282.62
281.89
278.46
282.27
281.25
277.93
282.2
280.82
278.0
281.55
280.46
278.59
281.29
280.05
282.33
281.08
280.86
285.03
282.63
284.63
287.14
285.65
286.88
288.15
287.92
289.51
289.39
289.75
291.18
290.74
291.38
292.66
291.28
291.1
294.3
292.06
291.73
293.84
292.21
291.67
293.94
291.37
291.94
293.44
289.67
290.11
291.85
288.1
287.51
289.18
287.27
286.33
287.42
286.49
285.48
286.6
286.12
284.52
285.48
285.88
284.09
284.13
285.22
283.85
283.08
284.8
283.71
282.7
284.6
283.2
282.643333333
285.18
282.69
282.586666667
285.76
282.18
282.53
286.34
282.01
282.9
286.49
281.53
282.72
286.9
281.27
283.02
287.9
281.74
283.12
289.21
282.13
283.4
291.13
283.77
283.95
292.81
283.97
284.37
293.81
285.22
284.78
295.18
286.55
285.79
296.44
287.99
289.52
298.45
288.045
292.46
299.025
288.1
295.4
299.6
288.1
295.4
299.6
288.1
295.4
299.6
288.1
295.4
299.6
288.1
295.4
299.6
288.1
295.4
299.6
284.94
295.4
295.11
281.78
295.4
290.62
281.365
281.34
291.27
280.95
281.15
290.86
280.93
280.98
290.66
280.52
280.44
290.29
280.23
280.46
290.02
280.09
280.34
290.29
279.96
280.25
290.84
280.3
280.6
291.32
280.55
280.86
291.22
282.1625
284.295
291.54
283.775
287.73
291.86
285.3875
291.165
292.18
287.0
294.6
292.5
287.0
294.6
292.5
284.66
284.8
294.5
284.99
285.01
294.44
284.8
284.93
294.12
284.28
284.66
293.64
283.87
284.52
293.55
283.87
284.38
293.45
283.68
284.1
293.23
283.48
284.14
292.74
283.52
284.0
292.12
283.56
283.66
291.81
283.42
283.55
291.94
283.32
283.33
291.59
283.24
283.13
292.07
283.09
282.91
292.48
282.9
282.77
293.1
282.9
282.63
293.68
282.37
282.53
294.14
282.31
282.21
294.98
282.64
282.28
295.92
282.65
282.5
296.5
282.62
282.65
297.3
282.93
282.95
297.71
283.64
283.2
298.71
284.35
284.21
301.07
284.91
285.03
302.08
285.13
286.17
301.94
285.17
286.15
301.22
285.416
287.78
301.416
285.662
289.41
301.612
285.908
291.04
301.808
286.154
292.67
302.004
286.4
294.3
302.2
283.28
282.88
295.22
283.09
281.58
294.62
283.13
281.32
294.61
283.14
281.32
294.74
283.03
281.65
294.79
282.97
281.98
294.84
282.97
282.7
294.62
282.87
282.9
294.58
282.62
282.63
294.85
282.57
282.76
295.97
282.73
283.11
297.41
282.79
283.71
298.73
282.95
284.8
299.51
283.2
285.54
301.14
283.8
285.72
301.84
283.91
285.84
302.17
284.29
286.18
302.45
284.48
286.12
302.2
284.7
286.18
301.49
284.47
286.14
300.15
284.51
285.88
298.9
284.51
285.88
298.05
284.47
285.53
297.34
284.57
285.04
296.85
284.51
284.98
296.71
284.57
284.98
296.41
284.57
284.98
296.0
284.62
285.05
295.73
284.63
285.23
295.25
284.68
285.29
295.07
284.78
285.47
295.24
284.88
285.6
295.56
284.9
285.82
295.74
284.93
285.82
296.7
284.82
285.7
297.88
284.95
285.87
298.68
284.97
286.14
298.9
285.39
286.57
300.11
285.54
287.38
300.3
286.06
287.83
300.25
286.63
287.85
299.46
286.86
287.89
298.94
286.93
288.28
298.93
286.51
288.27
298.77
286.34
288.16
298.77
286.42
288.16
298.51
286.55
287.92
298.15
286.2
287.4
298.02
286.44
287.28
297.27
286.29
287.29
294.81
286.29
287.53
293.22
286.19
287.46
292.75
286.25
287.42
292.71
286.3
287.31
292.42
286.49
287.42
291.39
286.74
287.31
290.26
286.54
287.37
289.44
286.49
287.37
291.59
286.48
287.71
293.2
286.24
287.77
295.24
286.58
288.3
297.06
286.21
288.93
298.28
286.58
289.36
299.39
286.62
289.41
299.85
286.64
289.28
300.07
287.03
288.57
299.83
287.11
288.28
298.86
286.67
288.4
296.75
286.49
287.98
294.62
286.44
287.86
292.99
286.71
287.61
292.14
286.43
287.5
291.06
286.04
287.34
290.02
285.97
287.28
289.37
285.43
286.96
288.87
284.46
286.86
288.0
283.85
286.79
287.18
284.17
286.55
286.73
283.89
286.19
286.19
283.65
285.91
285.99
283.55
285.58
286.4
283.49
285.41
288.38
283.76
284.66
293.26
283.94
284.66
296.68
284.37
285.66
298.17
284.59
286.87
298.89
285.23
287.98
300.02
285.6
287.73
300.31
285.5
287.63
300.69
285.2
287.75
300.51
285.17
287.42
298.81
284.79
287.3
295.95
284.65
287.25
294.41
284.55
287.46
293.51
284.81
287.86
293.1
285.31
288.71
291.37
285.58
288.99
290.54
285.97
288.7
290.19
285.68
287.56
289.69
285.14
286.89
289.68
285.57
286.13
289.25
285.21
285.58
289.2
285.2
284.74
288.97
284.34
283.85
288.98
283.61
283.73
289.61
283.04
283.11
290.32
282.77
282.87
291.26
283.06
283.65
292.37
284.62
285.35
293.28
285.6
286.68
294.58
285.65
286.79
295.4
286.57
287.54
296.39
287.15
288.79
296.76
286.45
288.15
296.75
286.36
287.34
296.04
285.0
287.03
294.51
284.19
285.66
293.64
282.75
284.21
292.08
282.59
283.88
292.3
282.22
283.41
292.83
282.23
282.71
293.45
282.32
282.18
293.97
281.99
281.79
293.93
281.6
281.3
293.68
281.43
280.55
293.81
280.89
279.77
292.96
280.57
279.43
293.01
280.11
278.95
293.77
280.22
278.77
293.97
280.63
278.67
294.68
280.48
279.02
295.94
281.24
280.31
298.77
281.61
281.7
300.13
282.82
283.46
301.64
283.73
284.8
302.73
283.69
285.59
302.74
283.76
286.69
302.69
284.22
287.14
301.86
284.67
286.84
301.01
284.14
286.16
299.0
283.65
285.52
297.53
283.27
285.08
296.47
283.28
284.53
295.07
282.97
283.56
292.21
282.98
282.69
291.04
282.85
282.35
291.31
282.51
282.09
291.36
282.51
281.98
290.62
282.51
281.49
289.63
282.39
281.2
288.1
282.51
280.84
286.7
282.38
280.73
285.91
282.44
280.31
285.89
282.33
280.14
288.65
282.43
280.13
291.7
283.33
280.55
294.14
283.17
284.49
296.05
283.29
286.26
296.55
283.77
288.12
296.66
283.63
289.69
296.72
283.27
290.57
296.46
283.15
290.57
295.95
282.81
289.93
295.21
282.81
288.84
292.47
282.92
288.16
290.52
282.84
287.08
289.45
283.18
285.39
287.74
282.92
283.75
286.47
283.34
283.78
285.77
283.42
284.06
285.31
283.39
284.84
285.02
284.02
284.96
284.89
284.17
285.81
284.19
284.47
286.17
284.43
284.77
286.78
284.2
285.02
286.99
283.69
284.96
287.15
284.11
285.21
287.1
287.11
284.48
286.47
289.97
284.19
286.65
292.83
284.87
286.54
295.02
285.2
286.49
296.3
284.83
286.53
296.81
284.74
286.29
297.61
284.34
286.02
297.93
284.88
284.98
297.88
284.69
284.69
296.59
284.78
284.27
293.5
283.13
283.17
290.34
281.97
282.88
289.1
282.22
282.63
288.35
282.36
282.26
287.99
281.76
281.56
287.53
281.5125
281.28375
287.32375
281.265
281.0075
287.1175
281.0175
280.73125
286.91125
280.77
280.455
286.705
280.5225
280.17875
286.49875
280.275
279.9025
286.2925
280.0275
279.62625
286.08625
279.78
279.35
285.88
280.062222222
279.546666667
287.656666667
280.344444444
279.743333333
289.433333333
280.626666667
279.94
291.21
280.908888889
280.136666667
292.986666667
281.191111111
280.333333333
294.763333333
281.473333333
280.53
296.54
281.755555556
280.726666667
298.316666667
282.037777778
280.923333333
300.093333333
282.32
281.12
301.87
281.9
280.59
301.24
281.2125
280.2975
300.4425
280.525
280.005
299.645
279.8375
279.7125
298.8475
279.15
279.42
298.05
278.66
278.98
297.71
278.64
279.12
297.52
278.58
278.85
297.49
278.42
278.91
297.69
278.11
278.76
297.8
278.06
278.94
297.87
278.16
278.7
297.75
278.21
278.65
297.37
278.5825
278.4875
297.3525
278.955
278.325
297.335
279.3275
278.1625
297.3175
279.7
278.0
297.3
277.94
279.17
299.96
278.14
279.97
300.39
279.45
281.57
301.46
279.95
282.33
301.78
280.11
283.38
303.08
280.0
283.53
303.5
280.91
283.71
303.67
280.68
281.83
302.86
280.47
280.62
301.68
280.23
279.79
300.91
279.69
279.06
300.4
279.37
278.34
299.72
279.01
277.83
299.33
278.91
277.34
298.64
278.59
277.2
297.94
278.38
277.0
297.14
277.66
276.81
296.91
277.56
276.7
296.65
277.52
276.77
296.5
277.08
276.83
296.3
276.44
276.89
296.14
276.07
277.07
296.18
276.38
276.91
296.91
276.49
277.61
297.74
277.46
278.8
299.23
279.29
278.89
300.55
280.33
279.24
300.95
281.77
279.6
297.62
281.96
279.76
297.97
282.4
279.83
298.78
282.57
279.75
298.95
282.25
279.53
298.27
281.75
279.35
297.4
281.08
279.0
296.9
279.87
278.71
296.62
279.84
278.62
296.5
279.65
278.69
296.12
279.5
278.83
295.9
279.39
278.7
295.91
279.33
279.0
295.66
278.87
279.05
295.25
278.91
279.05
295.08
278.8
279.09
294.96
278.74
278.83
294.99
278.59
278.52
294.83
278.72
278.59
294.92
278.45
278.59
295.42
278.45
278.43
296.53
278.42
278.99
298.51
278.66
280.52
299.76
278.62
280.73
300.38
278.82
281.41
300.78
279.11
282.48
301.06
279.74
282.59
301.23
280.31
282.86
301.16
280.6
282.76
300.17
280.37
282.05
299.22
280.11
281.37
298.52
279.8
280.91
297.87
279.99
280.22
297.42
279.67
279.99
297.02
280.15
280.17
296.1
280.09
280.1
295.79
280.02
280.08
295.41
279.75
279.95
295.14
279.33
279.9
294.95
279.44
279.61
294.49
279.2
279.4
294.22
279.22
279.16
294.13
279.28
279.23
293.87
279.175
279.215
294.545
279.07
279.2
295.22
279.19
279.25
296.15
279.61
279.88
297.97
279.92
280.55
299.22
279.65
282.12
300.92
279.72
282.32
301.5
279.88
283.37
301.64
280.26
283.06
300.99
280.17
283.06
300.32
280.1
282.53
299.36
280.17
281.25
298.64
279.65
280.71
298.02
279.75
279.98
297.18
279.57
280.24
296.65
279.53
279.73
296.11
279.09
279.58
295.95
278.76
279.44
295.91
278.5
279.26
295.75
278.46
278.91
295.11
278.46
278.53
295.1
278.68
278.75
295.03
278.32
279.07
295.03
278.21
279.07
295.06
277.7
279.05
295.95
277.66
278.98
297.33
278.24
279.63
298.45
278.95
280.23
298.6
280.61
281.65
298.99
281.51
282.5
298.73
282.04
283.36
294.59
282.3
283.65
290.76
282.92
284.21
289.67
282.61
283.85
289.34
282.15
283.32
289.18
280.83
282.3
288.38
280.41
281.13
287.64
280.26
280.82
287.64
280.2
280.77
286.72
280.13
280.3
285.41
280.14
279.95
284.87
280.14
280.0
284.51
279.9
280.06
284.05
279.88
279.81
283.76
279.89
279.7
283.3
279.88
279.86
283.1
279.77
279.97
282.65
279.62
280.05
282.11
279.54
280.0
282.07
279.54
280.49
282.24
279.53
280.69
283.27
279.37
280.86
283.73
279.83
280.91
283.9
280.38
280.93
284.44
280.94
281.26
285.34
281.49
281.77
285.63
281.87
282.57
285.5
281.6
282.35
284.79
281.18
281.54
284.2
280.87
281.45
283.46
280.39
281.41
282.68
280.35
282.01
282.07
280.26
282.65
281.49
280.14
283.24
280.7
279.88
283.4
280.41
279.94
283.4
279.59
280.03
283.69
279.18
279.88
283.68
278.71
279.88
283.87
277.62
279.8
283.87
276.96
279.88
283.69
276.49
279.83
283.14
276.37
279.57
282.9
278.23
279.53
282.61
280.05
279.62
282.5
281.57
280.13
282.33
283.46
280.36
282.24
285.33
281.35
282.38
286.08
281.62
282.44
287.04
281.68
282.62
287.43
281.55
282.87
287.42
281.35
282.87
286.41
281.3
282.87
284.42
281.3
282.76
283.27
281.16
282.81
281.93
281.52
283.62
281.15
281.59
284.67
280.46
281.71
285.27
279.96
281.59
286.47
278.98
281.59
286.56
278.67
281.59
286.56
278.26
281.66
286.46
277.89
281.66
286.35
277.28
281.71
285.93
276.87
281.66
285.41
276.69
281.67
284.92
276.63
281.61
284.66
279.6
281.59
284.29
282.42
281.59
284.77
285.61
282.89
285.26
287.46
283.09
285.59
288.14
284.52
286.27
289.44
285.04
286.75
289.76
285.94
286.78
290.06
285.41
286.88
290.0
285.25
286.57
288.88
284.85
286.38
286.32
284.09
285.81
284.2
283.45
285.53
283.48
283.32
284.69
282.17
283.25
284.38
281.71
283.34
284.01
281.19
282.86
283.65
279.86
282.64
283.65
279.44
282.53
283.58
278.91
282.48
283.78
278.6
282.48
284.1
277.84
282.23
285.23
277.54
281.95
285.72
277.44
281.79
286.68
277.69
281.45
287.09
280.01
281.41
287.08
284.37
281.36
286.98
287.33
281.8
287.31
289.59
282.19
287.64
290.89
283.21
287.92
291.57
283.19
287.81
292.3
284.19
288.09
292.84
284.69
288.27
292.78
284.9
288.14
291.36
284.93
287.58
289.21
284.73
286.5
287.1
284.28
286.1
285.35
284.64
285.85
284.4
284.84
285.58
283.81
284.49
285.34
282.95
284.68
285.46
282.45
284.63
285.53
281.64
284.78
285.53
281.5
284.55
285.46
281.2
284.6
285.23
280.77
284.42
285.15
280.36
284.26
285.16
280.19
284.12
285.16
280.28
284.08
285.16
283.34
284.04
285.23
286.42
284.2
285.24
290.6
284.5
285.54
292.21
284.55
285.89
293.98
284.65
286.32
295.73
284.79
286.81
296.84
284.36
287.07
297.46
284.23
286.93
297.3
284.14
286.52
296.44
283.84
286.4
293.52
284.13
286.3
291.61
284.12
286.36
291.09
284.12
286.51
290.51
284.06
286.92
290.07
284.05
286.68
289.65
284.05
286.61
289.59
284.0
286.5
288.85
283.89
286.33
287.73
283.68
286.27
287.39
