274.55
274.88
280.75
274.33
275.0
280.21
274.14
275.75
279.09
273.96
275.3
279.02
273.57
275.4
277.97
272.97
275.53
277.15
273.98
275.16
278.06
273.99
274.51
281.74
274.1
274.62
284.7
274.26
275.47
285.67
276.42
277.59
289.08
278.27
279.64
289.61
279.0
280.28
291.15
280.0
280.91
291.9
280.73
281.03
291.82
279.74
281.01
291.17
277.63
280.16
288.7
275.76
278.45
286.76
275.19
277.03
286.28
274.34
275.38
285.4
273.84
274.26
285.03
273.47
273.37
284.88
272.74
273.36
284.82
272.55
272.36
284.88
272.94
271.69
285.08
272.51
272.26
284.62
273.29
272.39
284.22
273.72
271.88
283.95
273.72
271.97
283.89
274.11
272.24
283.47
274.76
272.38
283.78
274.732
271.057
285.557
275.714
274.864
293.239
275.714
274.864
293.239
275.714
274.864
293.239
277.415
278.54
296.715
277.415
278.54
296.715
277.415
278.54
296.715
277.258
278.158
294.683
277.258
278.158
294.683
277.258
278.158
294.683
276.041
275.791
290.841
276.041
275.791
290.841
276.041
275.791
290.841
275.513
275.513
286.913
275.513
275.513
286.913
275.513
275.513
286.913
275.324
275.549
283.924
275.324
275.549
283.924
275.324
275.549
283.924
275.314
275.564
283.364
275.314
275.564
283.364
275.314
275.564
283.364
275.425
275.575
283.325
273.719
274.919
281.344
273.73
275.82
281.85
273.88
275.92
282.64
274.45
276.89
283.29
275.43
277.03
283.4
276.15
278.14
284.01
276.75
278.89
283.84
277.16
279.15
284.01
277.59
279.39
283.72
277.03
279.6
282.84
276.89
279.04
282.3
275.61
278.7
281.75
275.54
278.47
280.79
275.21
278.52
279.41
275.04
278.02
278.79
274.82
277.25
277.74
271.05
277.69
277.28
270.21
277.69
276.55
270.06
277.76
275.95
269.39
277.59
275.21
268.91
277.46
275.02
269.4
277.46
274.42
269.49
277.24
274.16
269.42
277.35
273.59
273.54
277.51
275.0
273.75
277.14
277.07
274.06
277.69
279.81
275.58
278.76
280.35
276.99
279.36
281.4
278.17
279.82
281.81
278.74
280.7
283.34
279.02
281.37
283.75
279.31
281.82
284.04
278.74
281.38
283.04
277.47
280.57
280.89
276.59
280.58
280.15
274.03
280.53
278.34
273.19
279.77
276.89
272.2
279.31
276.02
272.14
278.43
275.4
271.23
277.53
275.02
270.93
278.28
274.45
270.39
277.42
274.34
271.01
277.38
274.01
270.9
276.22
272.9
270.78
276.0
273.02
270.59
275.32
272.78
270.04
274.65
272.68
274.33
275.01
273.8
275.31
274.12
277.6
275.58
274.33
281.61
276.7
275.63
282.02
278.4
277.98
283.46
279.71
280.23
284.95
280.86
282.0
285.46
281.58
283.58
285.59
281.3
284.37
284.97
280.45
283.84
284.23
279.46
282.53
282.37
278.46
281.26
280.52
278.4
280.47
280.36
278.49
279.9
279.28
277.49
279.23
279.09
276.81
278.02
278.55
276.16
277.99
277.82
275.77
277.59
276.74
275.18
276.12
276.61
273.75
274.88
276.21
273.78
275.0
276.14
273.56
275.43
276.02
273.58
275.44
276.15
273.76
275.5
275.5
273.65
274.79
276.08
275.14
275.02
278.2
275.41
275.58
280.58
276.25
276.55
282.08
277.53
278.55
284.48
278.54
280.23
285.48
280.13
281.68
286.15
280.58
282.13
286.61
280.45
283.0
286.62
280.45
282.9
286.02
279.32
282.02
284.09
277.74
280.47
282.36
276.53
279.56
281.15
276.95
278.57
280.15
276.3
277.67
279.65
276.62
276.88
279.21
276.76
276.99
279.08
276.35
275.86
279.08
276.16
276.11
279.08
275.74
275.23
279.16
275.74
275.43
279.09
276.1
274.98
278.95
276.13
275.55
278.29
276.69
275.32
278.62
275.91
275.9
280.07
278.2
276.42
283.88
279.36
276.52
284.94
280.24
277.96
287.35
280.79
279.42
289.62
280.51
280.92
290.68
280.75
281.77
292.02
280.98
281.15
292.22
281.57
281.27
292.47
281.15
281.78
290.8
280.02
281.78
289.83
279.59
281.65
288.01
279.49
281.16
286.09
278.98
281.03
285.34
279.18
280.65
284.9
278.5
280.78
285.07
278.57
280.26
284.75
278.4
280.15
284.51
277.78
279.92
284.15
277.15
279.65
283.87
275.59
279.27
283.37
275.79
279.14
281.95
275.56
278.89
281.42
276.35
279.02
281.37
275.94
278.9
282.39
276.13
278.66
286.07
276.38
279.03
289.81
278.37
279.03
291.01
278.97
279.27
292.88
279.68
279.53
295.15
279.68
279.82
296.42
279.83
279.93
297.29
280.12
279.71
297.36
279.13
279.49
296.9
277.86
278.7
293.77
277.84
278.38
290.88
277.65
277.78
289.94
276.81
277.93
288.09
276.81
277.82
287.01
277.34
277.93
286.41
275.78
277.81
284.83
275.74
277.82
284.52
274.93
278.03
283.48
274.32
278.04
283.34
273.3
277.7
283.09
272.89
277.36
282.34
273.09
277.27
282.22
271.9
276.77
281.69
272.13
276.48
282.79
272.4
276.16
286.76
273.98
276.15
292.83
276.28
277.13
294.22
276.55
277.52
296.15
278.95
278.64
297.35
278.26
279.01
298.53
277.8
279.13
298.78
279.13
279.37
298.63
279.96
279.26
297.29
278.48
278.38
294.5
276.56
276.93
292.03
276.11
276.14
290.71
275.27
275.6
290.41
274.78
274.93
289.84
274.28
275.03
289.22
274.75
274.04
288.59
274.36
273.71
287.75
273.36
273.38
286.68
273.15
273.39
285.95
273.15
273.52
285.64
273.56
273.16
285.42
273.36
273.16
285.09
265.53
272.79
284.8
271.51
272.43
285.4
271.13
271.49
288.6
271.31
271.73
290.67
272.42
274.65
293.58
273.33
275.15
295.28
274.49
278.04
297.29
275.21
278.71
298.87
275.63
279.52
298.82
276.21
279.4
298.21
276.36
278.59
295.55
277.18
277.02
291.93
275.06
276.05
290.34
274.76
275.89
290.34
274.15
274.14
288.34
273.63
273.69
286.93
273.14
273.34
285.59
268.5
273.34
284.82
273.99
273.73
283.88
273.37
274.15
282.81
273.38
273.48
281.68
272.78
272.58
280.42
271.98
272.09
279.56
272.44
271.62
279.15
272.18
270.75
279.15
271.11
270.46
279.61
270.98
270.32
280.15
270.69
271.39
280.21
271.7
274.3
280.68
273.43
277.01
280.83
274.61
278.13
281.48
275.36
279.63
281.62
276.03
279.7
281.54
276.19
280.03
281.28
276.19
279.61
280.94
275.19
278.17
280.43
274.31
276.95
280.22
273.83
276.53
279.88
273.47
276.03
279.51
273.48
276.15
279.44
273.15
275.26
279.29
273.42
274.53
279.01
273.01
274.05
278.95
272.57
274.37
278.48
272.76
274.37
278.42
270.05
274.25
278.28
269.71
274.14
277.96
272.37
273.89
277.84
269.37
274.13
277.75
271.63
273.91
277.58
270.85
273.81
278.27
270.42
273.92
279.14
270.85
274.35
280.14
271.57
274.77
281.21
272.0
275.58
282.83
271.99
276.02
284.08
272.15
276.03
284.42
272.28
275.93
284.02
272.58
276.14
283.16
272.42
276.14
281.94
272.14
276.15
280.78
272.31
275.92
281.15
272.49
275.82
281.27
272.48
276.04
281.62
272.31
275.93
281.35
272.14
275.82
280.82
271.92
276.15
280.95
271.92
276.4
280.89
271.92
277.27
281.02
271.73
278.04
280.89
271.34
278.95
280.69
271.72
279.39
280.34
271.73
279.28
280.16
272.91
279.38
280.09
272.96
280.27
280.15
272.14
280.38
280.65
274.24
280.26
280.95
274.68
280.28
281.96
275.11
280.5
282.53
275.39
280.93
283.27
275.24
280.5
283.9
275.05
279.82
284.16
274.42
279.93
284.37
273.99
279.65
283.96
273.42
279.4
284.22
274.82
279.53
284.3
274.15
279.52
283.66
273.46
278.93
283.22
273.97
278.59
282.62
273.33
278.59
282.59
273.54
278.28
282.55
272.72
278.03
282.77
272.7
277.15
282.9
272.53
276.64
282.96
272.32
276.25
282.96
272.13
276.15
282.96
271.72
276.15
283.15
271.78
275.81
283.71
267.53
275.76
283.59
272.92
275.26
285.37
269.14
274.64
287.94
273.91
274.39
292.19
274.35
274.89
295.88
274.2
275.25
296.52
274.58
275.26
296.28
274.33
274.92
296.48
273.61
274.7
295.46
272.13
274.36
294.15
273.13
274.14
293.82
273.13
274.03
293.08
272.8
273.92
292.65
272.31
273.81
292.15
271.99
273.7
291.79
271.55
273.7
291.58
271.35
273.48
291.34
271.16
273.15
291.4
271.15
273.26
291.62
271.15
273.15
291.88
270.92
273.04
291.61
270.51
273.28
291.75
270.5
272.93
291.86
270.47
272.81
292.34
269.41
272.94
293.58
269.98
273.27
295.46
270.4
273.71
296.68
271.55
274.05
298.28
272.46
274.26
299.37
273.08
274.38
299.22
273.5
274.93
299.29
273.53
275.26
298.72
273.15
275.77
298.29
272.27
275.59
297.03
271.84
275.37
295.85
272.47
275.14
295.88
271.95
275.01
295.65
271.28
275.04
295.39
271.29
275.03
295.34
271.11
274.92
294.9
270.91
274.64
294.69
271.1
274.03
294.09
271.11
273.02
293.29
271.15
272.35
292.73
270.92
271.38
291.42
270.92
271.8
290.95
270.71
271.79
289.95
270.65
272.43
290.63
269.71
272.45
293.5
270.55
273.13
295.07
271.39
273.69
296.22
271.26
274.63
297.0
271.68
275.13
297.61
271.98
275.46
298.38
272.56
275.92
298.99
272.72
275.81
298.56
272.43
275.92
297.5
272.01
275.7
295.64
271.0
274.92
290.82
271.32
274.37
289.15
270.64
274.9
288.52
269.86
274.37
287.89
269.66
274.51
288.16
269.33
274.13
288.14
268.35
274.13
288.27
268.35
274.03
287.96
268.75
274.24
287.52
268.74
274.13
287.34
268.73
274.12
287.62
268.33
274.13
286.21
268.12
274.01
286.89
268.99
274.14
288.13
268.71
274.63
291.5
268.86
274.37
292.41
269.57
274.52
292.8
270.0
274.93
291.55
270.99
275.27
290.09
271.14
275.59
289.65
270.85
276.02
289.68
271.0
276.02
289.82
271.14
275.93
288.42
270.58
275.77
286.73
270.57
275.64
285.55
270.99
275.64
284.79
270.97
275.4
283.69
271.81
275.7
281.8
272.35
275.7
280.22
271.72
275.7
280.22
271.62
276.03
278.5
271.98
276.02
277.72
271.94
276.52
277.44
271.92
277.01
276.29
271.95
278.21
275.75
271.95
280.6
275.44
272.32
281.91
274.92
273.93
282.37
275.21
273.64
282.49
278.26
274.3
282.94
280.43
273.97
284.03
281.64
274.84
284.65
283.07
273.78
285.41
285.08
274.28
286.15
286.21
277.92
286.59
287.55
278.41
286.06
288.29
278.39
285.15
288.35
278.62
284.59
286.35
277.66
283.82
284.35
278.43
283.26
283.52
278.28
282.65
283.03
278.43
281.59
282.46
278.44
281.64
282.42
279.55
280.92
282.53
280.34
280.92
282.86
278.93
280.77
282.93
279.18
280.26
282.61
279.75
280.37
282.65
279.37
280.14
282.15
279.0
279.93
281.53
279.33
279.81
281.84
278.95
279.92
283.61
279.42
280.02
285.22
279.32
280.15
289.83
279.91
281.04
291.87
280.47
281.03
293.86
278.66
280.52
295.3
278.65
280.26
296.34
278.29
280.65
296.75
278.82
279.77
296.72
278.64
278.25
296.53
277.99
278.03
295.49
277.49
277.58
294.49
277.58
277.04
293.71
277.74
276.52
293.02
277.07
277.03
292.34
276.41
276.59
291.75
276.92
276.47
291.09
277.14
276.37
290.65
276.53
276.5
290.96
276.11
275.9
290.89
275.93
276.12
291.67
276.11
275.68
291.58
275.91
275.69
291.81
275.91
275.58
292.07
275.08
275.34
292.73
276.09
275.45
295.29
276.51
276.11
295.89
277.36
278.02
297.77
278.51
279.64
299.58
279.37
280.78
301.09
280.53
280.7
302.22
280.56
281.6
302.97
279.98
282.03
303.16
279.7
281.9
302.35
279.57
281.38
300.8
278.99
280.06
299.15
278.28
279.02
297.4
277.27
277.91
296.72
276.46
276.24
295.94
275.81
275.34
295.34
275.95
274.69
294.43
276.16
274.45
293.84
275.17
274.56
293.15
274.56
273.91
292.68
273.98
273.69
292.36
273.38
273.45
291.52
273.38
273.33
291.15
273.16
273.02
290.62
273.15
273.0
290.14
274.0
273.23
290.28
274.68
274.63
291.68
275.54
275.64
292.46
276.83
276.66
293.33
278.13
278.89
294.21
279.29
280.57
294.95
280.27
281.89
294.66
280.57
281.92
293.96
280.58
282.49
292.65
279.47
281.83
292.55
278.06
279.52
291.69
275.71
278.53
290.95
275.33
276.02
290.02
274.67
275.23
289.68
273.98
274.98
288.95
275.35
275.0
288.35
275.35
273.66
287.68
274.56
273.77
287.15
275.16
273.78
286.95
274.36
273.55
286.61
273.25
273.32
286.09
273.15
273.09
285.94
273.0
272.87
286.43
272.83
272.89
286.71
274.24
273.11
288.2
274.96
275.13
289.81
276.1
276.65
290.02
278.27
278.77
290.61
279.56
280.67
291.0
281.14
282.69
291.3
281.131845567
282.349369921
290.937567983
281.122922784
281.894184961
290.463283992
279.226769845
280.367343578
290.092510337
279.828333333
280.236666667
289.586666667
278.542666667
279.034333333
289.184333333
278.2615
278.499
287.149
276.641
277.074333333
287.291
276.025
276.316666667
285.8
275.595689537
275.359429806
285.650211607
275.015
274.44
284.49
274.336
274.011
281.186
274.336
274.011
281.186
274.336
274.011
281.186
273.872
273.147
280.972
273.872
273.147
280.972
273.872
273.147
280.972
273.536
272.211
281.211
275.417
272.117
281.017
275.417
272.117
281.017
277.728
277.153
282.103
277.728
277.153
282.103
277.728
277.153
282.103
280.11
281.185
281.985
280.11
281.185
281.985
280.11
281.185
281.985
280.487
282.987
281.137
280.487
282.987
281.137
280.487
282.987
281.137
279.207
279.982
279.957
279.207
279.982
279.957
279.207
279.982
279.957
279.204
279.229
279.104
279.204
279.229
279.104
279.204
279.229
279.104
280.354
278.179
278.179
280.354
278.179
278.179
280.354
278.179
278.179
281.442
277.742
277.392
281.442
277.742
277.392
281.442
277.742
277.392
281.871
279.296
279.221
281.871
279.296
279.221
281.716
283.991
279.141
282.4
284.775
283.65
282.4
284.775
283.65
282.4
284.775
283.65
283.039
285.639
285.489
283.039
285.639
285.489
283.039
285.639
285.489
283.291
285.591
282.916
283.291
285.591
282.916
283.291
285.591
282.916
283.4
285.325
277.225
283.4
285.325
277.225
283.4
285.325
277.225
283.185
285.41
273.41
283.185
285.41
273.41
283.185
285.41
273.41
283.564
285.589
271.589
283.564
285.589
271.589
283.564
285.589
271.589
283.731
284.656
270.631
283.731
284.656
270.631
283.731
284.656
270.631
282.671
282.746
278.821
282.671
282.746
278.821
282.671
282.746
278.821
281.144
282.044
287.369
281.144
282.044
287.369
281.144
282.044
287.369
280.68
282.305
289.68
280.68
282.305
289.68
280.68
282.305
289.68
280.355
281.805
286.705
280.355
281.805
286.705
280.355
281.805
286.705
279.474
280.649
281.774
279.474
280.649
281.774
279.474
280.649
281.774
279.464
280.489
280.839
279.464
280.489
280.839
279.464
280.489
280.839
279.106
280.131
281.031
279.106
280.131
281.031
279.106
280.131
281.031
278.954
280.054
281.329
278.954
280.054
281.329
278.954
280.054
281.329
278.803
279.228
283.328
278.803
279.228
283.328
278.236
277.686
283.136
278.922
280.597
291.122
278.922
280.597
291.122
278.922
280.597
291.122
280.292
282.492
294.417
280.292
282.492
294.417
280.292
282.492
294.417
280.708
282.033
292.933
280.708
282.033
292.933
280.708
282.033
292.933
278.364
280.189
290.914
278.364
280.189
290.914
278.364
280.189
290.914
277.483
279.508
289.408
277.483
279.508
289.408
277.483
279.508
289.408
277.166
279.116
287.541
277.166
279.116
287.541
277.166
279.116
287.541
277.061
278.661
285.936
277.061
278.661
285.936
277.061
278.661
285.936
276.791
278.566
288.391
276.791
278.566
288.391
276.526
278.276
288.701
277.292
278.867
294.742
277.292
278.867
294.742
277.292
278.867
294.742
277.37
279.17
297.895
277.37
279.17
297.895
277.37
279.17
297.895
277.181
278.931
295.231
277.181
278.931
295.231
277.181
278.931
295.231
276.874
278.849
288.749
276.874
278.849
288.749
276.874
278.849
288.749
276.845
278.42
287.37
276.845
278.42
287.37
276.845
278.42
287.37
276.971
277.996
288.446
276.971
277.996
288.446
276.971
277.996
288.446
276.135
277.235
288.46
276.135
277.235
288.46
276.135
277.235
288.46
275.971
276.671
290.171
275.971
276.671
290.171
275.971
276.671
290.171
277.599
278.974
295.074
277.599
278.974
295.074
277.599
278.974
295.074
278.79
279.615
298.59
278.79
279.615
298.59
278.79
279.615
298.59
278.617
280.717
294.892
278.617
280.717
294.892
278.617
280.717
294.892
277.315
279.84
291.09
277.315
279.84
291.09
277.315
279.84
291.09
277.709
278.709
290.709
277.709
278.709
290.709
277.709
278.709
290.709
278.047
278.622
289.472
278.047
278.622
289.472
278.047
278.622
289.472
277.297
278.697
289.372
277.297
278.697
289.372
277.297
278.697
289.372
277.432
278.182
289.532
277.432
278.182
289.532
276.049
276.024
288.549
277.982
278.382
291.807
277.982
278.382
291.807
277.982
278.382
291.807
280.282
279.432
291.932
280.282
279.432
291.932
280.282
279.432
291.932
279.998
279.473
290.548
279.998
279.473
290.548
279.998
279.473
290.548
277.82
278.595
287.17
277.82
278.595
287.17
277.82
278.595
287.17
277.272
277.272
284.372
277.272
277.272
284.372
277.272
277.272
284.372
277.143
276.893
283.218
277.069661861
276.95368265
282.804063624
277.201333333
277.209666667
281.318
277.019666667
277.186333333
281.353
276.4835
277.021
283.396
276.42
277.045
282.761666667
276.002
276.927
284.135333333
276.3
278.65
285.08
276.69
278.77
286.81
277.98
279.14
289.68
279.97
279.26
291.61
280.82
279.81
293.77
281.55
279.93
295.21
282.13
279.81
296.22
282.66
279.82
296.65
282.81
280.77
296.66
282.39
280.81
296.1
282.26
280.59
294.5
280.84
279.6
292.08
278.81
278.89
290.28
277.46
278.16
288.55
277.58
277.49
287.61
277.08
277.03
286.45
277.32
276.8
285.21
277.16
276.47
284.02
277.75
276.76
283.58
277.15
276.52
282.89
275.95
276.13
280.94
275.34
275.34
281.35
275.54
274.8
280.55
275.54
274.66
281.33
274.79
274.65
283.38
274.86
274.13
288.78
275.63
274.58
292.36
277.81
276.77
295.61
278.97
277.59
297.75
280.0
278.59
299.15
279.97
279.39
300.62
280.23
279.64
300.89
281.0
279.9
301.16
280.54
280.39
300.04
279.84
279.29
298.3
278.15
277.61
295.29
276.66
276.26
293.27
276.13
276.28
291.95
275.12
275.72
290.93
