278.58
278.4625
288.325
278.46
277.952
288.235333333
278.48
278.163
288.279666667
277.98
279.036
289.6985
277.87
279.026333333
289.284666667
277.88
279.678666667
290.245333333
278.33
280.1415
290.7165
278.71
280.857
291.840333333
279.32
281.383
292.474666667
279.64
280.557
290.9695
279.65
281.533666667
292.317
279.67
281.158333333
291.525
279.08
279.776
290.726
278.09
279.736333333
289.936333333
278.12
278.689666667
289.139666667
277.76
278.4735
289.361
277.76
277.15
288.225
277.75
276.657
288.107
276.86
276.5525
288.24
276.85
275.93
288.038333333
276.6
275.696
288.087666667
276.43
275.5415
288.504
275.67
275.281
288.431
275.67
275.1
288.725
276.09
274.667
289.017
275.32
274.57
289.311666667
275.33
274.221
289.604333333
274.94
275.643
291.0055
274.77
274.703666667
290.928666667
275.49
275.535333333
291.960333333
276.73
277.6455
290.1955
277.94
278.051
292.159333333
277.95
279.735
291.326666667
279.63
278.3905
291.103
279.98
281.084
290.067333333
279.32
280.749
289.640666667
278.64
279.8385
289.7635
277.4
279.695333333
289.153666667
276.54
278.976666667
289.093333333
275.92
278.7995
288.8495
275.93
277.900333333
288.850333333
275.04
277.542666667
288.667666667
276.36
276.837
288.037
275.72
276.595333333
288.003666667
275.28
276.005666667
287.522333333
274.88
275.2615
286.1865
274.89
274.723333333
285.99
275.28
274.030666667
284.939
274.93
274.352
284.9645
274.97
273.321333333
283.554666667
274.08
273.304666667
283.221333333
273.97
274.809
285.3585
273.96
274.285333333
284.201666667
274.74
275.282666667
285.515333333
274.811028641
276.804
285.1415
276.87
277.626666667
287.017666667
276.9
278.973333333
287.206333333
277.27303334
278.061
285.3105
277.132085332
280.160666667
286.194
278.53
280.001333333
284.993
278.28
279.666
284.316
277.62
279.565333333
282.940333333
277.91
279.288666667
282.088666667
277.9
279.0225
281.5725
277.9
278.742333333
280.609
278.27
278.472666667
279.981
278.28
278.6685
279.3685
278.27
278.243666667
278.735333333
278.36
278.284333333
278.117666667
277.99
278.2315
277.619
278.0
278.303333333
276.961666667
278.43
278.281666667
276.423333333
278.15
278.2595
277.397
278.43
278.238
276.354666667
277.9
278.216
276.824333333
277.52
278.6925
278.18
277.5
278.504333333
278.354333333
277.245766217
278.814666667
279.414666667
277.63
278.888
279.8505
278.14
279.277333333
281.119
271.55
279.429666667
281.763
279.49
279.0865
279.6865
279.475155165
279.404
281.237333333
279.37
279.226
280.067666667
279.37
278.332
279.032
278.72
278.392666667
277.817666667
279.39
277.737333333
276.737333333
279.56
277.417
276.042
279.4
276.65
274.833333333
279.38
276.218
274.009666667
279.78
276.5555
275.518
279.7
275.867
273.917
279.29
275.948
274.648
279.0
276.0875
275.0375
278.86
276.149
275.882333333
278.86
276.269
276.385666667
278.72
276.2975
276.8475
278.45
276.448
277.364666667
278.4
276.507
277.840333333
278.39
277.0235
277.761
278.19
276.93
278.421666667
278.28
277.294
278.527333333
278.17
277.669
278.744
278.84
278.029333333
278.812666667
279.39
278.400666667
278.992333333
279.72
278.172
278.847
279.677816004
278.743333333
279.135
279.41
278.714666667
279.098
279.08
278.7525
279.115
279.07
278.701666667
279.06
279.4
278.717333333
279.059
279.15
278.65
279.3125
279.15
278.693333333
279.226666667
279.15
278.653666667
279.395333333
279.26
278.634
279.6965
279.13
278.587666667
279.821
279.13
278.561333333
280.078
279.13
278.631
280.1185
279.13
278.572666667
280.447666667
279.13
278.610333333
280.560333333
279.13
278.3845
281.072
279.13
278.51
281.051666667
279.02
278.372
281.430333333
278.117084596
278.718
282.468
272.25
278.418666667
282.627
273.16271943
278.603333333
283.445
278.95
278.7305
283.918
279.39
278.934333333
284.851
279.4
279.080666667
285.439
280.29
280.242
284.4045
280.293638606
280.05
285.533333333
280.39
280.873
285.039666667
280.17
280.3055
283.443
280.17
281.592
283.317
280.14
281.488
282.088
280.51
281.8225
282.2725
280.62
281.572333333
280.572333333
281.0
281.760666667
280.285666667
280.89
281.7335
280.096
280.57
281.993666667
279.777
281.01
282.038333333
279.555
281.01
281.9075
279.67
280.86
282.010666667
279.335666667
280.58
281.938333333
279.338333333
280.58
280.971
279.5335
280.46
281.197
279.472
280.061762238
280.528
279.603
280.080281717
281.147
280.2095
279.53
280.048666667
280.182
279.21
280.238333333
280.63
279.97
280.8825
281.17
280.100514359
280.920666667
281.587333333
280.69
281.413333333
282.096666667
280.86
281.001
281.226
280.830239612
281.795333333
282.195333333
280.42
281.684666667
281.784666667
280.42
280.9705
281.883
280.19
281.061
281.302666667
280.26
280.548
281.231333333
281.15
280.824
281.1115
281.03
280.048
281.056333333
281.02
280.061
280.952666667
281.01
279.809
280.8215
280.99
279.910333333
280.727
281.02
279.746666667
280.605
280.44
279.6345
280.5095
280.43
279.453666667
280.378666667
280.44
279.324333333
280.274333333
280.46
279.5325
280.4325
279.87
279.290666667
280.240666667
279.64
279.386333333
280.311333333
279.583810241
280.477
281.7395
278.94
280.241
281.357666667
278.95
281.0
282.333333333
279.17
281.8455
282.483
279.83
282.575666667
283.734
279.95
283.392333333
284.159
279.96
283.358
283.1455
279.471347826
284.458333333
284.05
279.72
284.707666667
283.516
279.72
284.741
281.466
279.83
285.062333333
281.437333333
280.14
285.167666667
279.892666667
281.02
285.0345
280.8595
281.03
285.219333333
278.477666667
281.78
285.165666667
278.607333333
281.77
284.546
279.2585
281.85
284.681
279.214333333
280.6
284.25
279.691666667
280.74
284.099
279.374
280.6
283.574666667
280.116333333
280.3
283.330333333
280.063666667
280.02
283.42
280.345
279.44
283.064333333
280.181
279.2
283.042666667
280.351
279.07
283.186
281.2985
278.53
283.109333333
281.209333333
278.3
283.197666667
281.897666667
279.17
283.2515
282.6765
279.97
283.351333333
283.334666667
280.85
283.416666667
284.083333333
281.06
283.3375
283.1625
281.070338351
283.451
284.467666667
281.18
283.42
284.103333333
280.66
282.9545
284.5045
280.4
283.068333333
283.885
280.37
282.747666667
284.031
280.53
282.738
284.238
280.77
282.313666667
284.363666667
280.39
282.200333333
284.550333333
280.71
282.3085
284.4335
280.59
282.121333333
284.721333333
279.61
282.155666667
284.705666667
279.29
281.71
284.985
278.71
281.904333333
284.871
278.55
281.618666667
285.052
277.98
280.639
285.8765
277.82
280.584666667
285.843
277.716971722
279.836333333
286.453
277.465345489
280.737
287.3995
277.06
279.439
287.897333333
277.290150142
279.79
288.731666667
277.29
280.427
288.477
276.395011804
280.682666667
289.674333333
274.03
281.224333333
289.782666667
278.855729172
280.747
288.072
279.245
281.628333333
288.786666667
279.174
281.490666667
287.682333333
278.3725
280.3725
286.56
278.545
280.561666667
285.461666667
277.987
279.770333333
284.345333333
278.65
279.8025
283.49
278.622604549
278.736666667
282.286666667
278.55
278.494333333
281.344333333
278.39
278.6345
282.597
278.58
278.264666667
280.923
278.42
278.277333333
281.444
278.65
278.176
280.826
278.45
278.226666667
281.726666667
278.85
278.163333333
281.488333333
278.878257943
278.334
280.984
278.99
278.192666667
280.834333333
278.827393864
278.285333333
280.418666667
278.89
278.954
281.379
278.849567119
278.854666667
280.504666667
278.78
279.331333333
281.006333333
278.28
280.973
280.9355
278.32
281.061333333
281.628
278.29
282.314666667
281.748
278.7
281.798
280.723
278.7
283.641333333
281.224666667
278.418596529
283.714666667
280.581333333
279.14
283.0905
280.6655
279.16
283.396333333
279.779666667
279.04
283.004666667
279.621333333
279.39
282.135
278.6725
279.41
281.902666667
278.777666667
279.27
281.192333333
278.092333333
279.27
280.8355
278.048
279.42
280.007333333
277.149
279.42
279.532666667
276.891
279.17
279.4235
277.136
279.43
278.827
276.710333333
279.41
278.596
276.787666667
279.653069968
278.3115
277.324
279.27
278.098333333
277.248333333
278.566953819
277.831666667
277.631666667
278.68
277.994
278.869
278.487385207
277.584333333
278.967666667
278.167692603
277.603666667
279.920333333
278.72
278.48
280.1925
278.843988604
278.213666667
281.372
279.68
278.804333333
281.871
279.69
278.662
280.1495
279.95
279.497
281.388666667
279.84
279.599
280.407333333
279.63
278.291
278.6785
278.83
278.863
277.946333333
278.25
278.025
276.466666667
278.26
278.074
276.774
277.79
276.940333333
274.698666667
277.9
276.693666667
274.410333333
277.9
276.6075
274.6325
277.01
276.307333333
274.174
277.02
276.167666667
274.226
277.0
275.88
274.43
276.99
275.789666667
274.431333333
277.02
275.551333333
274.584666667
277.03
275.944
276.319
277.21
275.495333333
275.945333333
276.76121725
275.677666667
277.152666667
276.662032988
276.268
280.0305
276.3
276.314333333
280.681
276.3
276.768666667
283.002
277.51
277.347
282.772
277.52
277.76
285.943333333
278.62
278.297
286.563666667
278.95
277.7585
284.871
279.389119886
278.654
286.262333333
279.38
278.474
285.340666667
277.95
277.3135
285.801
276.94
277.460333333
284.418666667
276.49
276.626666667
284.418333333
275.79
276.8475
284.16
275.8
275.662333333
284.245666667
275.28
275.531666667
284.073333333
275.26
275.33
284.1425
275.43
275.223
283.889666667
275.197310408
275.045
283.878333333
275.86
274.7125
284.6
276.49
274.586
284.344333333
275.879048077
274.305
284.821666667
276.5
273.936
284.9485
276.178140988
273.684333333
285.542666667
275.216570494
273.344666667
285.786333333
276.029967717
274.45
286.5005
274.645333333
273.628666667
286.587333333
275.035666667
274.252333333
287.144666667
275.519
275.569
287.4315
275.878333333
275.961666667
288.079
276.330666667
277.047333333
288.456
277.958
276.16
288.6605
277.551559489
277.903333333
289.095
277.085279745
277.673666667
289.357
277.866601914
276.3005
289.138
277.812
276.452
289.560333333
277.287377163
275.46
289.501666667
277.812
275.2675
289.1675
277.771211294
274.009
289.200666667
277.44
273.55
288.958333333
277.58
273.8565
288.044
276.87
273.142333333
288.025666667
276.43
273.193666667
287.335333333
276.291109219
274.172
284.322
275.214333333
273.914333333
284.406
275.083666667
274.583666667
282.167
274.9875
274.9625
282.175
274.845333333
275.728666667
279.187
274.737666667
276.204333333
278.446
274.878
277.0155
279.3655
274.687666667
277.379333333
278.071
274.745333333
278.078666667
278.437
275.2485
278.336
277.961
275.157666667
279.182666667
278.607666667
275.512333333
279.587333333
278.412333333
275.34
279.6025
277.8275
275.870333333
280.137
277.762
275.873666667
280.282
277.307
278.177
279.2375
276.675
278.144
279.779
276.279
278.144
279.131
275.706
278.144
279.695
275.7325
278.174
278.643
274.959666667
278.174
278.803
274.786333333
278.174
278.2595
274.7345
278.176
278.654
274.520666667
278.176
278.345
274.428333333
278.176
277.9735
274.386
278.176
277.685333333
274.277
276.985499118
277.334666667
274.218
278.163407995
277.3885
274.5385
275.722503469
276.903
274.353
278.141
276.822
274.547
277.580220705
277.1455
275.808
273.879666667
276.929666667
275.646333333
273.968333333
277.118333333
276.551666667
275.2585
277.5335
277.521
274.946666667
277.646666667
278.405
275.836333333
277.986333333
279.353
278.076
277.716
276.7535
278.125
278.259
278.884
278.125
278.192
277.467
278.125
276.7975
276.5225
278.125
277.173
274.948
277.977
276.221
273.846
277.977
276.72
272.97
277.977
275.284333333
271.792666667
277.839
275.299666667
270.841333333
277.839
274.8425
271.005
277.839
275.015333333
269.682
277.225
274.715666667
269.474
277.225
275.227
269.7395
275.659061521
274.657
269.373666667
273.89903076
274.898
269.481333333
276.348094603
274.8315
272.1815
275.835
275.175
271.425
275.001557792
275.211
273.261
274.785589777
275.3055
275.4055
271.638666667
275.322
277.138666667
271.930333333
275.397
279.180333333
273.57568602
275.952
279.752
273.445304416
275.867
282.283666667
275.669
276.262
283.345333333
275.407
275.487
280.7745
275.577
276.272
283.047
275.577
275.887
281.687
275.520176939
275.724
280.2865
273.958081081
275.265
278.94
275.055
275.028
277.553
275.055
274.878
279.0655
274.723
274.612
276.712
274.406
274.433
277.258
274.723
273.8345
276.7345
274.406
273.795333333
277.637
274.175
273.336666667
277.47
274.175
272.5015
276.4265
274.029
272.168333333
276.551666667
273.951
271.458666667
275.800333333
273.951
271.094
275.1315
273.951
270.269333333
274.352666667
272.251743725
269.789666667
273.656333333
272.142449355
271.0615
275.649
266.673
269.998
274.056333333
267.336
270.686
275.152666667
273.349
271.7335
275.746
273.133233184
272.301666667
277.01
272.195116592
273.229333333
277.771
273.657
272.328
277.153
273.657
273.865333333
278.373666667
273.657
273.573666667
278.215333333
273.657
272.1465
276.5465
273.392
272.233333333
276.891666667
273.392
271.184666667
275.726333333
273.392
270.965
275.5025
273.526
269.64
274.023333333
273.526
269.144
273.485666667
273.526
269.218
273.793
273.526
268.532
272.973666667
272.138874842
268.416
272.999333333
273.727
269.002
272.877
273.727
268.652
272.952
271.570797639
269.004
272.879
270.918973237
268.2775
273.265
265.739
268.989
273.039
265.547
268.622
273.272
266.7045
270.142
273.9545
266.062666667
269.146
274.037666667
266.770333333
270.037
274.570333333
270.038204643
270.8385
274.651
270.005892584
271.759333333
275.334333333
274.172
272.590666667
275.565666667
274.172
271.964
275.039
274.304238009
273.281333333
275.523
274.7
273.140666667
275.249
274.7
272.576
274.9135
274.586
272.576666667
274.66
274.586
272.153333333
274.345
274.586
271.823
274.473
274.586
271.368666667
274.010333333
274.542
271.007333333
273.990666667
274.542
270.4275
273.8275
274.542
270.139
273.855666667
274.551
269.632
273.740333333
274.551
269.6565
273.7065
274.551
268.972333333
273.564
274.399
268.819666667
273.503
274.399
268.7145
273.7645
273.303805319
268.546
273.596
269.86640266
268.425
273.75
271.870530788
269.883
274.0705
267.152333333
269.235666667
274.169
267.875666667
270.167333333
274.434
271.606583427
271.7725
274.6725
271.444888073
272.479666667
274.946333333
276.241
273.860333333
275.193666667
276.241
272.8015
275.1015
276.179
274.995333333
275.462
276.179
274.749666667
275.483
276.179
273.3525
275.34
275.789
273.490666667
275.415666667
275.789
272.477333333
275.327333333
275.789
272.443
275.343
275.789
271.103333333
275.22
275.802
270.742666667
275.201
275.802
270.8995
275.2745
275.78
270.366333333
275.224666667
275.78
270.350666667
275.267333333
275.78
270.635
275.2725
275.78
270.519333333
275.327666667
273.929163353
270.703666667
275.345333333
275.595
270.367
275.5295
274.892866148
270.725
275.491666667
272.445933074
270.562
275.620333333
273.813699417
271.9575
276.12
270.491666667
271.275
276.125
270.984333333
272.151
276.501
275.827
273.0555
276.7555
275.89348167
273.922
277.172
276.212
274.817
277.467
276.212
274.7425
277.255
276.212
275.960666667
277.719
275.344495116
276.209333333
277.676
275.808
276.535
277.785
275.808
276.758
277.691333333
275.892
277.058
277.749666667
275.892
276.15
277.8
275.892
276.852666667
277.861
276.144
276.347333333
277.914
276.144
275.882
277.857
276.144
275.363333333
277.946666667
276.102
274.884666667
277.926333333
276.102
275.035
277.8475
275.868
274.346666667
277.846666667
275.868
274.287333333
277.787333333
275.868
274.4715
277.784
275.868
274.331
277.706
275.623
274.434
277.684
275.187944189
275.0355
279.1355
270.539
274.972333333
278.622333333
271.166
275.407666667
279.582666667
276.343
276.3945
280.3445
276.502
276.646
281.371
276.502
277.449
282.199
276.502
276.868
280.3175
276.443
278.132333333
282.048666667
276.443
278.012666667
281.070333333
276.443
276.461
280.6985
276.493
276.818666667
279.518
276.493
275.744333333
278.944
276.493
275.9845
278.3465
276.579
274.472
277.780333333
276.579
274.274
277.190666667
276.579
274.5205
276.7205
276.936
274.174333333
276.091
276.936
274.272666667
275.581
276.936
274.5665
274.7165
276.936
274.599666667
274.324666667
276.761
274.828333333
273.578333333
276.761
274.9475
272.935
276.762528448
275.212666667
272.154333333
276.767
275.368333333
271.476666667
276.767
275.5875
272.9125
276.691966973
275.722
271.530333333
276.235
275.92
272.261666667
276.145155302
276.939
273.089
275.479
276.863333333
273.788333333
275.187594449
277.608666667
274.583666667
275.479
278.4005
272.888
275.683
279.130333333
274.513666667
275.343791058
279.906666667
273.648333333
275.497
280.1485
272.661
275.683
281.103
271.836333333
277.128
281.523
270.889666667
277.128
282.2095
270.972
277.128
282.540666667
269.682333333
278.039
283.138333333
269.421666667
278.039
283.028
268.2405
278.039
283.861666667
268.286666667
277.986
283.987333333
267.412333333
278.234
283.928
267.578
277.986
284.115333333
266.357
278.184
284.117666667
266.176
278.133
284.0045
267.767
278.383
284.045333333
266.995333333
277.979605135
283.970666667
267.995666667
277.764121801
283.9065
270.619
276.053333333
283.828333333
271.078333333
276.135666667
283.760666667
273.160666667
277.746170246
284.0455
273.6955
278.795
283.860333333
276.293666667
278.795
284.027666667
277.344333333
278.795
283.7645
275.3145
278.7888268
284.075333333
277.392
278.761
283.955666667
276.389
278.761
283.743
276.118
278.761
283.654333333
274.871
278.892
283.472666667
274.356
278.892
283.222
274.359
278.892
283.063333333
273.671333333
279.35
282.835666667
273.501666667
279.35
282.4895
272.6395
279.35
282.301333333
272.700666667
280.395
281.994666667
272.069333333
280.395
281.553
271.765
280.395
281.291333333
271.024666667
280.901
280.894666667
270.611333333
280.931090365
280.6485
272.686
281.109
280.201666667
271.443333333
281.374
279.905333333
272.688666667
281.369592903
280.5605
276.498
281.35
279.947
276.888666667
280.623
280.285
279.843333333
280.643034188
281.271
279.6085
280.783
281.393
283.626333333
280.669349002
282.163
284.454666667
280.783
281.8195
281.582
280.783
282.960666667
283.644
280.621435749
282.988333333
282.005
280.866
280.8975
279.76
280.476
281.631333333
278.323
280.476
280.246666667
276.28
280.476
280.1155
276.553
280.312
278.313
273.738
280.312
277.764
273.239
280.312
278.0635
273.301
279.552827399
277.231666667
272.615
277.033913699
277.248333333
272.49
280.245642583
277.0235
272.624
276.614319166
277.120666667
272.412666667
280.168
276.976333333
272.460333333
279.683370233
277.383
272.783
274.572333333
277.055
272.739
274.761666667
277.278
272.97
275.093
277.2925
273.8555
275.235
277.585
273.868333333
275.519
277.669
274.535666667
278.457376915
278.285
274.0475
280.419
278.191666667
275.1
280.419
278.630333333
274.997
280.384184619
278.5435
273.131
280.259
279.157333333
273.615666667
280.259
279.245666667
272.337333333
280.15284988
278.27
271.9075
279.201
278.713
270.346333333
279.201
278.092
269.633666667
279.201
278.179
269.0915
279.201
277.322
268.322
279.124
277.173
267.723
279.124
277.193
267.068
279.124
276.987666667
266.487666667
278.999
276.951333333
265.851333333
278.999
277.1095
265.4345
278.999
277.008333333
264.725
278.868
277.101666667
264.235
278.868
276.9565
265.744
278.574
277.129333333
264.587666667
278.673
277.063666667
265.430333333
278.365034483
277.452
267.677
273.26
277.235
268.051666667
273.997
277.472
269.830333333
278.709
278.541
270.6785
279.409
278.500666667
272.767333333
279.409
279.292333333
273.925666667
279.409
278.714
272.7765
279.794
279.962333333
274.704
279.794
279.840666667
274.324
279.794
279.331
273.0185
279.948
279.338666667
272.947
279.948
278.958333333
271.95
279.948
278.5225
271.51
279.938191581
278.160666667
270.327333333
279.912
277.743333333
269.701666667
279.912
277.6465
269.6465
279.912
277.122333333
268.830666667
277.032137266
276.918666667
268.585333333
279.469
276.7995
269.312
279.383099267
276.567666667
268.742666667
279.188
276.420333333
269.145333333
279.188
276.1385
270.126
279.188
276.036
270.336
276.791215492
275.799
271.124
277.887871798
277.0745
271.862
274.508333333
276.333333333
272.666666667
275.129666667
277.104666667
273.421333333
278.876
278.094
273.469
278.79655864
278.792666667
274.459333333
278.59877932
279.709333333
274.742666667
278.320230176
279.001
273.976
278.142666667
280.459333333
274.609333333
277.884333333
280.292666667
274.192666667
278.793364093
278.5975
273.6975
278.951
278.940333333
273.307
277.409133106
277.754666667
272.838
278.676
278.6075
272.1325
278.512137817
276.742333333
271.742333333
278.305
276.915666667
271.115666667
278.305
276.8305
270.8555
278.093245459
277.09
270.106666667
276.59262273
277.091
269.724333333
278.106
277.1935
270.0935
278.453169864
277.160666667
269.460666667
278.933
277.229333333
269.579333333
278.933
277.0895
270.5395
278.742085194
277.227666667
270.377666667
276.889542597
277.157333333
271.057333333
278.987
277.4765
272.6265
279.061627508
277.276333333
273.009666667
279.155
277.465666667
274.282333333
279.155
278.1095
273.322
279.068358283
278.147333333
275.339
278.362679142
278.639666667
275.123
279.332
278.313
274.788
279.318122101
279.078333333
274.611666667
279.296
279.024666667
274.316333333
279.296
278.962
274.4495
279.296
278.911333333
274.011333333
278.42827186
278.851666667
274.001666667
279.014
278.855
273.93
279.016287788
278.774333333
273.941
279.02
278.756666667
273.89
279.02
278.7465
273.9465
279.022439495
278.726333333
273.859666667
279.073
278.713666667
273.880333333
279.073
278.7025
274.0025
279.154
278.689333333
273.989333333
279.154
278.677666667
274.077666667
279.154
278.6175
274.38
279.085
278.622
274.397
279.085
278.578
274.628
279.259
279.174
275.3365
279.085
278.916666667
275.408333333
278.440574363
279.299333333
275.957666667
279.266122971
279.708
276.8955
279.382
280.082
277.315333333
279.557
280.482
278.123666667
279.557
280.2635
277.6635
279.62
280.869666667
278.894666667
279.62
280.857333333
278.857333333
279.62
280.377
278.0645
279.495
280.520666667
278.279
279.495
280.196333333
277.738
279.495
280.309
276.884
279.495
279.839
276.447333333
279.531
279.806
275.697666667
279.531
279.5935
276.9185
279.531
279.620333333
275.512
279.552
279.467666667
276.076
279.552
279.5625
275.6
279.573
279.327333333
276.510666667
279.573
279.339666667
276.381333333
279.573
279.1965
276.3465
279.343
279.260666667
276.185666667
279.343
279.169333333
276.119333333
279.343
279.6435
277.931
279.504
279.363666667
277.238666667
279.46
279.649333333
278.424333333
279.46
280.4175
278.1425
279.582
280.542333333
279.817333333
279.582
281.149666667
280.024666667
279.582
280.5705
278.7205
279.566866384
281.573333333
279.431666667
279.381
281.389666667
278.631333333
279.381
279.3995
278.0495
278.948
279.818
277.176333333
278.948
278.43
276.521666667
278.948
278.4425
276.4675
278.944
276.587666667
275.612666667
278.944
276.133333333
275.358333333
278.944
276.5695
275.1695
279.1
275.818333333
274.893333333
279.1
275.957666667
274.682666667
