29.20000076
27.70000076
29.20000076
32.09999847
33.0
33.70000076
32.59999847
31.20000076
32.20000076
32.0
30.79999924
29.89999962
29.39999962
29.10000038
28.70000076
28.5
28.39999962
28.5
28.20000076
27.60000038
27.5
27.39999962
29.10000038
29.20000076
30.5
31.10000038
31.5
32.79999924
33.5
33.20000076
33.09999847
31.70000076
32.40000153
31.0
30.20000076
29.60000038
29.20000076
29.29999924
29.10000038
28.70000076
28.29999924
27.79999924
27.39999962
27.20000076
27.10000038
27.20000076
28.39999962
29.0
29.70000076
31.0
32.09999847
32.70000076
33.29999924
33.29999924
33.79999924
33.29999924
33.0
32.0
30.89999962
30.10000038
29.79999924
29.5
29.0
28.79999924
28.5
28.29999924
28.20000076
27.89999962
27.60000038
27.20000076
27.70000076
29.60000038
30.29999924
31.20000076
32.09999847
33.0
33.40000153
33.40000153
33.09999847
32.79999924
33.20000076
31.60000038
30.79999924
30.0
29.70000076
29.70000076
29.5
29.0
28.89999962
28.39999962
28.39999962
28.20000076
28.10000038
27.89999962
28.39999962
29.39999962
30.10000038
30.89999962
32.29999924
32.79999924
33.59999847
34.0
32.90000153
34.0
32.40000153
31.60000038
31.10000038
30.79999924
30.0
29.89999962
29.60000038
29.39999962
29.0
28.70000076
28.60000038
28.39999962
28.20000076
27.89999962
28.5
29.89999962
30.79999924
31.39999962
32.79999924
33.0
33.40000153
33.79999924
33.20000076
34.20000076
33.20000076
32.59999847
31.60000038
30.70000076
30.10000038
29.79999924
29.39999962
29.5
29.20000076
29.10000038
28.79999924
28.70000076
28.70000076
28.39999962
28.60000038
30.39999962
31.29999924
32.40000153
33.20000076
33.90000153
34.59999847
34.0
34.29999924
32.90000153
32.20000076
31.5
30.60000038
30.20000076
30.0
29.79999924
29.5
29.0
29.10000038
28.70000076
28.5
28.5
28.39999962
29.20000076
29.79999924
30.89999962
31.29999924
31.89999962
32.5
34.09999847
34.0
34.20000076
33.40000153
32.0
31.5
30.79999924
30.20000076
29.89999962
29.70000076
29.29999924
29.10000038
28.79999924
28.79999924
28.70000076
28.60000038
28.39999962
28.0
29.0
30.0
30.60000038
31.60000038
31.79999924
32.29999924
33.79999924
33.0
32.09999847
32.40000153
31.70000076
31.10000038
30.5
29.89999962
28.79999924
28.5
28.60000038
28.20000076
27.70000076
27.29999924
27.89999962
28.29999924
27.89999962
26.89999962
27.39999962
28.20000076
28.29999924
27.0
26.60000038
27.79999924
29.60000038
31.5
33.20000076
31.20000076
26.70000076
25.70000076
25.79999924
26.0
26.20000076
25.79999924
25.20000076
24.60000038
26.70000076
28.0
28.79999924
31.0
30.29999924
30.20000076
29.10000038
29.0
28.20000076
27.0
26.0
25.10000038
24.79999924
25.10000038
25.39999962
25.29999924
25.5
25.39999962
25.10000038
24.70000076
24.60000038
26.79999924
27.39999962
28.20000076
29.29999924
30.60000038
31.29999924
31.10000038
31.60000038
30.70000076
29.29999924
28.5
27.60000038
26.89999962
26.39999962
26.0
25.70000076
25.5
25.20000076
24.89999962
24.60000038
24.5
24.20000076
24.10000038
24.39999962
25.5
25.70000076
26.70000076
27.29999924
28.70000076
29.79999924
29.70000076
29.70000076
29.5
28.60000038
28.0
27.20000076
26.60000038
26.0
25.39999962
25.20000076
24.89999962
25.20000076
25.10000038
24.89999962
24.79999924
24.60000038
24.29999924
24.70000076
25.20000076
26.0
28.20000076
29.20000076
27.0
27.79999924
28.0
26.10000038
25.29999924
25.10000038
24.79999924
24.89999962
24.0
24.0
23.60000038
23.89999962
24.29999924
24.70000076
24.60000038
24.79999924
25.20000076
26.79999924
28.70000076
30.10000038
31.0
31.60000038
32.40000153
33.5
33.40000153
33.09999847
31.5
29.5
28.79999924
27.10000038
26.29999924
25.79999924
25.39999962
25.10000038
24.89999962
24.39999962
24.20000076
24.60000038
24.29999924
26.29999924
28.79999924
30.0
30.0
31.70000076
32.90000153
33.5
33.0
34.79999924
34.40000153
34.5
33.40000153
31.29999924
28.70000076
27.70000076
26.89999962
26.5
26.29999924
26.10000038
27.60000038
29.39999962
30.89999962
32.40000153
34.40000153
33.79999924
34.70000076
35.59999847
35.5
35.20000076
34.5
31.79999924
29.39999962
28.39999962
28.29999924
28.0
27.79999924
27.79999924
27.10000038
26.70000076
26.5
26.39999962
26.0
26.70000076
29.29999924
31.70000076
33.40000153
34.0
34.59999847
35.40000153
35.70000076
37.40000153
36.90000153
35.40000153
33.90000153
32.29999924
30.70000076
29.70000076
29.10000038
28.60000038
27.70000076
27.0
26.79999924
26.5
26.39999962
25.89999962
25.70000076
26.39999962
28.39999962
30.70000076
32.40000153
32.79999924
33.59999847
34.90000153
35.0
35.0
35.09999847
34.70000076
34.59999847
31.70000076
30.89999962
30.39999962
30.0
29.39999962
29.20000076
28.89999962
28.60000038
27.89999962
27.29999924
26.89999962
26.60000038
27.20000076
30.0
31.20000076
30.70000076
31.89999962
33.40000153
33.59999847
33.79999924
33.70000076
34.09999847
34.40000153
32.90000153
30.79999924
30.39999962
29.79999924
29.70000076
29.29999924
28.79999924
28.39999962
28.0
27.89999962
27.60000038
26.0
25.0
24.70000076
25.29999924
26.29999924
29.20000076
31.60000038
32.5
25.89999962
28.29999924
31.79999924
32.09999847
30.79999924
27.70000076
27.70000076
27.10000038
26.79999924
26.60000038
26.5
26.20000076
26.79999924
28.39999962
29.10000038
29.89999962
30.5
31.0
32.70000076
31.29999924
27.39999962
27.39999962
27.20000076
24.79999924
24.89999962
25.0
25.20000076
25.10000038
25.0
25.0
25.10000038
25.79999924
27.5
29.0
30.5
30.5
31.39999962
33.20000076
33.20000076
29.70000076
27.89999962
27.10000038
26.60000038
26.5
26.5
26.39999962
26.39999962
26.39999962
26.0
25.89999962
25.70000076
25.39999962
25.20000076
25.0
25.0
25.60000038
28.29999924
30.29999924
31.5
32.40000153
32.70000076
33.70000076
33.90000153
34.20000076
34.40000153
30.70000076
29.79999924
27.39999962
27.29999924
27.0
26.89999962
27.0
26.60000038
26.20000076
25.89999962
25.79999924
26.20000076
26.39999962
26.29999924
26.79999924
29.0
30.39999962
29.5
29.20000076
29.5
27.79999924
29.29999924
29.10000038
27.20000076
25.5
25.60000038
25.89999962
26.0
25.79999924
25.70000076
25.70000076
25.5
25.60000038
25.60000038
25.5
25.60000038
25.60000038
25.70000076
25.89999962
26.79999924
25.79999924
24.60000038
24.89999962
25.20000076
25.60000038
26.5
26.79999924
26.89999962
27.0
26.79999924
26.10000038
26.0
25.79999924
25.60000038
25.5
25.29999924
25.5
25.10000038
25.10000038
25.10000038
25.10000038
25.5
26.79999924
27.70000076
30.0
31.60000038
31.10000038
31.0
30.89999962
30.20000076
29.5
29.0
26.60000038
25.89999962
25.70000076
25.60000038
25.70000076
25.70000076
25.79999924
27.0
27.20000076
27.10000038
27.20000076
27.5
28.10000038
29.20000076
30.5
27.89999962
27.0
27.70000076
28.10000038
25.5
27.10000038
27.89999962
27.89999962
28.0
28.0
28.10000038
27.79999924
27.70000076
27.70000076
27.29999924
26.60000038
26.5
26.5
26.79999924
25.0
24.70000076
25.20000076
25.5
26.0
27.39999962
27.79999924
28.39999962
27.79999924
26.79999924
26.0
26.0
25.5
25.5
25.60000038
25.89999962
25.79999924
25.70000076
26.10000038
26.60000038
26.60000038
26.5
26.70000076
26.79999924
27.60000038
28.0
29.60000038
30.79999924
27.39999962
27.20000076
28.29999924
28.29999924
28.79999924
28.70000076
28.70000076
28.39999962
27.39999962
27.39999962
27.20000076
27.5
27.20000076
27.10000038
26.89999962
26.5
26.29999924
26.20000076
26.89999962
28.20000076
28.5
27.89999962
30.39999962
31.29999924
31.29999924
27.60000038
29.20000076
30.0
29.5
29.0
28.60000038
28.39999962
28.29999924
28.10000038
26.5
26.10000038
25.89999962
25.60000038
25.29999924
25.20000076
25.10000038
25.0
26.20000076
27.89999962
29.29999924
28.39999962
27.29999924
28.89999962
24.79999924
26.0
27.5
26.79999924
25.0
25.20000076
25.10000038
24.70000076
24.70000076
24.60000038
24.60000038
24.60000038
24.70000076
24.39999962
24.29999924
24.10000038
24.20000076
24.10000038
25.0
28.0
28.79999924
30.20000076
30.79999924
31.5
31.5
31.79999924
32.20000076
28.79999924
27.10000038
27.0
26.60000038
25.39999962
25.10000038
24.70000076
24.60000038
24.5
24.29999924
24.10000038
23.89999962
23.70000076
23.60000038
23.60000038
24.29999924
26.89999962
29.29999924
29.5
30.79999924
31.29999924
27.60000038
28.10000038
29.10000038
28.20000076
27.79999924
27.60000038
26.79999924
26.5
26.29999924
25.5
25.0
24.89999962
24.39999962
24.29999924
24.39999962
24.29999924
24.70000076
26.10000038
27.10000038
27.70000076
27.39999962
28.89999962
30.10000038
29.89999962
29.70000076
29.29999924
28.79999924
28.60000038
27.89999962
27.10000038
27.0
26.10000038
24.79999924
24.5
24.10000038
23.89999962
23.60000038
23.39999962
23.5
23.79999924
24.79999924
27.89999962
29.10000038
29.20000076
30.60000038
29.70000076
31.60000038
32.40000153
32.79999924
32.20000076
31.70000076
30.5
29.29999924
28.29999924
28.0
27.60000038
26.70000076
25.70000076
24.79999924
24.39999962
24.20000076
23.89999962
23.79999924
23.70000076
24.20000076
27.10000038
28.39999962
30.10000038
30.70000076
31.79999924
32.0
31.5
32.20000076
32.0
31.70000076
29.20000076
27.89999962
27.0
26.39999962
26.0
25.79999924
25.79999924
25.60000038
25.0
24.79999924
24.79999924
24.70000076
24.39999962
25.0
27.70000076
28.5
29.39999962
29.89999962
30.39999962
31.70000076
32.29999924
32.29999924
33.40000153
32.29999924
32.0
30.5
27.60000038
26.0
25.39999962
24.89999962
24.5
24.10000038
24.0
23.79999924
23.70000076
23.60000038
23.39999962
24.39999962
26.89999962
29.70000076
28.89999962
30.10000038
31.29999924
32.29999924
32.20000076
33.70000076
32.90000153
32.59999847
32.5
29.39999962
27.20000076
26.5
25.89999962
25.29999924
24.89999962
24.5
24.29999924
24.10000038
23.89999962
23.70000076
23.60000038
24.39999962
27.89999962
29.89999962
29.89999962
31.20000076
32.20000076
33.29999924
34.20000076
33.59999847
34.09999847
34.70000076
33.20000076
29.70000076
27.39999962
26.10000038
25.5
25.10000038
25.10000038
24.89999962
24.70000076
24.60000038
24.39999962
24.20000076
24.20000076
24.79999924
27.5
29.60000038
31.20000076
32.40000153
32.70000076
33.90000153
33.79999924
34.0
34.5
34.09999847
33.20000076
30.29999924
28.10000038
27.20000076
26.70000076
26.29999924
26.10000038
25.79999924
25.5
25.20000076
25.10000038
24.89999962
24.89999962
25.39999962
27.70000076
30.39999962
30.89999962
32.90000153
32.90000153
33.70000076
34.40000153
34.90000153
35.5
35.59999847
34.20000076
30.79999924
29.0
29.20000076
27.29999924
26.60000038
25.89999962
25.89999962
26.70000076
25.70000076
25.20000076
24.70000076
24.29999924
25.0
27.39999962
29.70000076
30.89999962
34.79999924
35.90000153
36.20000076
35.90000153
35.0
31.70000076
29.39999962
28.20000076
27.60000038
28.60000038
28.60000038
28.0
26.79999924
26.5
26.20000076
26.5
26.20000076
27.20000076
29.79999924
30.70000076
32.20000076
33.70000076
34.0
34.0
35.09999847
35.40000153
35.59999847
35.59999847
34.40000153
32.79999924
29.60000038
28.60000038
28.20000076
27.70000076
29.5
29.20000076
26.70000076
26.20000076
25.70000076
25.89999962
25.60000038
26.0
30.29999924
31.29999924
32.29999924
33.40000153
33.90000153
34.79999924
33.20000076
32.59999847
32.0
31.60000038
30.89999962
29.39999962
28.5
28.20000076
27.60000038
27.60000038
27.29999924
27.10000038
27.29999924
28.29999924
28.0
27.70000076
26.29999924
25.60000038
26.5
27.20000076
27.5
28.39999962
29.70000076
30.70000076
30.89999962
28.70000076
26.20000076
26.79999924
26.89999962
26.60000038
25.89999962
25.89999962
25.89999962
25.79999924
25.79999924
25.70000076
25.89999962
25.89999962
25.79999924
25.79999924
25.79999924
25.79999924
25.39999962
24.5
24.20000076
24.39999962
24.70000076
25.29999924
25.0
25.60000038
26.5
27.0
27.29999924
26.89999962
26.29999924
25.89999962
25.70000076
25.39999962
25.39999962
25.5
25.5
25.70000076
25.79999924
26.0
24.79999924
25.0
26.60000038
29.0
30.70000076
31.29999924
31.60000038
33.09999847
33.79999924
34.0
34.09999847
31.60000038
31.89999962
30.39999962
29.89999962
29.5
29.10000038
28.89999962
27.60000038
27.10000038
26.70000076
26.5
26.39999962
26.10000038
25.89999962
26.29999924
29.20000076
30.0
30.5
28.89999962
24.70000076
26.39999962
28.20000076
30.0
28.60000038
25.79999924
25.0
25.10000038
25.20000076
25.10000038
25.10000038
25.29999924
25.39999962
25.5
25.5
25.60000038
25.70000076
25.79999924
25.60000038
25.70000076
25.60000038
25.79999924
25.5
26.79999924
29.39999962
30.10000038
24.20000076
24.20000076
24.60000038
25.10000038
25.39999962
25.79999924
25.70000076
25.5
25.10000038
24.79999924
24.70000076
24.60000038
24.60000038
24.70000076
24.70000076
24.70000076
24.70000076
24.89999962
25.39999962
26.39999962
26.39999962
27.70000076
28.79999924
29.20000076
27.70000076
26.5
25.5
23.70000076
23.70000076
23.79999924
23.70000076
23.89999962
23.79999924
23.89999962
24.0
24.10000038
24.20000076
24.29999924
24.39999962
24.60000038
24.89999962
26.29999924
27.79999924
29.20000076
30.29999924
31.29999924
30.79999924
32.29999924
32.0
30.70000076
30.0
29.0
28.29999924
28.20000076
27.60000038
27.10000038
26.60000038
26.79999924
26.60000038
26.70000076
26.79999924
27.10000038
27.0
27.20000076
27.79999924
29.0
29.89999962
31.0
31.60000038
32.59999847
32.5
27.89999962
28.29999924
28.79999924
28.70000076
28.39999962
27.29999924
26.5
26.20000076
26.20000076
26.29999924
26.29999924
26.10000038
26.10000038
26.39999962
26.29999924
26.20000076
26.60000038
29.20000076
29.89999962
31.0
32.0
33.0
33.40000153
34.0
33.70000076
33.29999924
31.79999924
30.39999962
29.60000038
29.39999962
28.79999924
28.70000076
28.5
28.39999962
28.20000076
28.0
27.0
26.39999962
26.0
26.39999962
29.60000038
30.5
30.0
32.09999847
33.29999924
33.29999924
33.20000076
35.40000153
35.0
34.29999924
32.79999924
31.5
30.79999924
29.79999924
28.79999924
28.0
27.79999924
27.89999962
28.5
27.39999962
27.0
29.0
29.29999924
29.5
30.89999962
31.0
30.79999924
26.29999924
24.29999924
25.39999962
26.79999924
27.79999924
27.29999924
26.79999924
26.39999962
26.20000076
26.10000038
25.89999962
25.89999962
26.10000038
26.0
25.89999962
25.60000038
25.60000038
25.89999962
27.5
29.0
31.29999924
31.89999962
32.70000076
33.20000076
33.5
33.70000076
33.09999847
33.20000076
32.20000076
30.29999924
28.39999962
28.70000076
28.0
27.79999924
27.89999962
26.60000038
25.60000038
25.70000076
25.70000076
25.89999962
25.79999924
26.5
28.20000076
28.70000076
30.70000076
31.0
31.89999962
32.59999847
33.40000153
33.40000153
32.90000153
33.09999847
32.09999847
29.70000076
27.89999962
27.5
26.5
26.0
26.0
25.79999924
25.70000076
25.39999962
25.5
25.20000076
25.10000038
26.20000076
29.0
28.70000076
30.70000076
31.60000038
32.20000076
33.09999847
33.5
34.0
34.09999847
33.5
32.40000153
29.79999924
27.79999924
26.89999962
26.5
26.10000038
25.79999924
25.60000038
26.10000038
26.20000076
26.0
26.29999924
25.29999924
25.20000076
27.89999962
30.20000076
31.10000038
31.60000038
32.79999924
34.0
34.40000153
34.20000076
34.29999924
33.90000153
32.40000153
29.29999924
27.29999924
26.20000076
25.60000038
24.89999962
24.39999962
23.89999962
23.60000038
23.29999924
23.29999924
22.79999924
22.0
23.0
25.70000076
28.79999924
30.29999924
32.29999924
33.29999924
33.70000076
33.79999924
34.0
33.09999847
32.20000076
28.89999962
26.89999962
25.79999924
25.10000038
24.70000076
24.29999924
24.0
23.79999924
23.60000038
23.5
23.20000076
23.20000076
23.79999924
26.60000038
29.79999924
31.70000076
32.09999847
32.79999924
33.5
34.20000076
34.20000076
33.70000076
32.09999847
30.39999962
29.20000076
28.89999962
27.5
26.89999962
26.10000038
25.70000076
25.10000038
24.79999924
24.5
24.39999962
24.29999924
24.39999962
24.70000076
26.89999962
29.5
30.29999924
31.20000076
32.29999924
32.90000153
33.09999847
34.40000153
33.70000076
33.29999924
29.89999962
28.89999962
29.0
27.10000038
25.79999924
25.20000076
25.10000038
24.89999962
24.79999924
24.60000038
24.5
24.70000076
24.5
24.5
24.70000076
25.79999924
28.0
29.89999962
30.60000038
30.10000038
30.20000076
30.10000038
30.39999962
28.39999962
27.89999962
27.20000076
26.89999962
26.20000076
25.79999924
25.5
25.20000076
25.0
24.89999962
24.89999962
25.20000076
25.89999962
27.10000038
28.89999962
30.29999924
30.29999924
26.60000038
24.20000076
25.0
26.10000038
26.20000076
25.5
25.10000038
25.10000038
25.10000038
25.0
24.89999962
25.0
24.79999924
24.70000076
24.60000038
24.5
24.5
24.29999924
24.5
24.60000038
26.5
27.39999962
28.60000038
29.20000076
29.39999962
27.60000038
25.79999924
25.0
24.5
24.70000076
24.79999924
24.89999962
24.79999924
24.79999924
24.70000076
24.60000038
24.60000038
24.60000038
24.5
24.39999962
24.60000038
24.39999962
24.60000038
25.29999924
27.20000076
26.89999962
27.5
27.89999962
28.0
26.70000076
26.0
26.39999962
26.70000076
27.10000038
25.5
25.20000076
25.20000076
25.29999924
25.20000076
25.20000076
25.20000076
25.0
25.10000038
25.10000038
25.0
25.0
25.10000038
25.60000038
26.10000038
26.60000038
27.70000076
28.89999962
28.39999962
27.60000038
25.29999924
25.20000076
25.29999924
25.29999924
25.10000038
25.0
25.0
25.0
24.10000038
24.10000038
24.20000076
24.29999924
24.60000038
24.70000076
24.70000076
24.60000038
24.89999962
25.60000038
26.10000038
26.10000038
26.20000076
26.60000038
26.79999924
26.0
25.5
25.29999924
25.39999962
25.39999962
25.0
25.0
24.89999962
24.70000076
24.79999924
24.60000038
24.60000038
24.5
24.39999962
24.39999962
24.5
24.5
24.70000076
25.5
26.5
26.89999962
26.5
26.70000076
27.0
27.79999924
27.89999962
28.20000076
27.79999924
27.70000076
26.79999924
26.20000076
25.89999962
25.70000076
25.60000038
25.5
25.5
25.39999962
25.39999962
25.0
24.79999924
24.5
24.70000076
26.89999962
28.70000076
29.79999924
30.39999962
32.09999847
31.89999962
33.09999847
32.5
32.59999847
30.89999962
29.10000038
28.79999924
28.10000038
27.20000076
26.39999962
25.89999962
25.5
25.29999924
25.20000076
25.0
24.79999924
24.5
25.10000038
28.0
28.60000038
29.29999924
30.70000076
31.79999924
32.29999924
32.59999847
33.09999847
32.90000153
32.29999924
31.5
29.79999924
29.39999962
27.70000076
28.5
28.89999962
28.10000038
27.60000038
27.29999924
27.0
26.60000038
26.10000038
25.89999962
25.89999962
28.0
29.29999924
30.20000076
31.79999924
