11.4
12.3
12.9
13.8
14.8
16.6
17.2
17.0
16.3
15.1
12.6
12.1
12.0
11.8
10.6
10.6
10.6
10.4
9.4
9.0
8.6
8.4
7.9
8.8
11.5
13.7
16.4
17.7
18.9
20.3
21.0
22.0
21.0
19.1
15.9
13.8
13.0
12.6
12.2
12.0
12.6
13.0
13.2
13.4
13.5
13.5
13.8
13.9
15.0
16.4
18.0
18.5
19.5
20.1
20.6
21.3
20.2
18.6
17.0
15.9
14.6
14.5
14.3
14.0
13.7
13.5
13.4
13.1
12.8
12.8
12.6
12.5
12.9
13.0
12.4
12.6
13.2
12.2
12.7
13.1
12.8
12.2
11.7
11.4
11.2
11.0
10.8
10.7
10.4
10.3
9.9
9.8
9.7
9.5
9.3
9.5
9.2
10.5
14.1
14.0
13.1
12.2
11.3
10.5
9.9
9.8
9.6
9.5
8.8
8.5
7.8
7.6
7.7
8.0
10.0
12.1
12.3
13.1
13.8
13.3
13.2
13.2
13.0
12.5
12.1
11.3
11.1
11.0
10.9
10.7
10.6
10.4
10.1
10.1
10.8
11.4
13.5
16.2
16.1
16.8
15.6
15.5
15.1
14.2
13.8
13.2
13.0
12.7
12.7
12.5
12.5
12.2
12.2
12.0
11.8
11.4
11.0
10.4
10.6
12.8
14.3
15.6
18.4
17.7
16.2
14.9
11.9
10.0
9.0
8.6
8.9
7.5
6.7
6.6
5.9
5.5
5.8
6.7
6.4
8.2
11.2
14.0
15.0
17.2
17.7
18.6
18.2
17.7
16.7
15.9
14.2
13.0
11.8
11.1
10.2
10.2
9.6
8.2
7.4
7.2
7.4
7.6
7.2
7.6
10.8
13.7
15.1
16.9
17.2
17.9
18.4
18.3
17.4
16.1
13.9
13.4
13.2
13.2
12.7
12.2
11.7
11.5
11.0
10.5
10.9
10.7
10.6
11.2
13.4
16.2
16.6
18.0
17.3
16.7
16.2
16.0
15.8
15.2
14.5
14.2
13.8
13.6
13.5
13.4
12.5
11.2
11.4
10.8
10.4
10.0
8.8
12.9
17.2
18.8
19.5
22.1
21.8
22.5
22.4
21.5
19.3
14.8
12.8
12.1
10.8
10.0
9.4
8.9
8.5
8.2
7.8
7.7
7.5
7.7
9.1
11.7
16.2
18.6
20.0
21.4
22.0
22.2
22.6
21.5
19.9
15.6
13.6
12.6
12.1
12.0
11.7
11.7
11.4
11.6
11.8
12.4
12.3
12.4
13.1
16.2
18.1
20.2
21.3
21.6
23.1
22.2
21.3
20.3
18.2
17.2
16.7
16.6
16.7
16.5
16.7
15.9
15.0
14.5
14.2
14.3
14.2
14.1
14.2
14.6
15.0
16.5
17.8
18.0
19.7
20.4
20.8
20.5
19.7
18.6
18.0
16.7
16.0
15.3
14.9
14.5
14.2
14.4
14.8
15.4
16.0
16.1
16.3
17.6
18.5
19.4
20.0
21.5
22.0
22.5
21.3
19.5
18.1
16.7
15.6
15.3
15.5
14.7
14.2
13.9
13.8
13.7
13.5
13.1
13.2
13.8
15.4
17.3
20.1
22.3
22.8
24.5
24.1
24.2
23.7
22.4
20.7
18.1
17.3
17.0
16.7
16.4
16.0
15.7
15.8
16.5
15.3
14.3
14.0
14.3
16.9
20.0
20.9
21.4
21.9
21.8
21.9
21.5
21.2
20.8
19.3
19.1
17.6
16.9
16.9
16.7
16.6
16.4
16.5
16.4
16.3
16.7
16.7
17.0
18.5
19.3
19.8
20.4
21.4
21.4
21.4
21.6
21.0
19.8
19.1
18.7
18.1
18.2
17.9
18.0
17.7
17.4
17.3
17.3
16.7
16.5
16.7
16.9
17.7
18.7
19.3
20.9
22.1
22.2
23.4
23.0
22.5
21.3
21.0
20.6
20.1
20.1
19.9
19.5
19.1
19.0
18.8
18.7
18.6
18.4
18.6
18.8
19.5
20.0
20.5
21.3
21.7
22.2
24.3
24.4
23.9
23.0
21.2
21.4
20.5
18.8
18.6
18.6
18.7
18.6
18.8
18.8
18.8
18.9
18.8
19.1
19.8
20.9
22.0
23.0
23.4
24.4
24.6
24.9
23.6
20.8
20.2
20.2
20.2
20.1
20.2
20.0
20.0
19.4
19.3
19.2
19.2
19.2
19.2
19.4
20.0
20.4
20.8
20.7
21.0
20.5
20.6
20.3
20.3
20.3
20.3
20.2
20.1
20.0
19.6
19.3
19.2
19.1
19.1
19.0
19.0
19.1
19.2
19.3
20.2
21.2
22.0
23.1
23.0
22.8
23.7
22.9
22.4
21.9
22.0
22.0
21.6
21.3
21.0
20.7
20.3
19.7
19.7
19.7
19.7
19.6
19.8
20.1
20.5
23.1
23.4
24.2
23.7
24.1
23.9
23.9
23.0
22.1
21.6
21.7
21.8
21.7
21.3
20.7
20.3
20.1
20.0
19.9
19.6
19.8
20.2
20.6
24.2
24.6
25.1
25.2
25.0
24.7
24.4
23.4
22.5
21.4
21.6
21.5
21.0
20.5
20.2
20.0
20.2
20.2
20.0
20.3
20.8
21.7
21.8
21.9
22.4
22.4
22.5
22.3
22.2
21.7
21.6
21.3
21.0
20.5
20.2
20.0
19.6
19.4
19.2
19.1
19.0
18.9
18.9
18.9
19.3
19.5
20.2
21.1
22.2
22.3
22.6
22.7
22.4
22.3
22.0
21.7
21.1
20.7
20.4
19.4
15.4
14.8
14.0
13.2
12.6
14.0
14.8
16.3
17.5
18.0
18.0
17.4
16.1
15.1
14.7
14.4
14.1
13.7
13.4
13.1
12.8
12.6
12.5
12.4
12.2
12.2
12.2
12.5
13.5
13.7
14.8
15.6
16.4
16.8
17.4
17.5
17.3
16.5
16.3
16.3
16.2
15.9
16.1
15.9
15.8
15.8
15.9
15.9
15.9
15.9
16.0
16.1
16.6
17.1
17.3
18.0
18.2
18.4
18.0
16.5
15.4
14.9
14.4
14.1
13.9
13.5
12.7
12.6
12.2
11.9
11.6
11.5
11.5
11.5
11.7
12.3
12.6
13.1
13.0
12.6
12.6
12.9
12.9
12.8
12.7
12.6
12.6
12.6
12.7
12.7
12.7
12.7
13.0
13.3
13.6
13.8
13.8
13.8
13.4
13.8
13.8
14.5
14.9
15.2
15.1
14.9
14.4
14.4
14.3
14.2
14.3
14.5
14.0
13.6
13.4
13.1
12.8
12.6
12.5
12.1
12.0
11.9
11.8
11.6
11.4
11.1
11.2
11.1
11.2
11.4
11.5
11.4
11.0
10.9
10.7
10.7
10.8
10.7
10.8
10.7
10.7
10.6
10.5
10.6
10.6
10.5
10.7
10.7
11.1
12.0
13.4
14.7
15.9
16.5
16.9
17.5
17.5
17.2
16.5
16.3
16.2
15.9
15.7
15.7
15.8
16.0
16.4
16.5
16.6
16.7
16.8
17.0
17.7
18.2
19.5
20.5
20.7
21.2
21.5
21.1
21.0
20.7
20.0
19.1
18.4
17.9
17.5
17.2
17.0
16.9
17.5
17.6
17.8
17.6
17.8
18.7
19.9
20.6
22.3
22.8
23.2
22.6
21.2
20.1
20.1
19.4
18.9
18.4
18.3
18.2
18.1
17.8
16.3
15.3
14.7
14.5
14.2
14.1
14.1
14.0
14.0
14.0
14.4
15.0
15.5
15.3
15.3
15.8
15.3
14.7
14.5
14.6
14.3
14.1
14.1
14.0
13.9
13.7
13.6
13.6
13.6
13.5
13.5
13.6
13.8
13.5
13.7
13.7
13.7
13.2
12.7
12.6
12.5
12.3
12.1
12.1
12.1
11.9
11.7
11.7
11.6
11.6
11.4
11.4
11.3
11.6
11.9
12.1
13.1
13.3
12.6
13.1
15.0
15.1
15.0
14.8
14.2
14.0
14.1
14.1
14.1
14.0
14.0
13.9
13.8
13.7
13.8
13.9
14.0
14.3
14.9
15.5
16.2
16.5
16.9
17.3
17.2
17.4
17.2
16.8
16.6
16.3
16.1
16.1
16.4
16.8
16.9
16.9
16.7
16.4
16.5
16.6
16.7
17.9
18.5
18.5
18.7
19.0
19.9
20.7
20.6
20.3
19.9
19.6
19.1
19.2
19.2
19.2
19.5
19.2
19.3
19.5
19.6
19.5
19.4
19.6
19.6
19.7
20.0
20.3
20.6
21.1
21.0
20.8
21.0
20.8
21.0
21.0
20.8
20.8
20.6
20.6
20.3
20.4
20.4
20.5
20.4
20.4
20.3
20.3
20.3
20.7
21.1
21.9
22.5
23.3
24.2
24.5
25.2
24.9
24.3
23.4
23.1
22.9
22.8
22.6
22.6
22.4
22.1
21.8
21.6
21.4
21.2
21.0
21.0
21.3
22.7
22.9
23.1
24.8
24.7
24.5
24.4
24.1
23.8
23.7
23.4
23.5
23.3
23.2
23.0
22.9
22.8
22.4
21.7
21.6
21.4
21.1
21.0
21.5
22.3
23.8
24.2
25.4
26.1
26.0
25.8
26.1
25.2
24.5
24.0
23.5
23.3
23.0
22.9
22.6
22.4
22.3
22.0
21.7
21.8
21.9
22.0
22.2
23.2
24.5
25.1
25.4
27.4
26.7
27.6
27.5
26.6
25.5
24.5
23.8
23.5
23.0
22.7
22.5
22.6
22.6
22.4
22.4
22.4
21.9
21.7
22.9
24.2
24.6
25.3
26.3
27.3
29.0
28.2
28.7
27.8
26.6
25.3
23.9
21.8
21.2
20.7
20.1
20.0
20.2
20.1
19.9
19.7
20.3
21.2
21.5
22.6
24.2
25.6
26.0
24.3
24.1
24.4
24.1
23.5
23.2
22.7
22.1
22.0
21.9
21.7
20.8
20.3
20.5
20.3
20.0
19.9
19.2
19.5
19.6
19.7
20.8
23.3
23.3
24.3
24.1
24.0
23.9
22.6
22.2
21.8
21.8
21.7
21.6
21.5
21.3
20.4
20.2
19.8
18.7
17.7
17.3
17.3
18.3
20.9
21.7
23.0
23.0
23.3
20.0
18.1
18.6
18.9
18.9
18.6
18.3
17.9
17.8
17.5
17.7
17.9
18.1
18.0
17.8
17.8
17.8
17.8
18.1
18.8
20.2
21.7
23.1
20.8
21.1
21.0
20.6
19.7
19.2
18.7
18.3
18.1
17.9
17.6
17.3
17.3
17.0
16.9
16.9
16.8
17.3
17.9
19.1
19.5
20.5
20.9
21.8
21.2
21.6
20.8
19.5
18.8
18.5
17.5
16.7
16.3
15.9
15.8
15.9
15.7
15.6
15.6
15.6
15.8
16.1
16.8
17.8
18.0
17.7
17.7
17.8
17.7
17.9
18.2
18.0
17.7
17.3
17.1
17.1
17.0
17.0
16.9
16.8
16.7
16.6
16.7
16.6
16.8
17.4
19.4
20.9
22.0
23.1
23.1
23.2
23.2
23.5
22.8
22.1
21.5
20.8
19.8
19.4
18.7
17.9
17.6
17.6
17.8
17.1
16.7
16.7
16.9
18.9
21.3
22.3
22.7
24.0
25.1
25.8
26.7
26.1
25.4
24.7
23.9
22.0
20.5
19.5
19.8
19.2
18.5
17.9
17.2
16.8
16.8
17.2
17.8
18.6
20.1
21.4
22.0
22.4
22.7
23.7
24.5
21.1
21.0
21.0
20.8
20.5
20.5
20.4
20.3
20.3
21.0
22.3
22.9
23.7
25.4
24.8
26.2
26.4
25.9
25.7
25.3
24.0
23.3
22.8
22.5
22.2
22.3
22.4
22.5
22.3
22.1
21.9
21.8
21.8
22.2
23.6
25.0
26.2
26.0
27.3
27.9
26.9
27.0
26.3
23.5
23.2
22.8
22.70000076
22.5
22.29999924
22.20000076
21.70000076
21.89999962
22.0
22.20000076
22.60000038
23.39999962
24.60000038
25.29999924
25.70000076
25.60000038
26.60000038
26.39999962
26.70000076
26.20000076
25.10000038
24.79999924
24.5
24.5
24.29999924
23.39999962
23.70000076
23.79999924
23.70000076
23.60000038
23.39999962
23.5
23.5
23.60000038
24.0
24.39999962
25.5
26.0
28.0
28.0
28.0
28.5
28.20000076
27.79999924
26.89999962
25.29999924
24.89999962
24.79999924
24.39999962
24.5
24.60000038
24.5
24.29999924
24.39999962
24.5
24.39999962
24.5
24.5
24.60000038
24.70000076
25.0
26.39999962
27.10000038
26.29999924
26.29999924
26.29999924
26.0
26.10000038
26.0
25.79999924
25.60000038
25.60000038
25.39999962
25.39999962
25.39999962
25.20000076
25.0
24.70000076
24.79999924
24.79999924
24.5
24.60000038
25.70000076
26.29999924
26.70000076
27.60000038
28.60000038
28.79999924
29.29999924
30.0
29.29999924
28.60000038
27.39999962
26.29999924
25.60000038
25.29999924
24.89999962
24.70000076
24.70000076
24.60000038
24.5
24.70000076
24.39999962
23.79999924
23.39999962
23.39999962
26.0
26.89999962
26.79999924
27.89999962
29.20000076
30.20000076
30.29999924
30.60000038
30.39999962
30.20000076
28.89999962
27.60000038
26.0
25.5
22.79999924
22.29999924
21.5
21.10000038
21.0
20.39999962
20.29999924
20.20000076
19.89999962
20.10000038
22.0
25.20000076
28.0
28.39999962
29.29999924
30.70000076
31.0
31.20000076
32.0
31.20000076
29.79999924
28.10000038
25.10000038
25.20000076
23.70000076
23.20000076
23.10000038
22.79999924
22.5
22.10000038
22.10000038
22.39999962
22.70000076
22.89999962
23.60000038
25.0
25.0
25.89999962
27.60000038
29.0
29.5
28.39999962
24.89999962
22.79999924
21.10000038
21.0
20.10000038
19.5
18.79999924
16.20000076
16.5
16.5
16.20000076
14.0
13.39999962
13.30000019
13.0
13.19999981
13.30000019
13.89999962
13.80000019
12.39999962
12.30000019
12.5
12.89999962
13.10000038
13.60000038
13.60000038
13.60000038
13.5
13.39999962
13.5
13.39999962
13.39999962
13.19999981
12.89999962
12.89999962
12.80000019
12.69999981
13.39999962
13.89999962
15.30000019
14.80000019
15.10000038
15.60000038
14.80000019
14.80000019
14.30000019
13.60000038
13.30000019
13.10000038
13.19999981
13.19999981
13.39999962
13.19999981
13.19999981
13.0
13.0
12.89999962
12.69999981
12.60000038
12.60000038
12.69999981
12.80000019
13.19999981
14.0
14.0
13.89999962
14.60000038
14.80000019
14.39999962
14.10000038
14.0
13.89999962
13.69999981
13.5
13.10000038
12.60000038
12.60000038
12.39999962
12.39999962
12.39999962
12.30000019
12.30000019
12.39999962
12.39999962
12.60000038
12.60000038
12.80000019
13.0
13.39999962
13.5
14.89999962
15.10000038
15.5
15.69999981
15.30000019
15.10000038
15.0
14.89999962
14.89999962
14.89999962
14.89999962
15.0
15.0
14.89999962
14.80000019
14.30000019
13.69999981
13.19999981
13.60000038
15.5
18.0
19.10000038
21.39999962
22.20000076
23.60000038
24.10000038
24.10000038
24.60000038
24.70000076
23.39999962
20.29999924
17.5
16.0
15.19999981
14.80000019
14.30000019
13.89999962
13.5
13.30000019
13.89999962
13.0
12.89999962
14.89999962
18.70000076
21.79999924
22.89999962
24.39999962
25.29999924
26.20000076
26.79999924
27.29999924
27.60000038
26.70000076
25.20000076
21.70000076
18.5
