27.79999924
26.5
25.60000038
23.79999924
23.29999924
22.29999924
21.79999924
21.5
21.5
21.60000038
21.79999924
21.60000038
21.5
21.10000038
21.0
21.79999924
24.70000076
27.0
28.70000076
28.89999962
29.89999962
30.20000076
29.5
29.39999962
28.60000038
25.39999962
23.70000076
22.79999924
22.29999924
21.70000076
21.39999962
21.10000038
20.79999924
20.70000076
20.5
20.39999962
20.5
20.29999924
20.60000038
21.39999962
22.5
25.29999924
25.89999962
25.5
26.79999924
27.29999924
26.79999924
26.39999962
25.70000076
24.79999924
24.39999962
24.39999962
24.39999962
24.0
23.39999962
22.5
21.79999924
21.39999962
21.0
20.79999924
20.39999962
20.10000038
20.0
21.20000076
22.79999924
24.29999924
25.39999962
26.89999962
27.39999962
28.29999924
28.5
28.20000076
27.10000038
25.5
24.10000038
23.79999924
23.0
22.29999924
21.70000076
21.79999924
21.70000076
21.60000038
21.70000076
21.60000038
21.70000076
21.60000038
21.29999924
21.79999924
23.20000076
24.10000038
23.79999924
24.20000076
25.10000038
25.10000038
25.10000038
25.10000038
24.5
23.60000038
23.20000076
22.79999924
22.39999962
21.60000038
21.5
21.29999924
21.60000038
21.70000076
21.39999962
21.0
20.79999924
20.60000038
20.20000076
21.39999962
22.79999924
24.20000076
26.0
26.29999924
28.0
27.79999924
28.0
27.60000038
26.10000038
24.20000076
22.89999962
22.39999962
22.5
21.70000076
21.29999924
20.29999924
20.0
19.70000076
19.5
19.5
19.20000076
19.29999924
18.79999924
19.89999962
22.10000038
23.70000076
25.0
25.89999962
27.0
27.29999924
27.20000076
27.39999962
25.89999962
23.5
22.39999962
21.39999962
20.20000076
20.10000038
20.0
19.70000076
19.10000038
19.0
18.5
18.0
18.0
18.5
18.0
19.10000038
20.89999962
23.39999962
24.79999924
25.70000076
26.29999924
26.60000038
26.60000038
26.29999924
25.29999924
22.39999962
20.89999962
20.20000076
20.39999962
20.20000076
19.70000076
19.79999924
20.0
20.10000038
20.0
20.60000038
19.70000076
18.20000076
16.89999962
17.10000038
17.29999924
18.20000076
19.70000076
20.60000038
21.39999962
19.70000076
18.60000038
17.70000076
17.60000038
17.60000038
17.29999924
17.10000038
16.70000076
16.39999962
16.39999962
16.39999962
16.20000076
16.0
15.39999962
15.19999981
16.29999924
18.20000076
19.70000076
20.60000038
21.79999924
22.89999962
23.29999924
23.29999924
23.10000038
21.89999962
20.20000076
18.70000076
18.79999924
18.70000076
18.39999962
18.20000076
17.89999962
17.70000076
17.5
17.29999924
17.20000076
17.29999924
17.20000076
17.39999962
17.89999962
18.79999924
19.70000076
20.79999924
22.89999962
23.89999962
24.20000076
23.60000038
22.39999962
21.10000038
20.5
20.29999924
20.39999962
20.29999924
20.39999962
20.60000038
20.20000076
19.89999962
19.79999924
19.5
19.39999962
19.10000038
19.29999924
21.70000076
23.0
23.89999962
24.29999924
25.0
25.20000076
24.79999924
24.0
21.60000038
19.0
18.10000038
17.79999924
17.5
17.60000038
17.39999962
16.89999962
16.70000076
14.80000019
14.60000038
14.30000019
14.10000038
13.89999962
13.60000038
13.69999981
13.80000019
14.5
14.19999981
14.19999981
14.19999981
14.10000038
14.10000038
14.19999981
14.10000038
14.0
14.0
13.89999962
13.89999962
14.0
13.89999962
14.0
14.0
14.0
13.80000019
13.80000019
13.89999962
13.89999962
13.5
13.10000038
13.19999981
13.19999981
13.60000038
14.39999962
15.19999981
14.30000019
14.10000038
14.19999981
13.80000019
13.39999962
13.30000019
13.30000019
13.5
13.5
13.80000019
14.0
14.0
13.5
13.19999981
13.19999981
13.19999981
13.60000038
13.5
13.80000019
14.5
14.5
13.39999962
12.69999981
11.80000019
11.60000038
11.39999962
11.80000019
11.89999962
11.80000019
12.19999981
12.30000019
12.39999962
12.10000038
11.39999962
11.10000038
11.30000019
11.19999981
11.10000038
11.0
10.89999962
10.89999962
10.69999981
10.69999981
11.39999962
13.60000038
14.0
15.80000019
15.5
14.39999962
14.30000019
13.80000019
12.80000019
12.19999981
11.89999962
11.60000038
11.39999962
11.30000019
11.19999981
11.0
10.89999962
10.69999981
10.5
10.19999981
10.19999981
10.19999981
10.10000038
10.60000038
11.5
13.30000019
15.0
15.39999962
17.0
16.29999924
16.0
15.69999981
15.10000038
14.39999962
13.69999981
13.30000019
13.10000038
13.0
12.60000038
12.60000038
12.30000019
11.89999962
11.80000019
11.39999962
11.39999962
11.39999962
11.5
11.80000019
12.5
13.89999962
14.60000038
15.0
14.39999962
14.39999962
14.10000038
14.89999962
14.0
13.5
13.5
13.19999981
13.30000019
13.10000038
12.69999981
12.80000019
13.0
12.69999981
12.69999981
12.89999962
12.89999962
12.80000019
12.80000019
12.89999962
13.30000019
13.5
13.89999962
14.0
13.30000019
14.0
14.0
14.0
14.0
14.0
14.0
14.0
14.10000038
14.10000038
14.10000038
14.30000019
14.10000038
14.10000038
14.19999981
14.10000038
14.10000038
14.30000019
14.10000038
15.10000038
16.89999962
18.5
19.70000076
21.0
19.60000038
20.29999924
20.60000038
19.89999962
18.89999962
17.79999924
16.79999924
16.60000038
16.60000038
16.29999924
16.0
15.80000019
15.5
15.10000038
15.0
14.69999981
14.39999962
14.10000038
14.10000038
14.30000019
15.39999962
17.60000038
18.60000038
19.79999924
20.39999962
20.29999924
19.39999962
18.70000076
18.10000038
17.39999962
16.79999924
16.20000076
16.0
15.80000019
15.60000038
15.39999962
15.39999962
15.19999981
15.0
14.5
14.39999962
14.60000038
14.5
14.80000019
15.5
16.20000076
17.10000038
17.89999962
15.30000019
15.5
16.39999962
18.0
18.39999962
18.20000076
17.29999924
16.60000038
15.80000019
15.60000038
15.30000019
15.10000038
14.80000019
14.5
14.30000019
14.10000038
13.89999962
13.60000038
13.5
13.19999981
12.89999962
12.5
13.30000019
14.30000019
14.19999981
16.0
17.39999962
18.89999962
18.79999924
19.79999924
19.0
17.70000076
15.60000038
14.89999962
14.60000038
14.0
12.80000019
12.30000019
12.30000019
11.69999981
11.89999962
11.5
11.30000019
11.10000038
11.19999981
10.69999981
10.80000019
12.0
13.19999981
14.39999962
15.5
15.5
16.0
15.80000019
15.69999981
14.5
12.69999981
12.0
11.10000038
10.69999981
10.69999981
11.10000038
10.80000019
10.69999981
10.19999981
9.800000191
9.300000191
8.600000381
8.399999619
8.0
8.199999809
10.0
11.10000038
11.89999962
13.39999962
13.39999962
13.80000019
6.199999809
8.300000191
11.39999962
12.89999962
13.5
14.60000038
15.60000038
17.10000038
16.10000038
15.39999962
12.0
9.899999619
8.699999809
7.900000095
7.599999905
7.099999905
7.099999905
6.599999905
6.099999905
6.699999809
7.699999809
7.400000095
7.400000095
7.199999809
8.0
10.69999981
14.0
17.0
18.20000076
18.39999962
19.29999924
19.0
17.60000038
14.0
11.39999962
10.0
9.899999619
10.30000019
11.0
12.30000019
13.0
12.19999981
12.60000038
12.5
12.89999962
13.10000038
12.80000019
13.30000019
14.39999962
14.80000019
17.5
19.10000038
19.5
19.70000076
20.20000076
19.20000076
18.5
17.20000076
16.0
15.60000038
15.19999981
15.19999981
15.0
14.80000019
14.69999981
14.60000038
14.5
14.39999962
15.0
14.5
14.19999981
14.19999981
14.60000038
15.39999962
16.5
17.70000076
18.29999924
18.39999962
18.39999962
17.39999962
17.0
16.60000038
16.5
16.29999924
15.89999962
16.10000038
15.80000019
15.60000038
15.89999962
15.80000019
15.80000019
15.80000019
15.80000019
15.89999962
16.60000038
17.70000076
18.89999962
19.60000038
20.10000038
20.0
20.60000038
21.29999924
21.5
21.20000076
19.39999962
19.29999924
19.10000038
18.89999962
18.89999962
18.79999924
18.70000076
18.70000076
18.60000038
18.70000076
18.60000038
18.60000038
18.39999962
18.39999962
18.60000038
19.89999962
21.70000076
23.20000076
23.89999962
23.20000076
24.20000076
24.20000076
23.70000076
23.39999962
23.0
22.79999924
22.29999924
22.10000038
21.89999962
21.79999924
21.5
21.5
21.20000076
21.20000076
21.10000038
20.89999962
20.89999962
21.0
21.10000038
21.70000076
22.89999962
24.10000038
25.39999962
26.0
25.70000076
25.5
24.60000038
23.10000038
18.29999924
17.29999924
16.29999924
15.39999962
14.89999962
14.69999981
14.5
13.80000019
13.60000038
13.5
13.10000038
12.89999962
12.80000019
12.69999981
13.30000019
13.89999962
16.79999924
17.39999962
18.29999924
18.0
18.10000038
17.79999924
16.10000038
14.89999962
14.30000019
14.10000038
13.89999962
13.60000038
13.39999962
13.0
12.69999981
12.60000038
12.19999981
12.19999981
12.0
11.30000019
11.0
11.19999981
11.60000038
12.0
12.5
12.39999962
12.10000038
11.30000019
11.30000019
11.39999962
11.5
11.80000019
12.19999981
11.60000038
11.60000038
11.89999962
11.89999962
12.10000038
12.10000038
12.10000038
12.10000038
11.89999962
12.0
12.10000038
12.19999981
12.30000019
12.89999962
13.60000038
14.5
15.10000038
15.80000019
16.10000038
16.79999924
17.39999962
16.5
15.30000019
14.5
14.89999962
15.0
15.10000038
14.80000019
14.39999962
13.89999962
13.69999981
13.19999981
12.19999981
11.10000038
10.39999962
9.899999619
10.69999981
13.89999962
15.60000038
16.5
16.70000076
17.20000076
18.20000076
18.10000038
18.10000038
17.20000076
15.69999981
14.10000038
14.39999962
14.39999962
14.5
13.80000019
12.80000019
12.89999962
13.69999981
13.30000019
13.19999981
13.0
13.19999981
13.30000019
13.10000038
14.0
14.5
15.80000019
16.60000038
16.39999962
16.60000038
16.10000038
14.89999962
14.30000019
13.69999981
13.39999962
12.60000038
12.19999981
12.0
11.69999981
11.60000038
11.39999962
11.19999981
11.10000038
10.89999962
10.69999981
10.69999981
10.69999981
10.89999962
11.39999962
12.10000038
13.30000019
15.30000019
16.0
17.0
16.5
16.20000076
15.19999981
14.60000038
14.39999962
14.10000038
13.80000019
13.30000019
13.19999981
13.10000038
12.5
12.80000019
12.80000019
12.69999981
12.60000038
12.5
12.5
12.69999981
13.60000038
14.5
15.89999962
17.29999924
17.89999962
18.70000076
18.70000076
19.0
17.60000038
16.0
0.0
0.0
0.0
-1.0
-1.0
-1.0
-2.0
-2.0
4.0
6.0
8.0
9.0
10.0
10.0
10.0
9.0
6.0
5.0
3.0
4.0
2.0
1.0
2.0
0.0
1.0
0.0
3.0
3.0
4.0
5.0
6.0
7.0
7.0
7.0
6.0
5.0
4.0
3.0
2.0
1.0
1.0
0.0
0.0
0.0
-1.0
-1.0
-1.0
-2.0
-2.0
-2.0
-2.0
-2.0
-2.0
-1.0
-1.0
0.0
0.0
0.0
0.0
0.0
0.0
0.0
0.0
0.0
0.0
0.0
0.0
0.0
0.0
-1.0
-1.0
-1.0
-1.0
-1.0
-1.0
-1.0
0.0
1.0
2.0
2.0
3.0
3.0
3.0
2.0
1.0
1.0
1.0
1.0
1.0
1.0
1.0
0.0
0.0
0.0
1.0
1.0
1.0
1.0
1.0
2.0
3.0
4.0
4.0
4.0
3.0
3.0
3.0
3.0
3.0
3.0
3.0
1.0
2.0
2.0
2.0
2.0
2.0
3.0
3.0
3.0
3.0
3.0
3.0
3.0
3.0
3.0
3.0
3.0
2.0
2.0
2.0
2.0
2.0
2.0
2.0
3.0
2.0
2.0
2.0
2.0
2.0
2.0
2.0
2.0
2.0
2.0
2.0
2.0
2.0
2.0
2.0
2.0
2.0
2.0
4.0
7.0
8.0
8.0
8.0
7.0
6.0
5.0
5.0
4.0
4.0
4.0
4.0
4.0
4.0
3.0
3.0
3.0
3.0
2.0
6.0
6.0
7.0
7.0
6.0
3.0
3.0
3.0
2.0
1.0
0.0
-1.0
-1.0
-2.0
-2.0
-2.0
-2.0
0.0
2.0
4.0
5.0
6.0
6.0
6.0
5.0
5.0
4.0
4.0
2.0
2.0
2.0
2.0
0.0
1.0
5.0
7.0
8.0
9.0
9.0
10.0
8.0
8.0
7.0
7.0
6.0
5.0
5.0
3.0
2.0
3.0
1.0
1.0
2.0
0.0
4.0
6.0
7.0
9.0
10.0
11.0
11.0
11.0
10.0
8.0
8.0
8.0
8.0
7.0
7.0
6.0
6.0
6.0
7.0
6.0
6.0
7.0
7.0
7.0
7.0
7.0
7.0
7.0
7.0
7.0
7.0
6.0
4.0
5.0
5.0
5.0
4.0
3.0
4.0
3.0
3.0
2.0
4.0
5.0
7.0
7.0
8.0
9.0
9.0
9.0
8.0
6.0
9.0
8.0
8.0
7.0
6.0
5.0
4.0
4.0
5.0
5.0
5.0
5.0
4.0
4.0
4.0
4.0
4.0
4.0
4.0
4.0
4.0
4.0
4.0
4.0
4.0
4.0
3.0
3.0
3.0
3.0
3.0
3.0
3.0
3.0
2.0
2.0
2.0
2.0
2.0
2.0
3.0
4.0
5.0
3.0
3.0
3.0
2.0
1.0
5.0
4.0
3.0
2.0
2.0
1.0
1.0
1.0
1.0
0.0
0.0
0.0
-1.0
0.0
-1.0
0.0
1.0
11.0
10.0
9.0
9.0
8.0
8.0
8.0
8.0
8.0
8.0
8.0
8.0
8.0
8.0
8.0
9.0
10.0
11.0
11.0
12.0
14.0
14.0
14.0
14.0
15.0
15.0
14.0
13.0
13.0
13.0
13.0
13.0
12.0
12.0
12.0
12.0
12.0
12.0
11.0
11.0
10.0
10.0
9.0
9.0
9.0
8.0
8.0
8.0
7.0
7.0
6.0
6.0
5.0
5.0
5.0
4.0
4.0
4.0
4.0
4.0
4.0
4.0
4.0
4.0
4.0
5.0
5.0
4.0
4.0
4.0
4.0
5.0
5.0
4.0
4.0
4.0
4.0
4.0
4.0
4.0
4.0
4.0
3.0
3.0
3.0
3.0
4.0
4.0
4.0
4.0
5.0
5.0
5.0
7.0
7.0
8.0
7.0
7.0
6.0
5.0
5.0
5.0
3.0
2.0
3.0
3.0
2.0
2.0
2.0
1.0
1.0
0.0
2.0
5.0
7.0
10.0
10.0
10.0
7.0
6.0
6.0
5.0
4.0
3.0
2.0
2.0
2.0
1.0
1.0
0.0
0.0
-1.0
-1.0
0.0
-1.0
-1.0
0.0
3.0
4.0
7.0
8.0
9.0
9.0
9.0
9.0
7.0
5.0
5.0
4.0
3.0
3.0
3.0
3.0
3.0
2.0
1.0
0.0
0.0
0.0
0.0
2.0
5.0
7.0
10.0
11.0
12.0
11.0
11.0
11.0
9.0
8.0
7.0
6.0
6.0
5.0
5.0
5.0
4.0
4.0
3.0
1.0
1.0
2.0
2.0
3.0
5.0
8.0
7.0
6.0
5.0
4.0
4.0
3.0
3.0
3.0
3.0
1.0
1.0
2.0
1.0
1.0
4.0
6.0
9.0
11.0
11.0
12.0
12.0
12.0
12.0
10.0
9.0
8.0
8.0
7.0
7.0
7.0
7.0
7.0
7.0
7.0
7.0
8.0
8.0
8.0
8.0
10.0
11.0
13.0
15.0
15.0
15.0
14.0
14.0
13.0
13.0
11.0
8.0
9.0
7.0
7.0
6.0
5.0
5.0
5.0
3.0
4.0
4.0
3.0
5.0
10.0
13.0
15.0
16.0
17.0
16.0
16.0
15.0
14.0
13.0
12.0
11.0
11.0
11.0
11.0
11.0
11.0
11.0
11.0
11.0
12.0
12.0
12.0
12.0
14.0
16.0
17.0
17.0
17.0
17.0
17.0
16.0
15.0
15.0
14.0
14.0
13.0
13.0
12.0
12.0
12.0
12.0
13.0
13.0
13.0
14.0
15.0
15.0
14.0
14.0
13.0
12.0
10.0
10.0
10.0
10.0
10.0
9.0
8.0
8.0
7.0
6.0
6.0
6.0
7.0
6.0
7.0
7.0
8.0
8.0
9.0
10.0
10.0
9.0
9.0
8.0
7.0
6.0
6.0
6.0
6.0
7.0
7.0
7.0
7.0
7.0
8.0
8.0
8.0
8.0
9.0
10.0
11.0
11.0
11.0
12.0
12.0
12.0
13.0
13.0
12.0
12.0
12.0
11.0
12.0
11.0
11.0
11.0
10.0
9.0
11.0
11.0
11.0
11.0
10.0
10.0
9.0
9.0
9.0
8.0
8.0
8.0
8.0
7.0
7.0
7.0
7.0
7.0
7.0
7.0
6.0
6.0
8.0
8.0
8.0
8.0
9.0
8.0
8.0
8.0
7.0
7.0
6.0
6.0
6.0
6.0
6.0
5.0
5.0
5.0
5.0
5.0
5.0
5.0
5.0
4.0
5.0
4.0
4.0
5.0
5.0
5.0
5.0
5.0
5.0
5.0
5.0
5.0
5.0
5.0
5.0
5.0
4.0
9.0
9.0
8.0
8.0
7.0
6.0
5.0
5.0
6.0
5.0
6.0
6.0
6.0
6.0
6.0
6.0
6.0
