11.41
11.26
11.21
11.1
11.06
10.98
10.94
10.87
10.87
10.89
10.94
10.96
10.99
10.94
10.85
10.84
10.79
10.77
10.77
10.73
10.69
10.65
10.7
10.71
10.65
10.6
10.59
10.61
10.62
10.69
10.72
10.74
10.72
10.77
10.83
10.77
10.68
10.64
10.37
10.17
10.15
10.35
10.45
10.27
10.1
10.18
10.14
10.11
10.1
10.1
10.07
10.05
10.35
10.57
10.38
10.31
10.56
10.41
10.4
10.47
10.35
10.33
10.24
10.2
10.14
9.98
9.74
9.77
9.72
9.44
9.44
9.63
9.73
9.63
9.47
9.15
9.19
9.31
9.31
9.2
9.04
8.84
8.85
8.85
8.83
8.85
8.85
8.83
8.77
8.68
8.69
8.69
8.72
8.76
8.78
8.76
8.75
8.79
8.81
8.82
8.84
8.84
8.84
8.85
8.86
8.86
8.84
8.83
8.84
8.86
8.88
8.9
8.93
8.95
8.9
8.88
8.85
8.83
8.81
8.79
8.77
8.76
8.74
8.73
8.71
8.71
8.68
8.67
8.68
8.67
8.66
8.68
8.69
8.69
8.66
8.67
8.64
8.63
8.6
8.59
8.56
8.55
8.52
8.51
8.48
8.47
8.48
8.45
8.44
8.41
8.41
8.44
8.5
8.52
8.53
8.54
8.52
8.54
8.54
8.52
8.48
8.37
8.33
8.21
8.11
8.12
8.13
7.99
7.91
7.9
7.61
7.63
7.51
7.5
7.62
7.68
7.54
7.59
7.72
7.75
7.75
7.71
7.64
7.78
7.79
7.77
7.76
7.75
7.77
7.86
7.84
7.88
7.76
7.79
7.66
7.59
7.39
7.51
7.53
7.55
7.58
7.71
7.69
7.63
7.66
7.62
7.57
7.55
7.66
7.64
7.35
7.31
7.39
7.39
7.47
7.63
7.61
7.67
7.62
7.73
7.74
7.62
7.61
7.69
7.76
7.75
7.76
7.82
7.83
7.87
7.85
7.91
7.97
8.02
8.09
8.07
8.09
8.13
8.17
8.21
8.22
8.21
8.19
8.15
8.11
8.09
8.05
8.0
7.97
7.9
7.88
7.87
7.84
7.82
7.8
7.78
7.76
7.76
7.74
7.69
7.66
7.65
7.57
7.46
7.41
7.39
7.4
7.38
7.35
7.37
7.38
7.37
7.39
7.39
7.4
7.36
7.37
7.38
7.39
7.42
7.44
7.45
7.44
7.39
7.36
7.32
7.32
7.33
7.35
7.37
7.38
7.4
7.4
7.43
7.46
7.53
7.55
7.58
7.65
7.63
7.63
7.63
7.68
7.66
7.75
7.81
7.81
7.67
7.68
7.55
7.61
7.62
7.59
7.54
7.53
7.45
7.4
7.5
7.47
7.46
7.64
7.66
7.63
7.54
7.61
7.69
7.36
7.33
7.51
7.53
7.56
7.55
7.48
7.39
7.43
7.31
7.43
7.36
7.46
7.44
7.49
7.37
7.44
7.6
7.49
7.61
7.63
7.42
7.29
7.38
7.35
7.29
7.48
7.53
7.44
7.34
7.3
7.22
7.34
7.36
7.33
7.24
7.11
6.89
6.87
6.92
7.09
7.03
7.11
7.2
7.14
7.04
7.05
7.11
7.19
7.27
7.35
7.36
7.35
7.37
7.38
7.4
7.41
7.44
7.47
7.52
7.55
7.55
7.56
7.59
7.61
7.65
7.88
7.92
7.99
8.04
8.1
8.09
8.09
8.09
8.05
8.04
7.99
7.9
7.94
7.96
7.93
7.91
7.88
7.83
7.71
7.75
7.71
7.69
7.65
7.63
7.63
7.6
7.59
7.55
7.54
7.55
7.51
7.52
7.49
7.51
7.46
7.47
7.4
7.48
7.5
7.51
7.47
7.46
7.46
7.46
7.5
7.59
7.57
7.58
7.6
7.72
7.82
7.82
7.91
7.88
7.93
8.02
8.05
8.14
8.27
8.39
8.51
8.66
8.77
8.94
9.0
9.07
9.18
9.12
8.92
8.85
8.89
8.94
8.8
8.8
8.66
8.79
8.67
8.92
8.95
8.86
8.75
8.81
8.59
8.59
8.87
8.9
8.8
8.83
8.93
8.97
8.79
8.88
8.94
8.92
9.18
9.39
9.23
9.19
9.06
9.24
9.35
9.26
9.17
9.08
9.08
9.1
9.23
9.21
9.14
9.12
9.25
9.3
9.31
9.28
9.23
9.19
9.1
9.07
9.09
9.43
9.51
9.25
9.14
9.3
9.43
9.31
9.05
9.01
9.01
8.91
8.88
8.83
8.79
8.77
8.75
8.72
8.74
8.67
8.53
8.5
8.44
8.43
8.46
8.46
8.37
8.34
8.39
8.54
8.37
8.36
8.32
8.39
9.05
8.79
8.43
8.45
8.52
8.47
8.48
8.57
8.59
8.62
8.55
8.59
8.6
8.52
8.47
8.45
8.43
8.4
8.34
8.28
8.23
8.19
8.22
8.16
8.15
8.11
8.07
8.03
7.98
8.0
8.02
8.03
8.02
8.03
8.04
8.04
8.02
8.0
7.94
7.93
7.89
7.89
7.98
8.0
8.1
8.09
8.13
8.13
8.17
8.19
8.15
8.18
8.14
8.16
8.11
8.14
8.14
8.09
7.98
8.06
7.92
8.02
7.83
7.82
7.7
7.86
7.68
7.45
7.57
7.53
7.5
7.37
7.17
7.08
7.15
7.22
7.17
7.17
7.22
7.21
7.17
7.37
7.43
7.42
7.41
7.42
7.44
7.53
7.54
7.48
7.44
7.42
7.4
7.36
7.45
7.45
7.35
7.26
7.28
7.3
7.31
7.23
7.23
7.21
7.1
6.93
6.95
6.91
6.89
6.86
6.78
6.8
6.81
6.81
6.73
6.68
6.6
6.59
6.71
6.77
6.81
6.78
6.75
6.71
6.71
6.72
6.74
6.77
6.77
6.78
6.84
6.89
6.94
7.03
7.05
7.09
7.01
7.13
7.13
7.16
7.17
7.16
7.17
7.23
7.34
7.45
7.5
7.54
7.57
7.6
7.65
7.76
7.81
7.85
7.89
7.9
7.92
7.93
7.94
7.95
7.97
7.98
8.0
8.0
8.01
8.0
7.98
7.98
7.98
7.97
7.95
7.95
7.95
7.95
7.92
7.92
7.91
7.9
7.88
7.88
7.87
7.86
7.88
7.85
7.82
7.78
7.82
7.81
7.83
7.88
7.9
7.92
7.82
7.75
7.77
7.79
7.9
7.9
7.86
7.87
7.95
8.08
8.1
8.04
8.04
7.9
7.85
7.89
7.92
7.7
7.73
7.63
7.46
7.65
7.62
7.59
7.64
7.72
7.85
7.76
7.64
7.73
7.81
7.84
7.97
8.07
7.97
7.96
7.79
7.7
7.51
7.56
7.67
7.75
7.73
7.91
7.83
7.57
7.57
7.67
7.5
7.32
7.28
7.31
7.33
7.22
7.13
7.13
7.06
7.34
7.29
7.15
7.06
7.09
7.17
7.3
7.2
6.87
6.79
6.82
6.83
6.88
6.87
6.88
6.86
6.83
6.95
6.93
6.92
6.95
7.03
7.01
7.0
7.13
7.11
6.98
7.02
6.99
7.02
7.0
6.97
6.96
6.91
6.89
6.85
6.81
6.83
6.83
6.8
6.71
6.66
6.71
6.69
6.72
6.72
6.74
6.81
6.77
6.74
6.74
6.65
6.64
6.65
6.64
6.61
6.52
6.54
6.61
6.6
6.61
6.56
6.45
6.31
6.35
6.34
6.32
6.34
6.27
6.25
6.27
6.22
6.2
6.21
6.31
6.24
6.33
6.24
6.35
6.35
6.41
6.54
6.56
6.63
6.61
6.63
6.74
6.8
6.89
6.97
7.08
7.19
7.37
7.55
7.71
7.76
7.85
7.98
8.03
8.11
8.21
8.17
8.17
7.99
7.82
7.69
7.74
7.8
7.83
7.81
7.79
7.85
7.65
7.46
7.54
7.42
7.56
7.55
7.55
7.56
7.44
7.36
7.36
7.34
7.49
7.55
7.35
7.48
7.49
7.48
7.52
7.54
7.53
7.44
7.38
7.48
7.38
7.41
7.46
7.36
7.28
7.29
7.24
7.16
7.17
7.1
7.08
7.03
7.0
6.97
6.9
6.86
6.74
6.69
6.66
6.61
6.62
6.6
6.6
6.6
6.62
6.58
6.53
6.49
6.44
6.4
6.37
6.38
6.36
6.34
6.33
6.29
6.27
6.23
6.2
6.18
6.19
6.23
6.21
6.19
6.18
6.19
6.22
6.26
6.27
6.26
6.25
6.27
6.28
6.29
6.3
6.3
6.31
6.32
6.37
6.34
6.35
6.37
6.38
6.41
6.4
6.41
6.4
6.43
6.45
6.45
6.4
6.35
6.35
6.36
6.39
6.43
6.4
6.43
6.39
6.42
6.42
6.38
6.43
6.42
6.42
6.29
6.32
6.38
6.45
6.55
6.58
6.65
6.75
6.79
6.88
6.91
6.87
6.89
6.82
6.88
7.07
7.15
7.17
7.28
7.42
7.4
7.47
7.38
7.32
7.41
7.31
7.14
7.25
7.35
7.29
7.32
7.28
7.27
7.27
7.52
7.5
7.47
7.47
7.43
7.48
7.46
7.47
7.45
7.38
7.36
7.35
7.3
7.26
7.26
7.3
7.22
7.21
7.19
7.25
7.06
6.95
6.89
6.83
6.77
6.69
6.56
6.55
6.55
6.48
6.44
6.43
6.36
6.26
6.16
6.18
6.08
6.05
6.04
6.07
6.07
6.05
6.04
6.04
6.01
6.04
6.09
6.09
6.12
6.14
6.13
6.16
6.19
6.22
6.24
6.26
6.25
6.24
6.24
6.2
6.18
6.16
6.14
6.13
6.13
6.11
6.1
6.11
6.1
6.09
6.06
6.07
6.04
6.07
6.08
6.04
6.06
6.15
6.16
6.18
6.16
6.21
6.21
6.21
6.17
6.15
6.06
6.05
6.11
6.07
6.05
6.0
6.0
6.02
6.0
5.97
6.0
5.99
6.0
5.97
5.98
6.0
6.01
6.02
6.01
5.97
5.96
6.0
6.09
6.12
6.1
6.13
6.14
6.19
6.22
6.27
6.29
6.35
6.36
6.36
6.4
6.48
6.52
6.55
6.63
6.71
6.76
6.87
6.95
6.89
7.07
6.99
7.01
6.93
6.98
6.89
6.87
7.07
7.19
7.07
7.1
7.08
7.1
7.11
7.11
7.05
7.05
7.09
7.06
7.07
7.11
7.08
