4.55
4.58
4.58
4.58
4.58
4.59
4.63
4.63
4.64
4.66
4.69
4.73
4.77
4.78
4.78
4.76
4.79
4.79
4.77
4.74
4.69
4.62
4.67
4.7
4.7
4.67
4.67
4.65
4.59
4.53
4.51
4.53
4.54
4.54
4.55
4.54
4.58
4.72
4.68
4.7
4.68
4.64
4.66
4.68
4.7
4.73
4.75
4.79
4.76
4.81
4.77
4.62
4.5
4.44
4.42
4.42
4.35
4.29
4.26
4.28
4.26
4.27
4.29
4.31
4.33
4.34
4.33
4.32
4.34
4.35
4.36
4.36
4.34
4.31
4.28
4.26
4.25
4.26
4.26
4.25
4.23
4.23
4.23
4.22
4.22
4.24
4.28
4.29
4.28
4.27
4.25
4.25
4.26
4.27
4.28
4.28
4.3
4.33
4.35
4.36
4.36
4.36
4.36
4.35
4.37
4.4
4.42
4.43
4.44
4.46
4.48
4.5
4.53
4.55
4.55
4.55
4.55
4.55
4.58
4.6
4.6
4.6
4.6
4.61
4.61
4.62
4.62
4.63
4.65
4.67
4.69
4.7
4.72
4.73
4.73
4.71
4.71
4.72
4.72
4.71
4.71
4.7
4.69
4.69
4.69
4.69
4.69
4.67
4.65
4.62
4.6
4.6
4.59
4.58
4.59
4.59
4.62
4.62
4.63
4.64
4.64
4.65
4.66
4.69
4.69
4.69
4.69
4.68
4.67
4.67
4.67
4.69
4.69
4.7
4.71
4.7
4.69
4.7
4.7
4.72
4.72
4.75
4.76
4.75
4.74
4.76
4.75
4.74
4.72
4.72
4.72
4.7
4.71
4.67
4.64
4.62
4.62
4.62
4.62
4.61
4.59
4.58
4.57
4.59
4.6
4.6
4.59
4.59
4.59
4.57
4.57
4.55
4.53
4.53
4.51
4.51
4.53
4.54
4.55
4.55
4.54
4.52
4.52
4.52
4.53
4.52
4.51
4.49
4.47
4.45
4.44
4.44
4.43
4.41
4.39
4.38
4.36
4.35
4.35
4.35
4.35
4.35
4.35
4.34
4.34
4.33
4.33
4.32
4.31
4.31
4.29
4.27
4.27
4.28
4.28
4.28
4.27
4.28
4.28
4.27
4.25
4.24
4.22
4.2
4.2
4.19
4.18
4.17
4.17
4.16
4.14
4.13
4.12
4.13
4.12
4.11
4.11
4.09
4.09
4.08
4.08
4.07
4.07
4.05
4.02
4.0
3.98
3.99
3.98
3.96
3.94
3.91
3.9
3.86
3.83
3.8
3.77
3.75
3.73
3.73
3.71
3.69
3.68
3.67
3.65
3.65
3.66
3.66
3.67
3.67
3.68
3.68
3.68
3.69
3.72
3.75
3.81
3.85
3.91
3.91
3.89
3.9
3.95
4.04
4.12
4.18
4.22
4.28
4.31
4.33
4.32
4.34
4.36
4.38
4.43
4.45
4.48
4.51
4.53
4.56
4.58
4.62
4.64
4.67
4.68
4.7
4.71
4.72
4.71
4.72
4.73
4.75
4.78
4.81
4.84
4.86
4.88
4.9
4.92
4.93
4.94
4.95
4.94
4.95
4.95
4.97
5.0
5.01
5.03
5.03
5.03
5.03
5.04
5.06
5.06
5.07
5.08
5.09
5.1
5.12
5.16
5.18
5.22
4.86
4.66
4.66
4.62
4.59
4.52
4.47
4.45
4.43
4.4
4.38
4.37
4.33
4.36
4.35
4.35
4.36
4.38
4.33
4.32
4.3
4.29
4.29
4.32
4.34
4.36
4.33
4.32
4.26
4.23
4.22
4.17
4.16
4.08
4.03
3.91
3.87
3.85
3.83
3.82
3.83
3.82
3.8
3.78
3.76
3.75
3.72
3.7
3.7
3.69
3.68
3.7
3.73
3.75
3.78
3.77
3.76
3.76
3.76
3.76
3.76
3.77
3.78
3.8
3.81
3.82
3.83
3.85
3.85
3.86
3.87
3.9
3.94
3.92
3.94
3.96
3.97
3.98
3.98
4.0
4.0
3.98
3.98
4.01
4.01
4.03
4.02
4.05
4.04
4.04
4.08
4.06
4.05
4.11
4.03
4.02
4.0
4.02
4.04
4.04
4.04
4.06
4.04
4.06
4.08
4.07
4.11
4.12
4.11
4.09
4.07
4.11
4.12
4.08
4.08
4.08
4.07
4.06
4.07
4.06
4.05
4.04
4.04
4.05
4.04
4.03
4.04
4.06
4.07
4.06
4.05
4.04
4.04
4.03
4.01
4.0
3.99
3.98
3.96
3.97
3.96
3.96
3.96
3.96
3.97
3.97
3.98
3.96
3.94
3.92
3.91
3.89
3.87
3.85
3.83
3.84
3.85
3.87
3.87
3.85
3.82
3.84
3.84
3.85
3.86
3.87
3.88
3.89
3.87
3.85
3.83
3.8
3.78
3.78
3.8
3.81
3.83
3.84
3.86
3.88
3.89
3.91
3.92
3.93
3.93
3.92
3.93
3.96
3.99
4.02
4.04
4.06
4.08
4.13
4.19
4.25
4.27
4.28
4.3
4.3
4.29
4.28
4.27
4.29
4.3
4.31
4.33
4.33
4.33
4.35
4.45
4.56
4.64
4.62
4.6
4.57
4.57
4.58
4.6
4.61
4.65
4.7
4.72
4.73
4.76
4.83
4.9
4.92
4.94
4.97
5.01
5.03
5.06
5.13
5.2
5.23
5.24
5.24
5.27
5.3
5.21
5.16
5.15
5.11
5.13
5.16
5.24
5.39
5.51
5.59
5.67
5.69
5.67
5.66
5.66
5.69
5.73
5.73
5.73
5.73
5.72
5.7
5.68
5.66
5.67
5.65
5.64
5.64
5.65
5.63
5.61
5.6
5.59
5.61
5.63
5.67
5.71
5.76
5.81
5.8
5.78
5.74
5.7
5.74
5.8
5.82
5.84
5.84
5.86
5.88
5.9
5.9
5.91
5.92
5.95
5.98
6.01
6.0
6.0
5.98
5.98
6.01
6.0
6.08
6.09
6.08
6.06
6.05
6.03
6.03
6.01
6.0
6.02
6.01
5.99
5.98
5.96
5.93
5.9
5.88
5.88
5.81
5.82
5.82
5.8
5.79
5.78
5.8
5.8
5.82
5.82
5.8
5.8
5.81
5.8
5.78
5.74
5.72
5.72
5.71
5.71
5.71
5.71
5.73
5.75
5.75
5.77
5.76
5.75
5.75
5.74
5.73
5.74
5.72
5.75
5.76
5.78
5.79
5.78
5.77
5.78
5.8
5.82
5.82
5.83
5.87
5.92
5.96
5.99
6.03
6.07
6.12
6.2
6.28
6.31
6.35
6.39
6.41
6.41
6.46
6.46
6.45
6.46
6.46
6.47
6.53
6.64
6.68
6.71
6.74
6.77
6.78
6.79
6.8
6.84
6.85
6.86
6.89
6.87
6.86
6.87
6.87
6.88
6.89
6.89
6.88
6.89
6.9
6.89
6.88
6.89
6.88
6.89
6.86
6.86
6.84
6.81
6.79
6.77
6.76
6.74
6.73
6.72
6.71
6.7
6.67
6.65
6.63
6.61
6.61
6.61
6.6
6.58
6.57
6.55
6.52
6.53
6.51
6.5
6.46
6.44
6.44
6.39
6.36
6.36
6.33
6.29
6.25
6.19
6.16
6.12
6.1
6.11
6.1
6.1
6.12
6.11
6.11
6.11
6.12
6.13
6.13
6.12
6.11
6.11
6.11
6.12
6.12
6.14
6.15
6.14
6.15
6.16
6.15
6.16
6.16
6.15
6.15
6.13
6.12
6.13
6.13
6.12
6.11
6.11
6.09
6.09
6.08
6.08
6.08
6.08
6.08
6.08
6.07
6.06
6.06
6.06
6.06
6.05
6.06
6.04
6.04
6.05
6.05
6.06
6.06
6.05
6.06
6.05
6.07
6.07
6.08
6.08
6.11
6.15
6.16
6.17
6.2
6.22
6.22
6.25
6.24
6.27
6.28
6.27
6.28
6.29
6.31
6.3
6.26
6.22
6.18
6.19
6.19
6.18
6.17
6.15
6.13
6.12
6.1
6.1
6.1
6.09
6.06
6.04
6.01
5.99
5.98
5.98
5.94
5.92
5.9
5.88
5.88
5.86
5.85
5.84
5.84
5.82
5.82
5.82
5.78
5.78
5.79
5.78
5.78
5.76
5.75
5.74
5.72
5.71
5.71
5.68
5.66
5.66
5.66
5.66
5.67
5.67
5.68
5.7
5.71
5.74
5.76
5.77
5.77
5.77
5.78
5.79
5.81
5.83
5.83
5.82
5.82
5.81
5.8
5.79
5.76
5.74
5.73
5.73
5.72
5.7
5.68
5.65
5.62
5.62
5.61
5.59
5.58
5.55
5.52
5.51
5.5
5.49
5.46
5.44
5.43
5.42
5.41
5.42
5.41
5.39
5.37
5.38
5.37
5.35
5.35
5.34
5.33
5.31
5.31
5.32
5.34
5.35
5.39
5.42
5.45
5.49
5.49
5.47
5.5
5.44
5.35
5.31
5.27
5.24
5.24
5.26
5.24
5.26
5.27
5.27
5.26
5.23
5.2
5.21
5.21
5.21
5.21
5.23
5.25
5.25
5.27
5.28
5.29
5.3
5.34
5.36
5.38
5.38
5.43
5.47
5.5
5.53
5.51
5.52
5.51
5.51
5.54
5.56
5.57
5.57
5.56
5.6
5.62
5.64
5.66
5.68
5.7
5.72
5.75
5.78
5.81
5.83
5.84
5.86
5.9
5.92
5.94
5.96
5.95
5.96
5.95
5.95
5.96
5.97
5.97
5.98
5.99
5.99
6.0
5.99
6.0
5.99
6.0
6.0
5.99
6.0
5.98
5.97
5.95
5.94
5.9
5.84
5.82
5.82
5.83
5.84
5.86
5.87
5.86
5.84
5.83
5.84
5.85
5.85
5.84
5.82
5.8
5.79
5.8
5.77
5.75
5.74
5.72
5.71
5.69
5.68
5.7
5.71
5.72
5.68
5.67
5.65
5.61
5.53
5.4
5.35
5.33
5.33
5.32
5.32
5.31
5.28
5.28
5.25
5.25
5.24
5.22
5.23
5.21
5.22
5.22
5.2
5.19
5.18
5.2
5.19
5.21
5.23
5.21
5.18
5.17
5.17
5.15
5.17
5.24
5.17
5.18
5.19
5.2
5.21
5.2
5.2
5.21
5.22
5.22
5.27
5.26
5.33
5.41
5.38
5.21
5.17
5.17
5.21
5.2
5.22
5.33
5.33
5.3
5.36
5.36
5.4
5.38
5.4
