2.05
2.03
2.02
2.03
2.06
2.09
2.06
2.05
1.97
1.92
1.86
1.86
1.88
1.89
1.92
1.93
1.91
1.89
2.0
2.06
2.01
2.02
2.04
2.03
2.05
2.08
2.08
2.12
2.09
2.12
2.07
2.06
2.05
2.04
2.02
2.0
1.98
1.97
1.96
1.94
1.94
1.92
1.91
1.9
1.89
1.88
1.87
1.84
1.82
1.8
1.78
1.77
1.74
1.72
1.71
1.69
1.67
1.66
1.64
1.62
1.6
1.59
1.57
1.55
1.54
1.52
1.52
1.5
1.49
1.48
1.48
1.48
1.48
1.48
1.49
1.5
1.51
1.5
1.5
1.51
1.51
1.52
1.52
1.52
1.52
1.53
1.54
1.53
1.54
1.55
1.56
1.55
1.56
1.57
1.59
1.6
1.61
1.59
1.6
1.67
1.72
1.74
1.78
1.78
1.79
1.81
1.85
1.87
1.9
1.94
2.03
2.04
2.06
2.13
2.17
2.18
2.24
2.32
2.34
2.37
2.31
2.28
2.26
2.26
2.32
2.23
2.26
2.22
2.24
2.23
2.25
2.1
2.05
2.01
2.03
2.01
1.99
2.01
2.09
2.19
2.26
2.2
2.19
2.22
2.24
2.27
2.3
2.32
2.29
2.29
2.32
2.33
2.31
2.36
2.38
2.38
2.38
2.38
2.38
2.36
2.36
2.34
2.34
2.3
2.27
2.28
2.28
2.29
2.29
2.28
2.27
2.24
2.25
2.23
2.19
2.18
2.18
2.19
2.19
2.21
2.21
2.25
2.39
2.53
2.62
2.69
2.75
2.78
2.8
2.82
2.83
2.84
2.85
2.86
2.89
2.91
2.94
2.96
2.98
2.99
2.95
2.94
2.96
2.95
2.97
2.98
2.98
2.99
3.0
3.0
3.02
3.03
3.05
3.06
3.08
3.1
3.11
3.14
3.16
3.19
3.22
3.23
3.24
3.26
3.3
3.35
3.37
3.41
3.44
3.46
3.51
3.57
3.59
3.59
3.65
3.69
3.7
3.73
3.73
3.62
3.54
3.53
3.55
3.59
3.64
3.7
3.71
3.71
3.72
3.74
3.75
3.77
3.75
3.79
3.87
3.9
3.95
3.95
3.9
3.9
3.85
3.85
3.96
3.92
3.95
3.94
3.95
3.95
3.97
4.01
4.06
4.05
4.01
3.96
3.97
3.98
3.97
3.99
4.0
4.05
4.04
4.03
4.05
4.05
4.01
4.0
4.0
4.01
4.02
3.98
3.93
3.93
3.92
3.91
3.9
3.89
3.89
3.91
3.94
3.95
3.96
3.98
3.99
4.02
4.04
4.06
4.06
4.07
4.06
4.05
4.05
4.04
4.03
4.03
4.04
4.05
4.03
4.02
4.02
4.02
4.02
4.03
4.04
4.04
4.04
4.04
4.04
4.04
4.05
4.06
4.07
4.08
4.09
4.11
4.11
4.12
4.15
4.16
4.15
4.12
4.11
4.12
4.12
4.1
4.07
4.07
4.08
4.08
4.09
4.09
4.08
4.06
4.04
4.02
4.02
4.01
4.01
3.99
3.98
3.97
3.95
3.89
3.83
3.76
3.74
3.74
3.75
3.77
3.78
3.8
3.8
3.79
3.77
3.75
3.76
3.76
3.74
3.74
3.74
3.7
3.68
3.69
3.73
3.74
3.71
3.7
3.69
3.68
3.68
3.68
3.67
3.66
3.67
3.68
3.72
3.72
3.71
3.7
3.74
3.78
3.84
3.88
3.89
3.89
3.87
3.85
3.86
3.9
3.96
4.02
3.97
3.94
3.96
3.97
4.0
4.04
4.04
3.99
3.99
3.98
3.98
3.98
3.99
3.98
3.98
3.99
3.98
3.98
3.98
3.97
3.92
3.89
3.89
3.93
3.95
3.96
3.92
3.88
3.87
3.88
3.87
3.87
3.85
3.84
3.84
3.84
3.84
3.83
3.82
3.83
3.82
3.83
3.82
3.81
3.84
3.87
3.88
3.87
3.85
3.85
3.85
3.85
3.86
3.86
3.85
3.84
3.83
3.85
3.85
3.86
3.85
3.8
3.75
3.68
3.63
3.61
3.62
3.62
3.61
3.62
3.66
3.67
3.68
3.66
3.62
3.62
3.61
3.6
3.58
3.57
3.58
3.58
3.55
3.57
3.56
3.55
3.56
3.54
3.53
3.54
3.54
3.56
3.56
3.56
3.58
3.61
3.63
3.64
3.67
3.69
3.72
3.72
3.73
3.74
3.76
3.76
3.77
3.77
3.78
3.8
3.82
3.84
3.88
3.88
3.86
3.87
3.87
3.87
3.88
3.92
3.95
4.02
4.06
4.11
4.13
4.15
4.17
4.21
4.22
4.23
4.24
4.25
4.23
4.28
4.33
4.35
4.38
4.42
4.44
4.4
4.43
4.48
4.44
4.46
4.46
4.46
4.5
4.52
4.56
4.56
4.53
4.58
4.58
4.58
4.58
4.57
4.58
4.6
4.63
4.68
4.66
4.65
4.67
4.71
4.72
4.72
4.72
4.71
4.68
4.68
4.68
4.66
4.64
4.63
4.62
4.61
4.6
4.58
4.58
4.57
4.55
4.57
4.58
4.62
4.62
4.62
4.63
4.64
4.66
4.66
4.68
4.66
4.57
4.5
4.54
4.57
4.62
4.64
4.65
4.61
4.51
4.34
4.2
4.16
4.22
4.28
4.37
4.32
4.27
4.24
4.24
4.26
4.27
4.23
4.17
4.09
4.04
3.97
3.97
4.0
4.03
3.99
3.96
3.89
3.86
3.86
3.89
3.9
3.91
3.91
3.9
3.89
3.9
3.9
3.88
3.87
3.86
3.86
3.86
3.86
3.86
3.86
3.85
3.83
3.83
3.84
3.85
3.87
3.87
3.87
3.85
3.87
3.9
3.88
3.9
3.93
3.95
3.96
3.96
3.96
3.93
3.9
3.88
3.89
3.89
3.87
3.85
3.84
3.83
3.83
3.82
3.82
3.82
3.82
3.84
3.86
3.87
3.9
3.89
3.94
3.97
3.98
4.01
4.05
4.07
4.1
4.12
4.12
4.15
4.15
4.16
4.17
4.15
4.13
4.11
4.1
4.1
4.1
4.11
4.13
4.13
4.12
4.13
4.12
4.13
4.13
4.14
4.14
4.14
4.14
4.16
4.17
4.17
4.17
4.18
4.18
4.2
4.23
4.24
4.27
4.3
4.3
4.3
4.29
4.3
4.31
4.29
4.29
4.28
4.27
4.23
4.22
4.2
4.23
4.22
4.18
4.14
4.15
4.18
4.2
4.21
4.22
4.22
4.21
4.2
4.19
4.19
3.86
3.68
3.61
3.63
3.65
3.65
3.64
3.63
3.61
3.6
3.59
3.57
3.56
3.55
3.55
3.52
3.5
3.5
3.51
3.51
3.52
3.52
3.52
3.52
3.49
3.49
3.48
3.5
3.5
3.48
3.48
3.48
3.49
3.49
3.47
3.45
3.43
3.41
3.4
3.39
3.36
3.36
3.36
3.31
3.28
3.29
3.32
3.33
3.33
3.34
3.35
3.37
3.37
3.38
3.4
3.4
3.39
3.39
3.36
3.34
3.34
3.34
3.34
3.35
3.36
3.36
3.36
3.35
3.34
3.36
3.4
3.41
3.38
3.37
3.37
3.37
3.39
3.41
3.42
3.42
3.42
3.43
3.47
3.44
3.44
3.45
3.44
3.45
3.45
3.47
3.46
3.49
3.5
3.51
3.57
3.58
3.53
3.54
3.59
3.55
3.55
3.53
3.59
3.58
3.6
3.58
3.59
3.59
3.57
3.56
3.57
3.58
3.57
3.56
3.56
3.56
3.56
3.54
3.53
3.53
3.54
3.53
3.53
3.52
3.51
3.51
3.51
3.51
3.51
3.52
3.53
3.53
3.52
3.52
3.53
3.53
3.53
3.56
3.57
3.55
3.55
3.55
3.53
3.52
3.53
3.51
3.48
3.44
3.44
3.43
3.44
3.43
3.4
3.4
3.4
3.4
3.39
3.38
3.4
3.41
3.45
3.43
3.41
3.38
3.37
3.35
3.36
3.38
3.3
3.27
3.26
3.25
3.24
3.22
3.19
3.19
3.17
3.15
3.14
3.12
3.1
3.07
3.04
3.02
3.0
2.99
2.98
2.98
2.97
2.99
3.01
3.05
3.09
3.13
3.13
3.15
3.14
3.14
3.12
3.12
3.12
3.15
3.18
3.19
3.2
3.27
3.41
3.42
3.36
3.43
3.57
3.72
3.89
3.87
3.85
3.74
3.6
3.49
3.48
3.51
3.52
3.53
3.47
3.48
3.47
3.45
3.48
3.46
3.46
3.51
3.62
3.61
3.59
3.56
3.6
3.62
3.63
3.54
3.52
3.59
3.61
3.57
3.57
3.52
3.55
3.57
3.57
3.51
3.55
3.6
3.63
3.6
3.58
3.64
3.66
3.68
3.71
3.72
3.68
3.64
3.65
3.64
3.64
3.62
3.61
3.6
3.58
3.58
3.56
3.56
3.57
3.56
3.54
3.52
3.52
3.52
3.5
3.49
3.49
3.49
3.45
3.43
3.42
3.4
3.39
3.39
3.36
3.35
3.34
3.34
3.32
3.33
3.34
3.37
3.41
3.42
3.43
3.45
3.45
3.47
3.48
3.48
3.49
3.5
3.53
3.54
3.56
3.55
3.58
3.6
3.61
3.61
3.61
3.65
3.66
3.67
3.69
3.73
3.74
3.79
3.83
3.84
3.81
3.83
3.82
3.84
3.86
3.85
3.87
3.9
3.92
3.92
3.94
3.96
3.98
4.01
4.02
4.01
4.01
4.0
4.02
4.03
4.0
3.98
4.01
4.03
4.05
4.1
4.07
4.06
4.06
4.04
4.02
4.07
4.13
4.12
4.11
4.17
4.18
4.16
4.18
4.23
4.29
4.32
4.35
4.36
4.44
4.48
4.52
4.58
4.71
4.62
4.5
4.41
4.43
4.42
4.38
4.36
4.38
4.34
4.26
4.15
4.19
4.19
4.18
4.19
4.23
4.25
4.21
4.25
4.26
4.23
4.21
4.19
4.16
4.14
4.13
4.13
4.13
4.11
4.1
4.08
4.06
4.05
4.04
4.02
4.02
4.01
4.01
4.0
4.0
3.99
4.0
4.0
4.0
4.0
3.99
3.99
3.99
4.01
4.01
4.01
4.01
4.01
4.0
3.99
4.0
4.03
4.05
4.05
4.05
4.06
4.05
4.05
4.04
4.05
4.08
4.1
4.12
4.12
4.11
4.12
4.13
