8.72
8.76
9.01
9.09
9.11
9.06
9.17
9.42
9.35
9.12
9.2
9.35
9.57
9.53
9.46
9.3
9.1
9.0
9.03
9.18
9.27
9.29
9.29
9.23
9.05
8.98
9.0
8.9
8.75
8.68
8.65
8.57
8.62
8.6
8.47
8.51
8.47
8.5
8.46
8.26
8.28
8.42
8.3
8.29
8.03
7.84
7.81
7.91
7.88
7.87
7.85
7.85
7.88
7.91
7.9
7.87
7.87
7.89
7.84
7.84
7.84
7.85
7.83
7.8
7.76
7.76
7.77
7.78
7.78
7.8
7.79
7.77
7.78
7.81
7.88
7.92
7.94
7.99
8.01
8.04
8.07
8.11
8.12
8.16
8.16
8.2
8.19
8.21
8.3
8.43
8.6
8.55
8.53
8.41
8.48
8.52
8.43
8.49
8.52
8.48
8.45
8.0
7.82
7.8
7.74
7.54
7.46
7.42
7.37
7.27
7.24
7.2
7.22
7.14
7.15
7.17
7.18
7.21
7.23
7.22
7.19
7.23
7.24
7.27
7.2
7.19
7.15
7.15
7.1
7.07
7.08
7.03
7.04
6.87
6.78
6.7
6.59
6.58
6.6
6.54
6.42
6.38
6.37
6.38
6.4
6.44
6.46
6.47
6.48
6.48
6.42
6.42
6.37
6.33
6.32
6.36
6.38
6.41
6.44
6.44
6.37
6.32
6.32
6.33
6.27
6.21
6.19
6.19
6.19
6.15
6.16
6.15
6.13
6.12
6.11
6.09
6.1
6.1
6.12
6.12
6.11
6.12
6.1
6.08
6.08
6.06
5.98
5.93
5.91
5.9
5.86
5.82
5.83
5.84
5.8
5.79
5.76
5.74
5.74
5.75
5.79
5.79
5.8
5.82
5.85
5.92
5.96
6.0
6.03
6.06
6.07
6.06
6.1
6.13
6.14
6.14
6.15
6.14
6.15
6.16
6.17
6.21
6.23
6.24
6.23
6.25
6.27
6.27
6.24
6.24
6.27
6.35
6.33
6.3
6.42
6.47
6.51
6.54
6.44
6.47
6.49
6.47
6.46
6.48
6.41
6.37
6.37
6.32
6.35
6.29
6.16
6.16
6.18
6.25
6.28
5.99
6.08
5.96
5.93
5.94
5.86
5.83
5.82
5.74
5.87
5.83
5.74
5.78
5.81
5.81
5.78
5.85
5.86
5.85
5.92
5.91
5.78
5.75
5.82
5.79
5.84
6.03
5.87
5.87
5.97
5.82
5.69
5.72
5.75
5.71
5.67
5.62
5.57
5.54
5.5
5.47
5.45
5.42
5.39
5.36
5.33
5.33
5.3
5.28
5.26
5.24
5.23
5.23
5.24
5.27
5.31
5.34
5.37
5.4
5.42
5.45
5.49
5.53
5.57
5.63
5.67
5.7
5.73
5.76
5.78
5.79
5.84
5.84
5.87
5.86
5.89
5.88
5.9
5.9
5.91
5.92
5.94
5.94
5.94
5.95
5.95
5.96
5.97
5.95
5.94
5.95
5.96
5.98
5.99
6.01
6.02
6.07
6.08
6.11
6.14
6.18
6.19
6.24
6.26
6.29
6.28
6.29
6.34
6.36
6.27
6.27
6.35
6.32
6.35
6.38
6.41
6.43
6.39
6.42
6.41
6.46
6.5
6.46
6.44
6.49
6.48
6.49
6.48
6.47
6.48
6.46
6.49
6.51
6.49
6.52
6.54
6.52
6.5
6.49
6.46
6.45
6.46
6.49
6.45
6.42
6.33
6.29
6.25
6.26
6.27
6.28
6.28
6.35
6.34
6.36
6.31
6.27
6.26
6.29
6.28
6.27
6.28
6.28
6.27
6.27
6.23
6.24
6.25
6.23
6.24
6.26
6.27
6.25
6.25
6.25
6.23
6.24
6.23
6.24
6.25
6.27
6.26
6.26
6.26
6.29
6.29
6.28
6.29
6.3
6.29
6.3
6.3
6.31
6.3
6.33
6.33
6.34
6.34
6.36
6.36
6.36
6.37
6.39
6.39
6.4
6.41
6.41
6.42
6.41
6.42
6.42
6.43
6.43
6.44
6.46
6.46
6.47
6.48
6.5
6.51
6.52
6.53
6.54
6.54
6.56
6.57
6.62
6.65
6.69
6.67
6.66
6.66
6.68
6.7
6.71
6.72
6.72
6.73
6.76
6.78
6.81
6.82
6.85
6.88
6.9
6.91
6.88
6.9
6.92
6.93
6.97
7.01
7.05
7.06
7.08
7.12
7.15
7.21
7.27
7.29
7.27
7.22
7.22
7.21
7.21
7.21
7.27
7.3
7.29
7.32
7.32
7.3
7.26
7.24
7.32
7.32
7.29
7.32
7.3
7.34
7.3
7.33
7.29
7.31
7.38
7.42
7.37
7.4
7.4
7.44
7.51
7.49
7.47
7.38
7.43
7.46
7.44
7.48
7.49
7.37
7.33
7.35
7.32
7.36
7.37
7.32
7.22
7.17
7.17
7.19
7.19
7.19
7.25
7.22
7.23
7.23
7.24
7.24
7.32
7.24
7.33
7.24
7.07
6.99
6.93
6.91
6.88
6.84
6.82
6.81
6.8
6.8
6.8
6.81
6.8
6.69
6.59
6.54
6.55
6.57
6.63
6.61
6.57
6.6
6.62
6.55
6.53
6.54
6.52
6.51
6.56
6.53
6.47
6.49
6.53
6.47
6.45
6.39
6.37
6.43
6.45
6.37
6.36
6.35
6.33
6.29
6.27
6.25
6.24
6.25
6.29
6.27
6.29
6.36
6.27
6.26
6.26
6.22
6.21
6.2
6.21
6.19
6.19
6.2
6.19
6.17
6.17
6.21
6.21
6.19
6.19
6.19
6.22
6.3
6.28
6.21
6.2
6.15
6.11
6.14
6.14
6.15
6.18
6.2
6.19
6.05
5.96
5.99
6.02
6.1
6.09
6.03
6.07
6.02
6.13
6.08
5.66
5.58
5.65
5.69
5.87
5.81
5.65
5.73
5.44
5.42
5.51
5.55
5.61
5.51
5.44
5.38
5.35
5.49
5.49
5.57
5.65
5.63
5.68
5.69
5.55
5.43
5.58
5.58
5.62
5.76
5.82
5.87
5.89
5.78
5.61
5.58
5.6
5.58
5.56
5.64
5.73
5.8
5.77
5.84
5.85
5.88
5.91
5.91
5.91
5.95
5.93
5.92
5.89
5.92
5.92
5.91
5.92
5.9
5.94
5.96
5.98
6.02
5.96
5.95
5.96
5.95
5.96
6.02
6.04
6.01
6.02
6.03
5.96
5.96
6.0
6.07
6.01
6.03
6.05
6.07
6.04
6.09
6.01
6.01
6.0
5.98
6.0
5.8
5.78
5.8
5.8
5.87
5.92
5.91
5.96
5.86
5.79
5.84
5.8
5.87
5.79
5.78
5.78
5.76
5.78
5.72
5.68
5.7
5.72
5.74
5.71
5.72
5.73
5.77
5.76
5.74
5.74
5.74
5.77
5.81
5.76
5.81
5.79
5.78
5.81
5.81
5.85
5.85
5.93
5.95
5.98
6.02
5.92
5.86
5.94
5.88
5.89
5.88
5.89
6.0
5.98
6.13
6.02
6.0
6.05
5.91
5.87
5.82
5.57
5.37
5.42
5.33
5.37
5.41
5.35
5.17
5.19
4.98
4.92
5.06
4.95
4.97
4.87
4.97
4.99
4.95
5.0
4.96
4.94
5.01
5.07
5.2
5.06
5.17
5.32
5.11
5.16
5.32
5.37
5.39
5.39
5.41
5.46
5.5
5.48
5.49
5.5
5.61
5.6
5.45
5.41
5.39
5.36
5.28
5.27
5.25
5.31
5.32
5.27
5.26
5.27
5.27
5.23
5.21
5.2
5.17
5.15
5.21
5.17
5.09
5.14
5.12
5.14
5.06
5.03
5.02
5.03
5.05
5.05
5.02
5.05
5.06
5.11
5.14
5.16
5.19
5.17
5.25
5.2
5.21
5.28
5.32
5.36
5.39
5.43
5.48
5.47
5.46
5.47
5.52
5.55
5.57
5.62
5.6
5.63
5.69
5.71
5.69
5.7
5.64
5.63
5.62
5.69
5.72
5.76
5.77
5.77
5.76
5.72
5.71
5.71
5.73
5.79
5.83
5.76
5.76
5.85
5.87
5.96
5.95
5.9
5.85
5.87
5.85
5.83
5.87
5.97
5.94
5.94
5.91
5.96
6.08
6.11
6.16
6.26
6.2
6.23
6.2
6.29
6.42
6.51
6.68
6.71
6.79
6.83
6.93
6.93
6.9
6.83
6.88
6.94
6.94
6.96
6.93
6.95
7.0
6.97
6.93
7.01
7.01
6.93
6.93
6.89
6.87
6.89
6.88
6.94
6.97
6.93
6.89
6.87
6.83
6.83
6.81
6.84
6.88
6.91
6.96
6.99
7.01
7.06
7.03
6.96
6.87
6.87
6.88
6.87
6.88
6.87
6.9
6.91
6.88
6.76
6.73
6.73
6.71
6.72
6.73
6.72
6.7
6.68
6.64
6.61
6.58
6.58
6.58
6.59
6.58
6.58
6.58
6.58
6.58
6.56
6.56
6.55
6.56
6.56
6.56
6.58
6.55
6.56
6.57
6.57
6.57
6.56
6.57
6.58
6.58
6.6
6.59
6.61
6.6
6.63
6.64
6.65
6.66
6.7
6.69
6.71
6.72
6.72
6.76
6.77
6.8
6.79
6.82
6.85
6.89
6.91
6.92
6.93
6.95
6.97
6.99
6.98
6.97
6.96
6.95
6.95
6.92
6.91
6.9
6.88
6.87
6.86
6.85
6.83
6.79
6.79
6.78
6.78
6.78
6.78
6.76
6.73
6.75
6.8
6.85
6.93
6.95
7.02
7.06
7.12
7.08
7.11
7.17
7.19
7.25
7.26
7.25
7.42
7.56
7.56
7.58
7.62
7.74
7.78
7.9
7.81
7.78
7.79
7.77
7.83
7.81
7.78
7.82
7.83
7.89
7.81
7.79
7.81
7.83
7.84
7.9
7.91
7.88
7.87
7.86
7.86
7.87
7.85
7.86
7.86
7.87
7.89
7.91
7.93
7.91
7.91
7.91
7.88
7.86
7.85
7.84
7.85
7.82
7.84
7.82
7.81
7.8
7.81
7.8
7.83
7.84
7.85
7.86
7.85
7.84
7.83
7.84
7.82
7.83
7.84
7.85
7.83
7.83
7.82
7.81
7.79
7.78
7.77
7.75
7.74
7.73
7.71
7.71
7.68
7.66
7.6
7.5
7.48
7.51
7.49
7.54
7.56
7.52
7.49
7.46
7.45
