5.6
5.56
5.55
5.53
5.44
5.4
5.4
5.38
5.43
5.44
5.38
5.31
5.19
5.13
5.16
5.16
5.14
5.07
4.99
5.07
5.08
5.08
5.08
5.06
5.07
5.06
5.1
5.07
5.06
5.06
5.04
4.98
4.95
4.91
4.91
4.9
4.92
4.91
4.9
4.88
4.9
4.88
4.84
4.82
4.82
4.9
5.01
5.1
5.29
5.3
5.29
5.24
5.3
5.35
5.38
5.39
5.52
5.6
5.54
5.53
5.57
5.56
5.73
5.88
6.02
6.04
6.05
6.21
6.33
6.46
6.56
6.66
6.71
6.72
6.77
6.81
6.91
7.02
7.1
7.05
7.04
7.01
6.97
6.94
6.93
6.93
6.9
6.87
6.85
6.77
6.64
6.54
6.5
6.46
6.44
6.42
6.45
6.54
6.52
6.51
6.51
6.55
6.56
6.57
6.58
6.59
6.49
6.49
6.48
6.48
6.47
6.5
6.5
6.44
6.42
6.33
6.32
6.3
6.27
6.23
6.24
6.22
6.19
6.16
6.19
6.18
6.19
6.13
6.09
6.08
6.06
6.02
5.99
5.95
5.91
5.88
5.84
5.76
5.78
5.8
5.84
5.77
5.77
5.74
5.73
5.71
5.71
5.59
5.56
5.52
5.44
5.39
5.41
5.41
5.39
5.37
5.37
5.35
5.26
5.25
5.23
5.23
5.22
5.24
5.27
5.28
5.29
5.29
5.23
5.23
5.24
5.25
5.26
5.21
5.23
5.25
5.18
5.22
5.22
5.21
5.15
5.09
5.09
5.07
5.08
5.08
5.09
5.13
5.14
5.14
5.17
5.24
5.23
5.24
5.27
5.22
5.26
5.38
5.4
5.48
5.63
5.53
5.54
5.67
5.72
5.76
5.74
5.78
5.81
5.81
5.95
6.14
6.27
6.36
6.33
6.46
6.5
6.58
6.58
6.45
6.53
6.62
6.59
6.49
6.51
6.56
6.47
6.42
6.43
6.39
6.37
6.37
6.37
6.37
6.37
6.33
6.31
6.26
6.2
6.15
6.12
6.13
6.04
6.05
6.05
6.04
6.03
6.04
6.04
6.0
6.0
5.99
6.01
6.04
6.03
6.03
6.03
6.07
6.06
6.03
6.04
6.04
5.99
5.93
5.93
5.96
6.01
6.08
6.09
6.12
6.18
6.13
6.12
6.18
6.21
6.19
6.18
6.18
6.2
6.11
6.06
6.05
6.04
6.04
6.06
6.08
6.1
6.1
6.11
6.12
6.15
6.17
6.19
6.2
6.24
6.3
6.27
6.29
6.42
6.52
6.46
6.34
6.32
6.34
6.34
6.32
6.31
6.32
6.34
6.35
6.34
6.34
6.33
6.35
6.36
6.36
6.38
6.39
6.39
6.38
6.39
6.4
6.44
6.42
6.44
6.46
6.47
6.5
6.53
6.6
6.57
6.57
6.68
6.64
6.62
6.65
6.72
6.78
6.78
6.75
6.81
6.85
6.91
7.0
6.98
6.96
6.91
6.98
7.0
7.05
7.1
7.07
7.07
7.12
7.07
7.03
7.04
7.05
7.0
7.05
6.95
6.91
6.95
6.85
6.82
6.87
6.86
6.8
6.75
6.68
6.71
6.75
6.62
6.58
6.59
6.6
6.65
6.63
6.6
6.57
6.58
6.61
6.55
6.58
6.59
6.57
6.58
6.58
6.56
6.53
6.54
6.53
6.53
6.58
6.59
6.58
6.57
6.55
6.51
6.47
6.45
6.43
6.44
6.45
6.46
6.47
6.46
6.45
6.44
6.51
6.51
6.48
6.46
6.47
6.47
6.46
6.5
6.5
6.49
6.49
6.49
6.49
6.5
6.49
6.5
6.53
6.49
6.47
6.5
6.5
6.52
6.54
6.54
6.54
6.53
6.53
6.55
6.49
6.5
6.54
6.56
6.59
6.6
6.55
6.61
6.55
6.56
6.6
6.63
6.61
6.64
6.59
6.57
6.58
6.57
6.55
6.55
6.56
6.56
6.6
6.64
6.6
6.63
6.61
6.59
6.61
6.62
6.66
6.62
6.6
6.63
6.63
6.68
6.68
6.69
6.7
6.75
6.81
6.73
6.75
6.79
6.79
6.82
6.87
6.89
6.88
6.87
6.87
6.86
6.89
6.91
6.92
6.93
6.94
6.96
7.04
7.09
7.09
7.16
7.13
7.14
7.24
7.28
7.33
7.28
7.3
7.27
7.28
7.25
7.29
7.37
7.4
7.33
7.27
7.25
7.24
7.25
7.23
7.21
7.18
7.16
7.15
7.16
7.15
7.18
7.17
7.18
7.14
7.13
7.15
7.08
7.05
7.02
6.94
6.87
6.87
6.84
6.82
6.8
6.77
6.74
6.71
6.65
6.59
6.6
6.62
6.6
6.55
6.52
6.5
6.51
6.47
6.43
6.36
6.29
6.35
6.29
6.25
6.25
6.35
6.28
6.21
6.15
6.1
6.07
5.97
5.84
5.74
5.9
6.04
6.05
5.98
5.96
6.11
6.02
6.12
6.36
5.78
5.66
5.62
5.62
5.82
5.6
5.68
5.74
5.58
5.59
5.71
5.74
5.56
5.37
5.29
5.35
5.41
5.46
5.5
5.47
5.47
5.46
5.46
5.29
5.28
5.36
5.39
5.4
5.43
5.35
5.36
5.36
5.27
5.25
5.26
5.26
5.26
5.37
5.37
5.42
5.32
5.27
5.4
5.46
5.42
5.42
5.41
5.54
5.63
5.71
5.75
5.72
5.94
5.99
6.1
6.18
6.48
6.92
7.19
7.3
7.53
7.75
7.47
7.09
7.04
7.1
7.09
7.15
7.22
7.27
7.3
7.3
7.36
7.36
7.34
7.38
7.42
7.46
7.44
7.45
7.45
7.41
7.32
7.19
7.12
7.1
7.11
7.09
7.05
7.01
7.0
7.03
7.01
7.01
7.01
6.98
6.97
6.99
6.99
6.95
6.92
6.91
6.88
6.87
6.86
6.87
6.85
6.81
6.81
6.8
6.78
6.72
6.68
6.64
6.62
6.6
6.59
6.56
6.54
6.52
6.45
6.43
6.46
6.43
6.41
6.34
6.3
6.23
6.2
6.08
6.14
6.09
6.06
6.1
6.15
6.03
5.99
6.0
5.91
5.86
6.06
6.03
6.09
6.11
6.11
5.88
5.91
5.93
5.63
5.57
5.5
5.52
5.44
5.44
5.46
5.63
5.68
5.67
5.66
5.66
5.63
5.61
5.63
5.64
5.67
5.74
5.74
5.74
5.76
5.81
5.76
5.78
5.82
5.83
5.84
5.86
5.79
5.81
5.9
5.88
5.87
5.9
5.88
5.87
5.88
5.88
5.89
5.91
5.92
5.92
5.9
5.89
5.92
5.97
6.04
6.02
5.99
6.05
6.1
6.26
6.34
6.26
6.21
6.19
6.21
6.39
6.65
6.7
6.77
6.79
6.8
6.8
6.81
6.6
6.44
6.35
6.32
6.26
6.22
6.19
6.13
6.06
5.92
5.96
5.93
5.88
5.82
5.8
5.78
5.79
5.77
5.74
5.72
5.7
5.67
5.68
5.69
5.69
5.67
5.66
5.64
5.64
5.65
5.69
5.71
5.73
5.74
5.77
5.8
5.81
5.85
5.85
5.83
5.8
5.8
5.78
5.79
5.8
5.8
5.76
5.71
5.69
5.67
5.67
5.68
5.66
5.65
5.62
5.6
5.6
5.59
5.52
5.55
5.54
5.35
5.36
5.32
5.4
5.44
5.39
5.4
5.44
5.39
5.25
5.13
5.05
5.07
4.99
4.97
5.09
4.99
5.15
5.2
5.15
4.76
5.22
5.32
5.26
5.23
5.21
5.2
5.19
5.12
5.18
5.21
5.16
5.18
5.12
5.16
5.09
4.62
4.43
4.44
4.45
4.61
4.48
4.38
4.43
4.61
4.91
4.7
4.78
4.41
4.3
4.32
4.32
4.46
4.49
4.58
4.44
4.4
4.42
4.4
4.57
4.67
4.71
4.84
4.61
4.6
4.64
4.73
4.83
4.9
4.97
4.99
5.02
5.06
5.13
5.26
5.25
5.27
5.29
5.35
5.37
5.39
5.49
5.56
5.58
5.62
5.62
5.62
5.64
5.65
5.67
5.76
5.73
5.78
5.76
5.71
5.64
5.71
5.76
5.84
5.87
5.87
5.87
5.88
5.88
5.85
5.84
5.77
5.76
5.73
5.69
5.69
5.69
5.66
5.68
5.67
5.67
5.67
5.67
5.67
5.69
5.7
5.72
5.72
5.73
5.76
5.79
5.84
5.88
5.9
5.92
5.94
5.91
5.92
5.91
5.93
5.99
6.03
6.07
6.08
6.09
6.12
6.17
6.17
6.16
6.16
6.17
6.17
6.19
6.17
6.18
6.19
6.23
6.23
6.24
6.26
6.26
6.26
6.28
6.28
6.29
6.3
6.32
6.31
6.31
6.31
6.3
6.3
6.29
6.28
6.3
6.3
6.3
6.3
6.32
6.34
6.35
6.35
6.38
6.41
6.38
6.39
6.4
6.4
6.37
6.36
6.34
6.33
6.33
6.32
6.32
6.3
6.29
6.27
6.3
6.29
6.29
6.3
6.3
6.3
6.3
6.3
6.28
6.28
6.27
6.26
6.26
6.23
6.25
6.23
6.2
6.19
6.18
6.19
6.2
6.22
6.23
6.2
6.2
6.2
6.2
6.2
6.19
6.18
6.19
6.19
6.2
6.22
6.23
6.23
6.23
6.2
6.18
6.16
6.15
6.13
6.12
6.09
6.06
6.05
6.05
6.03
6.03
6.01
6.01
6.01
5.99
5.99
5.99
5.99
5.96
5.97
5.97
5.95
5.96
5.95
5.95
5.93
5.91
5.88
5.88
5.86
5.8
5.77
5.72
5.7
5.68
5.68
5.67
5.64
5.63
5.61
5.58
5.59
5.56
5.55
5.54
5.53
5.52
5.49
5.47
5.46
5.44
5.43
5.43
5.41
5.4
5.37
5.36
5.34
5.32
5.31
5.3
5.3
5.28
5.28
5.31
5.31
5.3
5.3
5.27
5.26
5.28
5.26
5.28
5.29
5.27
5.27
5.24
5.23
5.22
5.2
5.19
5.18
5.16
5.14
5.08
5.06
5.06
5.06
5.05
5.06
5.07
5.07
5.04
5.0
4.99
4.98
4.97
4.97
4.97
5.01
5.05
5.02
5.0
4.97
4.95
4.94
4.93
4.98
4.94
4.92
4.92
4.96
4.89
4.87
4.86
4.88
4.89
4.9
