6.54
6.65
6.84
6.88
7.02
7.08
7.15
7.26
7.17
7.12
7.12
6.91
6.85
6.8
6.69
6.6
6.69
6.59
6.51
6.57
6.64
6.76
6.61
6.8
6.8
6.67
6.66
6.74
6.61
6.67
6.75
6.78
6.77
6.7
6.67
6.69
6.67
6.63
6.46
6.45
6.39
6.35
6.21
6.18
6.13
6.31
6.29
6.21
6.24
6.2
6.16
5.87
5.75
5.74
5.8
5.87
5.9
5.88
5.89
5.91
5.93
5.97
5.98
5.98
5.95
5.91
5.89
5.88
5.87
5.84
5.84
5.82
5.82
5.82
5.81
5.81
5.81
5.8
5.78
5.78
5.78
5.79
5.78
5.75
5.74
5.72
5.7
5.69
5.69
5.66
5.65
5.6
5.64
5.67
5.71
5.74
5.73
5.73
5.72
5.7
5.67
5.66
5.58
5.47
5.46
5.42
5.58
5.48
5.2
5.15
5.16
5.3
5.16
5.1
5.06
5.03
5.14
5.22
5.22
5.27
5.31
5.34
5.33
5.3
5.3
5.29
5.27
5.24
5.23
5.35
5.36
5.36
5.37
5.39
5.4
5.4
5.41
5.47
5.46
5.48
5.44
5.47
5.48
5.72
5.92
5.88
5.8
5.85
5.85
5.83
5.91
5.96
6.13
6.4
6.42
6.41
6.48
6.51
6.49
6.46
6.47
6.42
6.42
6.37
6.41
6.47
6.35
6.38
6.51
6.55
6.55
6.54
6.61
6.61
6.6
6.57
6.57
6.57
6.63
6.65
6.62
6.68
6.75
6.79
6.88
6.83
6.8
6.84
6.79
6.82
6.88
6.93
6.9
6.89
6.88
6.89
6.92
6.97
6.94
6.97
6.97
6.98
6.95
6.95
6.97
6.99
6.99
6.99
6.99
6.97
6.94
6.95
6.93
6.91
6.86
6.82
6.83
6.83
6.81
6.79
6.77
6.79
6.76
6.71
6.71
6.68
6.63
6.64
6.59
6.56
6.58
6.57
6.55
6.5
6.48
6.42
6.4
6.4
6.33
6.31
6.32
6.22
6.05
6.04
6.1
6.14
6.12
6.11
6.03
5.83
5.79
5.79
5.74
5.7
5.66
5.62
5.58
5.55
5.58
5.6
5.63
5.54
5.54
5.58
5.55
5.52
5.47
5.41
5.32
5.32
5.29
5.28
5.29
5.33
5.42
5.51
5.46
5.44
5.44
5.39
5.43
5.49
5.57
5.68
5.76
5.79
5.91
6.17
6.48
6.35
6.34
6.37
6.53
6.68
6.74
6.86
6.88
6.87
6.85
6.62
6.62
6.94
6.93
7.0
7.01
7.02
7.14
7.34
7.43
7.37
7.38
7.33
7.24
7.21
7.1
7.06
6.87
7.04
7.05
7.18
7.17
7.26
7.25
7.16
7.16
7.23
7.17
7.16
7.03
7.03
6.97
6.81
6.61
6.51
6.43
6.33
6.29
6.35
6.39
6.26
6.0
5.94
5.9
5.85
5.89
6.01
6.19
6.23
6.14
6.07
6.05
6.02
6.08
6.07
6.43
6.78
6.99
6.99
7.12
7.22
7.41
7.42
7.47
7.5
7.49
7.43
7.45
7.41
7.35
7.36
7.31
7.34
7.33
7.33
7.33
7.33
7.32
7.3
7.28
7.25
7.22
7.2
7.18
7.17
7.15
7.13
7.06
7.05
7.04
6.98
6.97
6.92
6.94
6.92
6.87
6.72
6.66
6.59
6.57
6.58
6.56
6.53
6.61
6.54
6.46
6.36
6.24
6.22
6.21
6.17
6.13
6.1
6.1
6.05
6.05
6.0
6.02
6.05
6.13
6.19
6.17
6.1
6.06
6.1
6.2
6.31
6.31
6.37
6.49
6.51
6.55
6.78
6.8
6.82
6.87
6.83
6.9
6.94
6.94
6.93
6.97
7.11
7.08
7.35
7.2
7.15
7.29
7.48
7.57
7.73
7.71
7.76
7.82
7.76
7.72
7.7
7.68
7.53
7.43
7.49
7.45
7.38
7.41
7.47
7.29
7.13
6.92
6.74
6.68
6.87
7.03
7.23
7.43
7.66
7.85
7.88
8.03
8.02
8.12
8.12
8.2
8.2
8.13
8.03
8.05
8.02
8.01
7.92
7.91
7.84
7.78
7.76
7.75
7.74
7.72
7.68
7.66
7.62
7.59
7.51
7.39
7.32
7.21
7.16
7.08
7.03
6.98
6.93
6.9
6.88
6.86
6.84
6.82
6.82
6.8
6.78
6.77
6.76
6.75
6.74
6.72
6.72
6.71
6.67
6.66
6.61
6.6
6.56
6.51
6.48
6.43
6.41
6.37
6.34
6.32
6.29
6.27
6.24
6.24
6.23
6.19
6.16
6.13
6.12
6.1
6.07
6.05
5.95
5.94
5.92
5.82
5.78
5.74
5.74
5.73
5.74
5.66
5.56
5.49
5.57
5.6
5.68
5.82
5.86
5.9
5.85
5.79
5.84
5.86
6.01
6.09
6.11
6.16
6.2
6.23
6.21
6.2
6.15
6.2
6.19
6.26
6.29
6.4
6.49
6.42
6.53
6.53
6.58
6.68
6.77
6.84
6.89
6.97
7.0
7.04
7.14
7.15
7.18
7.1
7.1
7.06
7.12
7.18
7.24
7.24
7.28
7.35
7.35
7.39
7.35
7.4
7.31
7.25
7.21
7.06
7.02
6.96
6.96
6.87
6.88
6.65
6.61
6.41
6.18
5.91
5.78
5.71
5.74
5.73
5.85
6.02
6.02
5.95
5.97
5.8
5.6
5.51
5.42
5.3
5.27
5.18
5.14
5.05
4.92
4.88
4.9
4.83
4.93
4.93
4.92
4.93
4.96
4.96
4.94
4.97
4.96
4.94
4.9
4.88
4.92
5.0
5.06
5.11
5.25
5.3
5.39
5.47
5.54
5.61
5.67
5.73
5.8
5.84
5.84
5.85
5.84
5.82
5.79
5.77
5.79
5.82
5.69
5.42
5.36
5.35
5.43
5.41
5.44
5.41
5.35
5.31
5.24
5.21
5.14
5.12
5.03
4.99
5.0
4.97
4.99
5.03
5.04
5.01
4.98
4.9
4.9
5.03
5.2
5.31
5.2
5.01
5.07
5.09
5.16
5.16
5.21
5.32
5.36
5.45
5.53
5.61
5.83
5.94
5.92
5.94
6.05
6.11
6.2
6.29
6.35
6.36
6.37
6.45
6.46
6.46
6.52
6.5
6.61
6.47
6.29
6.3
6.45
6.48
6.12
6.32
6.26
6.6
6.98
7.07
7.17
6.99
6.86
6.87
6.84
7.0
7.07
7.05
7.04
7.03
6.92
6.81
6.62
6.6
6.55
6.49
6.4
6.38
6.46
6.47
6.41
6.43
6.41
6.4
6.46
6.45
6.47
6.4
6.48
6.48
6.46
6.46
6.46
6.5
6.45
6.45
6.44
6.44
6.46
6.46
6.42
6.46
6.45
6.46
6.48
6.54
6.48
6.46
6.46
6.42
6.4
6.4
6.38
6.36
6.3
6.23
6.14
6.12
6.08
6.02
6.01
5.97
5.96
5.93
5.93
5.97
5.9
5.91
5.87
5.87
5.8
5.75
5.72
5.71
5.71
5.72
5.79
5.78
5.73
5.68
5.67
5.67
5.6
5.52
5.44
5.47
5.48
5.48
5.5
5.45
5.39
5.38
5.43
5.39
5.4
5.4
5.36
5.31
5.28
5.27
5.32
5.45
5.57
5.57
5.58
5.5
5.51
5.53
5.56
5.73
6.0
6.02
6.01
6.04
6.1
6.24
6.36
6.46
6.57
6.6
6.73
6.83
6.86
6.91
6.9
6.99
6.99
6.8
6.76
6.72
6.88
6.83
6.88
6.8
6.93
7.0
6.95
6.82
6.75
6.75
6.85
6.87
6.84
6.9
6.94
6.91
6.99
6.97
6.99
6.97
7.02
7.13
7.11
7.03
7.06
7.06
7.11
7.11
7.14
7.18
7.18
7.15
7.2
7.22
7.14
6.84
6.68
6.38
6.43
6.5
6.21
6.1
6.15
6.1
6.11
6.18
6.22
6.23
6.22
6.5
6.6
6.68
6.78
6.76
6.73
6.73
6.78
6.79
6.76
6.78
6.75
6.72
6.74
6.75
6.74
6.71
6.69
6.67
6.67
6.63
6.59
6.49
6.4
6.37
6.34
6.29
6.31
6.28
6.26
6.25
6.24
6.28
6.22
6.17
6.1
6.05
6.03
5.99
5.95
5.92
5.92
5.93
5.9
5.89
5.97
5.9
5.85
5.85
5.81
5.81
5.83
5.78
5.71
5.65
5.67
5.58
5.49
5.47
5.52
5.48
5.47
5.44
5.46
5.47
5.49
5.56
5.67
5.66
5.72
5.73
5.65
5.76
5.77
5.85
5.92
5.97
6.05
6.27
6.42
6.53
6.61
6.63
6.67
6.64
6.6
6.29
6.2
6.27
6.36
6.38
6.27
5.85
5.63
5.46
5.52
5.47
5.61
5.42
5.35
5.08
5.03
5.03
5.12
5.04
5.04
4.99
5.14
5.19
5.22
5.25
5.29
5.27
5.65
5.7
5.66
5.51
5.39
5.16
5.25
5.28
5.2
5.33
5.39
5.45
5.62
5.63
5.6
5.55
5.49
5.54
5.6
5.77
5.89
6.0
6.13
6.14
6.1
6.03
6.05
6.09
6.12
6.15
6.15
6.09
5.97
5.83
5.7
5.54
5.32
5.22
5.26
5.17
5.15
5.15
5.12
5.11
5.02
4.91
4.88
4.82
4.71
4.61
4.54
4.5
4.46
4.43
4.38
4.36
4.33
4.32
4.36
4.34
4.34
4.49
4.54
4.4
4.4
4.45
4.51
4.6
4.63
4.63
4.54
4.53
4.68
4.72
4.65
4.66
4.64
4.67
4.69
4.66
4.55
4.59
4.59
4.54
4.52
4.57
4.58
4.51
4.52
4.54
4.56
4.54
4.54
4.47
4.44
4.5
4.59
4.61
4.62
4.63
4.66
4.76
4.78
4.88
5.05
5.19
5.31
5.38
5.42
5.45
5.48
5.48
5.4
5.4
5.5
5.6
5.57
5.61
5.65
5.75
5.86
5.91
5.91
5.96
5.88
5.87
5.95
5.82
5.85
5.89
6.05
6.14
6.07
6.13
6.06
6.08
6.13
6.18
6.21
6.21
6.17
6.22
6.1
6.22
6.23
6.29
6.07
6.2
6.1
6.06
6.13
6.03
5.96
5.89
5.84
5.7
5.75
5.54
5.39
