3.02
3.03
3.06
3.05
3.06
3.08
3.08
3.08
3.1
3.11
3.11
3.11
3.11
3.12
3.12
3.1
3.11
3.1
3.1
3.11
3.13
3.13
3.14
3.16
3.18
3.18
3.18
3.18
3.22
3.21
3.21
3.19
3.21
3.24
3.31
3.37
3.33
3.36
3.29
3.32
3.34
3.36
3.37
3.38
3.38
3.41
3.43
3.46
3.35
3.37
3.36
3.39
3.42
3.42
3.36
3.34
3.33
3.32
3.31
3.31
3.32
3.32
3.34
3.36
3.37
3.39
3.39
3.42
3.33
3.33
3.32
3.31
3.33
3.34
3.46
3.43
3.46
3.34
3.31
3.3
3.29
3.28
3.29
3.28
3.24
3.25
3.28
3.29
3.3
3.3
3.3
3.28
3.28
3.28
3.28
3.28
3.27
3.26
3.28
3.27
3.26
3.24
3.2
3.19
3.19
3.18
3.16
3.14
3.13
3.12
3.12
3.11
3.09
3.08
3.09
3.09
3.07
3.07
3.07
3.06
3.03
3.01
3.01
3.0
2.98
2.97
2.96
2.96
2.97
2.94
2.93
2.91
2.88
2.9
2.89
2.88
2.88
2.87
2.85
2.87
2.86
2.83
2.81
2.79
2.78
2.77
2.74
2.74
2.73
2.72
2.71
2.71
2.71
2.69
2.68
2.68
2.66
2.64
2.62
2.62
2.61
2.61
2.59
2.58
2.56
2.55
2.54
2.54
2.52
2.53
2.52
2.52
2.51
2.5
2.49
2.5
2.49
2.49
2.49
2.48
2.48
2.49
2.5
2.49
2.48
2.47
2.48
2.47
2.45
2.44
2.44
2.46
2.44
2.45
2.45
2.44
2.43
2.42
2.41
2.4
2.4
2.39
2.38
2.36
2.36
2.36
2.36
2.35
2.34
2.33
2.32
2.31
2.29
2.29
2.28
2.27
2.26
2.25
2.24
2.23
2.21
2.19
2.19
2.19
2.17
2.17
2.17
2.16
2.15
2.15
2.13
2.13
2.13
2.12
2.11
2.09
2.09
2.1
2.08
2.07
2.08
2.08
2.07
2.06
2.05
2.04
2.02
2.01
1.99
1.98
1.97
1.96
1.96
1.96
1.94
1.94
1.93
1.93
1.92
1.92
1.92
1.92
1.92
1.91
1.9
1.9
1.89
1.89
1.89
1.9
1.89
1.89
1.89
1.89
1.88
1.88
1.88
1.87
1.87
1.86
1.87
1.85
1.85
1.84
1.84
1.85
1.83
1.84
1.82
1.83
1.82
1.83
1.82
1.83
1.83
1.82
1.81
1.81
1.81
1.82
1.82
1.83
1.82
1.81
1.81
1.8
1.8
1.81
1.83
1.82
1.81
1.81
1.81
1.81
1.81
1.81
1.79
1.79
1.79
1.8
1.8
1.8
1.81
1.81
1.82
1.81
1.81
1.83
1.82
1.81
1.81
1.8
1.8
1.81
1.82
1.84
1.84
1.86
1.88
1.88
1.88
1.87
1.88
1.89
1.9
1.91
1.93
1.95
1.97
1.98
2.0
2.01
2.03
2.06
2.09
2.12
2.16
2.2
2.24
2.25
2.2
2.21
2.21
2.22
2.22
2.24
2.25
2.27
2.29
2.3
2.3
2.29
2.27
2.23
2.2
2.15
2.13
2.12
2.09
2.05
2.01
1.98
1.95
1.92
1.91
1.87
1.84
1.83
1.79
1.77
1.75
1.73
1.7
1.67
1.64
1.63
1.62
1.64
1.63
1.63
1.62
1.61
1.6
1.59
1.59
1.59
1.6
1.6
1.6
1.59
1.59
1.6
1.61
1.61
1.62
1.62
1.62
1.64
1.64
1.66
1.68
1.66
1.67
1.69
1.7
1.72
1.72
1.73
1.75
1.76
1.76
1.78
1.8
1.83
1.84
1.88
1.93
1.95
1.91
1.96
2.01
1.99
2.01
2.04
2.08
2.1
2.09
2.13
2.14
2.15
2.15
2.18
2.16
2.15
2.16
2.17
2.16
2.16
2.2
2.19
2.18
2.19
2.21
2.22
2.23
2.24
2.23
2.24
2.27
2.27
2.26
2.27
2.26
2.29
2.29
2.31
2.34
2.34
2.33
2.42
2.68
2.86
2.89
2.77
2.53
2.68
2.66
2.73
2.82
2.86
3.02
3.05
3.05
3.08
3.09
3.17
3.26
3.34
3.32
3.39
3.41
3.43
3.43
3.47
3.5
3.49
3.5
3.51
3.53
3.56
3.57
3.57
3.58
3.6
3.62
3.64
3.67
3.7
3.72
3.76
3.79
3.82
3.84
3.85
3.87
3.87
3.87
3.88
3.91
3.92
3.9
3.91
3.9
3.91
3.92
3.94
3.93
3.99
4.04
4.06
4.03
4.03
4.07
4.12
4.13
4.18
4.12
4.11
4.1
4.11
4.15
4.16
4.17
4.31
4.41
4.43
4.55
4.48
4.45
4.43
4.4
4.35
4.35
4.36
4.4
4.37
4.35
4.26
4.23
4.14
4.02
3.99
3.89
3.78
3.88
3.98
3.99
4.02
3.99
3.92
3.89
3.9
3.96
3.94
3.93
3.9
3.87
3.86
3.87
3.87
3.88
3.91
3.91
3.87
3.84
3.86
3.85
3.77
3.75
3.74
3.75
3.75
3.91
3.86
3.82
3.8
3.79
3.73
3.67
3.66
3.7
3.69
3.69
3.65
3.66
3.64
3.68
3.69
3.69
3.8
3.68
3.67
3.76
3.66
3.6
3.58
3.53
3.56
3.65
3.68
3.62
3.61
3.69
3.68
3.65
3.53
3.43
3.53
3.58
3.6
3.57
3.51
3.46
3.41
3.42
3.4
3.45
3.44
3.44
3.44
3.43
3.37
3.35
3.4
3.35
3.21
3.17
3.17
3.19
3.21
3.21
3.22
3.27
3.3
3.26
3.25
3.27
3.28
3.26
3.26
3.19
3.19
3.09
3.08
3.21
3.25
3.27
3.17
3.18
3.18
3.18
3.18
3.26
3.24
3.24
3.25
3.26
3.28
3.33
3.35
3.4
3.44
3.46
3.47
3.48
3.5
3.53
3.57
3.58
3.59
3.6
3.6
3.64
3.64
3.65
3.65
3.64
3.65
3.64
3.63
3.64
3.66
3.62
3.65
3.68
3.66
3.65
3.68
3.7
3.69
3.68
3.69
3.68
3.68
3.66
3.65
3.65
3.68
3.66
3.69
3.69
3.72
3.69
3.68
3.65
3.65
3.64
3.62
3.6
3.59
3.57
3.58
3.56
3.55
3.54
3.53
3.53
3.48
3.43
3.38
3.36
3.34
3.3
3.28
3.23
3.18
3.16
3.12
3.08
3.07
3.07
3.08
3.09
3.09
3.09
3.12
3.12
3.11
3.11
3.11
3.12
3.13
3.11
3.11
3.1
3.11
3.11
3.11
3.1
3.1
3.1
3.09
3.08
3.07
3.04
3.06
3.06
3.06
3.06
3.04
3.03
3.02
3.02
3.02
2.98
2.96
2.91
2.9
2.9
2.89
2.88
2.87
2.86
2.83
2.82
2.81
2.8
2.79
2.78
2.79
2.79
2.78
2.78
2.77
2.76
2.74
2.73
2.73
2.72
2.71
2.69
2.68
2.68
2.69
2.68
2.67
2.66
2.66
2.66
2.65
2.63
2.61
2.61
2.59
2.56
2.57
2.56
2.56
2.56
2.54
2.53
2.54
2.53
2.54
2.54
2.54
2.54
2.54
2.54
2.57
2.57
2.58
2.58
2.6
2.59
2.59
2.6
2.58
2.58
2.58
2.58
2.59
2.57
2.57
2.56
2.56
2.55
2.55
2.55
2.57
2.58
2.58
2.57
2.57
2.57
2.56
2.57
2.57
2.57
2.57
2.59
2.59
2.61
2.6
2.6
2.59
2.59
2.59
2.6
2.6
2.61
2.61
2.63
2.64
2.64
2.66
2.66
2.67
2.67
2.68
2.68
2.68
2.68
2.69
2.68
2.67
2.67
2.66
2.66
2.67
2.67
2.67
2.67
2.68
2.68
2.69
2.69
2.7
2.71
2.72
2.72
2.74
2.75
2.74
2.74
2.76
2.78
2.8
2.79
2.8
2.82
2.83
2.82
2.82
2.82
2.83
2.84
2.84
2.84
2.85
2.83
2.83
2.86
2.86
2.85
2.84
2.84
2.85
2.85
2.86
2.86
2.85
2.84
2.84
2.84
2.86
2.87
2.84
2.81
2.8
2.78
2.75
2.74
2.72
2.71
2.71
2.71
2.7
2.7
2.71
2.73
2.73
2.74
2.76
2.79
2.77
2.77
2.77
2.79
2.81
2.81
2.8
2.82
2.86
2.86
2.87
2.87
2.86
2.83
2.83
2.83
2.87
2.91
2.91
2.95
2.97
2.96
2.96
2.96
2.96
2.97
2.95
2.95
2.92
2.93
2.94
2.95
2.95
2.97
2.97
2.94
2.91
2.9
2.88
2.78
2.78
2.76
2.74
2.72
2.73
2.71
2.67
2.67
2.67
2.67
2.67
2.67
2.65
2.64
2.64
2.63
2.63
2.62
2.62
2.61
2.6
2.59
2.58
2.56
2.54
2.53
2.52
2.52
2.52
2.52
2.53
2.53
2.54
2.55
2.56
2.55
2.55
2.55
2.56
2.54
2.54
2.55
2.53
2.53
2.52
2.53
2.55
2.54
2.52
2.53
2.54
2.52
2.53
2.54
2.54
2.55
2.56
2.55
2.54
2.54
2.55
2.55
2.57
2.57
2.55
2.53
2.55
2.54
2.52
2.57
2.58
2.58
2.58
2.58
2.6
2.6
2.62
2.57
2.58
2.61
2.61
2.63
2.61
2.61
2.62
2.61
2.62
2.61
2.61
2.59
2.54
2.56
2.58
2.58
2.59
2.6
2.59
2.63
2.68
2.73
2.74
2.69
2.7
2.72
2.78
2.78
2.77
2.83
2.86
2.84
2.86
2.9
2.92
2.96
2.99
3.08
3.13
3.19
3.24
3.26
3.25
3.31
3.37
3.4
3.44
3.46
3.51
3.59
3.57
3.6
3.64
3.55
3.51
3.49
3.48
3.5
3.5
3.49
3.46
3.47
3.47
3.47
3.46
3.47
3.46
3.45
3.41
3.4
3.4
3.36
3.38
3.36
3.35
3.38
3.41
3.31
3.31
3.3
3.33
3.37
3.42
3.31
3.34
3.44
3.49
3.47
3.48
3.48
3.45
3.47
3.46
3.46
3.48
3.48
3.43
3.46
3.45
3.43
3.48
3.43
3.35
3.36
3.35
3.36
3.36
