6.84
6.98
7.04
6.81
6.12
5.99
6.06
6.05
5.91
5.99
5.98
5.87
5.78
5.83
5.99
6.02
6.09
6.18
6.28
6.26
6.36
6.32
6.15
6.14
6.18
5.98
5.96
6.06
6.28
6.28
6.24
6.29
6.1
6.19
6.29
6.32
6.19
5.93
5.85
5.82
5.86
5.83
5.74
5.69
5.67
5.9
6.35
6.42
6.41
6.42
6.35
6.38
6.14
6.1
6.1
6.05
6.08
6.06
6.07
6.16
6.02
6.0
6.03
6.01
5.98
5.96
5.96
5.96
5.95
5.97
5.94
5.94
6.0
5.93
6.02
5.96
5.93
5.89
5.94
6.04
5.95
6.03
6.05
6.05
5.99
5.98
6.01
6.06
6.06
6.12
6.11
6.15
6.08
6.11
6.08
6.15
6.17
6.17
6.15
6.16
6.16
6.15
6.14
6.16
6.17
6.16
6.15
6.14
6.13
6.16
6.24
6.25
6.33
6.31
6.29
6.35
6.43
6.49
6.57
6.57
6.64
6.74
6.85
6.89
6.95
7.06
7.13
7.21
7.35
7.35
7.41
7.41
7.44
7.53
7.51
7.56
7.61
7.62
7.52
7.51
7.54
7.62
7.3
7.21
7.03
6.99
7.07
7.16
7.14
7.19
7.19
7.13
7.21
7.36
7.39
7.38
7.34
7.48
7.43
7.46
7.29
7.39
7.45
7.47
7.34
7.43
7.45
7.35
7.32
7.46
7.4
7.44
7.33
7.35
7.25
7.18
7.17
7.19
7.12
7.21
7.31
7.31
7.34
7.28
7.33
7.51
7.57
7.63
7.64
7.62
7.65
7.67
7.69
7.69
7.72
7.75
7.75
7.78
7.77
7.75
7.76
7.73
7.71
7.68
7.65
7.66
7.66
7.6
7.62
7.62
7.64
7.61
7.58
7.58
7.55
7.5
7.51
7.44
7.44
7.41
7.42
7.39
7.38
7.36
7.32
7.22
7.16
7.16
7.12
7.09
7.01
6.93
6.99
6.91
6.87
6.88
6.85
6.84
6.71
6.65
6.65
6.58
6.59
6.55
6.6
6.67
6.68
6.63
6.56
6.54
6.49
6.59
6.55
6.55
6.53
6.54
6.57
6.46
6.46
6.57
6.62
6.64
6.71
6.74
6.75
6.83
6.89
7.22
8.04
8.03
7.48
7.4
7.45
7.59
7.68
7.76
7.95
8.01
8.15
8.37
8.52
8.7
8.83
8.86
8.92
8.61
8.28
7.86
7.76
8.1
8.08
8.02
8.09
8.16
8.2
8.24
8.2
8.26
8.3
8.19
8.34
8.22
8.27
8.33
8.3
8.29
8.21
8.26
8.39
8.42
8.33
8.35
8.36
8.52
8.51
8.59
8.61
8.6
8.52
8.61
8.35
8.43
8.11
7.95
7.89
7.89
7.84
7.75
8.02
8.17
8.3
8.32
8.37
8.39
8.43
8.42
8.47
8.49
8.59
8.58
8.64
8.65
8.64
8.65
8.73
8.75
8.73
8.69
8.69
8.68
8.69
8.59
8.58
8.63
8.64
8.61
8.54
8.5
8.43
8.35
8.17
8.13
8.06
8.06
8.04
8.12
8.18
8.17
8.08
7.98
7.96
7.95
7.96
8.01
8.03
8.03
7.97
7.95
8.02
7.99
7.96
7.9
7.79
7.83
7.84
7.8
7.73
7.68
7.67
7.65
7.68
7.68
7.65
7.64
7.64
7.61
7.67
7.64
7.77
7.89
7.87
7.84
7.78
7.86
7.88
8.0
8.06
8.12
8.25
8.38
8.5
8.61
8.73
8.91
9.01
9.23
9.41
9.66
9.9
10.06
10.25
10.53
10.82
11.15
11.42
11.64
11.68
11.64
11.76
11.63
11.64
11.67
11.51
11.25
11.15
11.15
11.19
11.23
11.01
11.21
11.08
11.16
11.14
11.24
11.11
10.88
10.55
10.48
10.46
10.46
10.45
10.51
10.57
10.49
10.46
10.38
10.18
10.18
10.25
10.42
10.1
10.07
10.32
10.03
9.95
9.96
9.97
10.06
10.36
11.22
11.14
10.99
10.74
10.28
10.91
10.98
11.21
11.1
10.89
10.6
10.82
10.81
10.83
11.0
10.8
10.18
10.2
10.24
10.26
10.49
10.41
10.34
10.36
10.45
10.35
10.34
10.42
10.43
10.34
10.34
10.3
10.24
10.13
10.06
10.2
10.2
10.22
10.22
10.17
9.96
9.97
10.02
10.04
9.97
9.98
9.95
9.8
9.78
9.73
9.72
9.71
9.66
9.65
9.62
9.66
9.67
9.72
9.78
9.75
9.7
9.6
9.52
9.53
9.52
9.52
9.42
9.38
9.45
9.49
9.46
9.61
9.63
9.61
9.54
9.5
9.54
9.73
9.86
9.9
9.77
9.77
9.96
10.0
9.99
9.96
10.04
10.29
10.45
10.49
10.42
10.51
10.55
10.58
10.75
10.98
11.02
11.16
11.38
11.33
11.47
11.68
11.73
11.79
11.88
11.98
11.98
11.95
11.97
12.08
12.07
11.95
11.93
11.93
11.71
11.67
11.41
11.63
11.63
11.69
11.67
11.75
11.84
11.63
11.4
11.55
11.38
11.42
11.32
11.27
11.41
11.55
11.71
11.71
11.48
11.63
11.65
11.78
11.55
11.81
12.15
12.05
12.18
11.96
11.52
11.46
11.38
11.53
11.6
11.72
12.03
12.51
12.47
12.51
12.36
12.5
12.65
12.67
12.68
12.74
12.74
12.68
12.58
12.63
12.56
12.68
12.57
12.56
12.69
12.49
12.47
12.35
12.42
12.37
12.24
12.19
12.24
12.28
12.33
12.4
12.42
12.46
12.48
12.45
12.41
12.41
12.41
12.43
12.32
12.21
12.19
12.16
12.14
12.19
12.23
12.27
12.26
12.29
12.22
12.26
12.34
12.33
12.37
12.36
12.32
12.39
12.37
12.44
12.45
12.43
12.41
12.43
12.43
12.45
12.42
12.42
12.39
12.41
12.4
12.32
12.18
12.13
12.12
12.08
12.09
12.16
12.03
12.01
12.07
12.04
11.99
11.94
11.98
12.03
12.09
12.12
11.82
11.82
11.58
11.45
11.42
11.37
11.23
11.26
11.18
11.16
11.17
11.13
11.08
10.98
10.97
10.96
11.03
10.92
10.66
10.46
10.38
10.26
9.95
9.2
8.73
8.56
8.27
7.86
7.87
7.8
7.79
7.9
7.93
7.92
7.91
7.71
7.77
7.75
7.53
7.59
7.74
7.71
7.66
7.67
7.62
7.45
7.43
7.46
7.39
7.39
7.45
7.47
7.29
7.33
7.31
7.3
7.27
7.26
7.35
7.37
7.26
7.32
7.39
7.42
7.5
7.6
7.72
7.79
7.77
7.75
7.7
7.68
7.67
7.65
7.6
7.52
7.45
7.28
7.18
7.14
7.08
7.05
7.01
6.98
6.92
6.87
6.81
6.82
7.14
7.07
6.72
6.65
6.66
6.8
6.77
6.68
6.67
6.72
6.71
6.74
6.86
6.89
6.92
6.86
6.79
6.65
6.55
6.46
6.43
6.36
6.31
6.31
6.29
6.32
6.3
6.33
6.32
6.32
6.29
6.28
6.31
6.34
6.36
6.37
6.44
6.44
6.48
6.52
6.57
6.64
6.72
6.77
6.8
6.82
6.85
6.83
6.85
6.9
6.99
7.0
6.99
7.14
7.22
7.35
7.31
7.32
7.12
7.19
7.17
7.12
7.19
7.22
7.06
7.01
6.93
6.86
6.78
6.99
6.77
6.86
6.82
6.83
6.69
6.8
6.82
6.8
6.85
6.88
6.99
6.88
6.97
6.94
7.01
6.96
6.93
6.94
6.94
6.96
6.95
6.97
6.98
6.95
6.97
6.91
7.0
7.04
7.08
7.04
6.91
6.95
7.03
6.96
6.97
7.03
6.98
6.96
6.99
6.98
6.99
6.99
6.97
6.96
6.95
6.98
6.97
6.96
6.95
6.94
6.94
6.93
6.89
6.94
6.92
6.91
6.93
6.92
6.92
6.94
7.0
7.03
7.1
7.11
7.11
7.12
7.16
7.19
7.21
7.2
7.22
7.22
7.24
7.26
7.28
7.27
7.3
7.33
7.35
7.37
7.38
7.41
7.45
7.47
7.5
7.51
7.54
7.56
7.57
7.59
7.6
7.61
7.64
7.64
7.66
7.68
7.7
7.73
7.75
7.84
8.0
8.09
8.09
8.09
8.16
8.22
8.32
8.37
8.4
8.39
8.39
8.41
8.43
8.44
8.45
8.55
8.65
8.78
8.92
9.05
9.02
8.77
8.48
8.19
8.0
7.91
7.93
7.85
7.87
7.8
7.74
7.71
7.69
7.64
7.56
7.37
7.38
7.35
7.34
7.12
6.98
6.9
6.89
6.96
6.78
6.79
6.72
6.53
6.44
6.64
6.57
6.58
6.58
6.52
6.66
6.66
6.49
6.51
6.57
6.61
6.65
6.59
6.62
6.63
6.68
6.76
6.69
6.63
6.61
6.49
6.41
6.36
6.4
6.33
6.38
6.42
6.4
6.4
6.34
6.42
6.44
6.46
6.49
6.57
6.62
6.67
6.73
6.73
6.79
6.74
6.73
6.7
6.68
6.64
6.6
6.61
6.6
6.61
6.65
6.69
6.72
6.76
6.73
6.71
6.7
6.55
6.45
6.37
6.41
6.45
6.46
6.5
6.52
6.56
6.59
6.63
6.73
6.93
7.02
7.09
7.12
7.11
7.12
7.11
7.11
7.11
7.14
7.12
7.09
7.08
7.09
7.06
7.06
7.04
6.95
6.84
6.8
6.75
6.6
6.59
6.63
6.77
6.88
7.09
7.25
7.27
7.3
7.26
7.29
7.3
7.32
7.36
7.42
7.47
7.5
7.52
7.49
7.5
7.49
7.5
7.57
7.59
7.63
7.63
7.65
7.69
7.67
7.63
7.57
7.58
7.58
7.6
7.7
7.62
7.55
7.57
7.61
7.75
7.91
7.93
7.81
7.91
7.89
7.99
8.05
8.08
8.07
7.97
7.81
7.87
7.84
7.88
7.9
7.82
7.88
7.94
7.93
7.91
7.85
7.93
7.95
7.79
7.76
7.73
7.75
7.74
7.7
7.7
7.69
7.68
7.59
7.59
7.56
7.49
7.39
7.34
7.38
7.39
7.36
7.46
7.47
7.48
7.48
7.53
7.55
7.59
7.59
7.6
7.64
7.64
7.61
7.58
7.56
7.51
7.5
7.47
7.46
