4.57
4.59
4.55
4.56
4.56
4.59
4.63
4.64
4.66
4.61
4.58
4.62
4.59
4.66
4.64
4.72
4.75
4.79
4.9
4.98
5.13
5.23
5.28
5.4
5.45
5.52
5.55
5.41
5.47
5.53
5.7
5.74
5.77
5.94
6.0
6.08
6.29
6.48
6.57
6.59
6.75
6.93
7.14
7.27
7.36
7.39
7.48
7.53
7.62
7.56
7.69
7.61
7.49
7.64
7.66
7.7
7.28
6.99
6.96
6.85
7.0
6.76
6.77
6.63
6.68
6.69
6.9
6.96
6.85
6.79
6.94
6.99
7.07
7.14
7.23
7.02
7.14
7.41
7.64
8.47
9.04
9.09
9.02
8.91
8.81
8.86
8.97
9.03
9.12
8.99
8.74
8.54
8.37
8.34
8.29
8.25
8.17
8.06
8.02
7.91
7.4
7.45
7.57
7.69
7.8
7.98
8.17
8.29
8.35
8.39
8.42
8.42
8.42
8.41
8.37
8.34
8.31
8.29
8.26
8.22
8.18
8.11
8.05
7.92
7.79
7.62
7.42
7.28
7.16
7.03
6.95
6.88
6.74
6.61
6.48
6.38
6.29
6.22
6.12
6.03
5.92
5.87
5.81
5.79
5.75
5.71
5.65
5.61
5.57
5.53
5.49
5.44
5.42
5.41
5.42
5.42
5.4
5.43
5.41
5.42
5.43
5.39
5.38
5.42
5.43
5.47
5.45
5.49
5.53
5.43
5.44
5.51
5.49
5.44
5.21
5.11
5.16
5.14
5.14
5.03
4.95
5.0
5.09
5.18
5.16
5.27
5.3
5.28
5.24
5.25
5.3
5.32
5.14
5.21
5.06
5.13
5.21
5.38
5.52
5.48
5.52
5.46
5.5
5.44
5.41
5.46
5.62
5.63
5.66
5.77
5.86
5.86
5.89
6.15
5.96
5.6
5.45
5.51
5.6
5.77
6.07
6.0
6.03
6.08
6.09
6.13
6.08
6.1
5.73
5.6
5.63
5.8
6.04
6.07
6.05
5.97
5.99
6.0
5.96
5.95
5.99
6.03
6.05
6.03
5.99
5.91
5.82
5.76
5.71
5.69
5.69
5.67
5.67
5.69
5.67
5.64
5.6
5.58
5.57
5.57
5.59
5.61
5.62
5.64
5.66
5.65
5.66
5.64
5.66
5.66
5.65
5.68
5.71
5.72
5.63
5.54
5.6
5.63
5.69
5.68
5.61
5.55
5.63
5.58
5.57
5.51
5.49
5.46
5.5
5.47
5.47
5.47
5.49
5.48
5.48
5.49
5.51
5.47
5.49
5.42
5.38
5.42
5.45
5.47
5.5
5.48
5.52
5.57
5.66
5.77
5.84
5.95
5.99
6.03
6.06
6.11
6.15
6.09
5.9
5.6
5.75
5.78
5.72
5.62
5.45
5.42
5.35
5.21
4.98
5.03
5.08
5.04
5.03
5.01
5.14
5.14
5.04
4.97
5.09
5.07
5.07
5.08
5.02
5.08
4.94
4.76
4.94
4.68
4.64
4.77
4.73
4.6
4.78
4.73
4.65
4.71
4.71
4.72
4.71
4.65
4.78
4.88
4.83
4.83
4.86
4.91
5.04
5.02
4.9
4.98
5.07
5.04
5.05
4.97
4.88
4.86
4.95
5.06
5.18
5.25
5.31
5.22
5.14
5.19
5.14
5.19
5.28
5.29
5.37
5.3
5.18
5.13
5.19
5.18
5.15
5.11
5.11
5.11
5.09
5.09
5.11
5.2
5.22
5.28
5.32
5.28
5.34
5.33
5.3
5.28
5.49
5.52
5.52
5.5
5.49
5.49
5.53
5.53
5.51
5.5
5.52
5.52
5.45
5.49
5.52
5.54
5.52
5.56
5.53
5.53
5.53
5.53
5.51
5.54
5.55
5.49
5.46
5.48
5.54
5.56
5.58
5.6
5.63
5.65
5.65
5.68
5.79
5.85
5.82
5.81
5.85
5.95
6.0
6.0
5.95
6.1
6.24
6.26
6.26
6.17
6.16
6.21
5.94
5.86
5.84
5.84
5.94
5.93
5.86
5.69
5.59
5.57
5.57
5.76
5.83
5.82
5.77
5.91
6.09
6.16
6.0
6.05
6.08
6.24
6.25
6.22
6.32
6.27
6.35
6.37
6.32
6.29
6.31
6.2
6.2
6.3
6.17
6.18
6.17
6.19
6.23
6.29
6.33
6.4
6.51
6.49
6.44
6.57
6.65
6.51
6.52
6.58
6.65
6.69
6.63
6.66
6.63
6.62
6.66
6.78
6.7
6.72
6.78
6.63
6.67
6.67
6.67
6.73
6.8
6.82
6.82
6.84
6.83
6.82
6.74
6.76
6.73
6.7
6.65
6.56
6.5
6.47
6.43
6.41
6.45
6.57
6.72
6.69
6.64
6.56
6.4
6.38
6.46
6.62
6.67
6.61
6.59
6.54
6.49
6.53
6.52
6.41
6.46
6.52
6.52
6.5
6.46
6.33
6.37
6.39
6.39
6.37
6.33
6.29
6.3
6.32
6.33
6.3
6.29
6.26
6.19
6.22
6.22
6.24
6.26
6.31
6.32
6.35
6.32
6.36
6.42
6.49
6.55
6.65
6.73
6.8
6.84
6.86
6.82
6.91
6.88
6.98
6.96
7.05
7.14
7.32
7.53
7.62
7.7
7.84
7.93
7.86
8.0
7.8
7.74
7.63
7.83
7.7
7.59
7.58
7.59
7.28
6.96
6.95
6.96
7.12
7.09
6.96
6.85
6.93
7.03
7.17
7.35
7.34
7.33
7.25
7.19
7.3
7.41
7.53
7.66
7.59
7.71
7.61
7.66
7.84
7.76
7.73
7.8
7.79
7.78
7.85
7.77
7.71
7.81
7.88
7.94
8.05
7.98
7.96
8.03
8.12
8.06
7.97
7.99
8.04
8.03
8.01
7.91
7.93
7.9
7.8
7.71
7.73
7.71
7.69
7.68
7.64
7.68
7.61
7.62
7.67
7.76
7.8
7.79
7.79
7.82
7.78
7.8
7.74
7.74
7.75
7.77
7.79
7.8
7.81
7.81
7.86
7.86
7.91
7.95
7.98
7.96
7.98
7.99
8.02
8.02
8.01
8.0
8.05
8.09
8.11
8.13
8.13
8.12
8.11
8.08
8.07
8.08
8.06
7.96
8.01
8.01
7.9
7.82
7.87
7.94
7.96
7.93
8.05
8.02
8.01
8.08
8.08
8.12
8.13
8.23
8.31
8.42
8.4
8.51
8.67
8.8
9.01
9.02
9.14
9.17
9.23
9.34
9.41
9.54
9.45
9.55
9.64
9.71
9.73
9.72
9.69
9.65
9.42
9.49
9.49
9.36
9.2
9.66
9.35
9.19
9.39
9.65
9.82
10.01
9.81
9.68
9.67
9.14
9.58
9.56
9.41
9.32
9.35
9.23
9.39
9.6
9.68
9.74
9.82
9.62
9.7
9.84
9.86
10.03
10.19
10.21
10.39
10.3
10.5
10.44
10.64
10.38
10.45
10.5
10.44
10.51
10.73
10.67
10.26
9.79
9.81
10.13
10.36
10.23
9.75
9.49
9.41
9.45
9.47
9.45
9.42
9.38
9.39
9.36
9.43
9.58
9.62
9.45
9.19
9.0
8.9
8.84
8.85
8.84
8.84
8.82
8.82
8.86
8.85
8.79
8.66
8.53
8.54
8.49
8.41
8.41
8.38
8.35
8.33
8.31
8.31
8.27
8.31
8.32
8.32
8.18
8.06
7.94
7.87
7.78
7.71
7.66
7.64
7.6
7.51
7.43
7.43
7.31
7.2
7.12
7.11
7.01
6.95
6.93
6.93
6.92
6.9
6.87
6.87
6.81
6.8
6.8
6.78
6.8
6.8
6.78
6.76
6.77
6.7
6.69
6.7
6.7
6.66
6.59
6.62
6.57
6.63
6.6
6.59
6.59
6.58
6.55
6.53
6.63
6.57
6.54
6.51
6.53
6.57
6.52
6.5
6.46
6.56
6.54
6.58
6.49
6.43
6.32
6.32
6.29
6.27
6.3
6.3
6.32
6.42
6.43
6.42
6.39
6.5
6.52
6.39
6.29
6.36
6.18
6.08
5.71
5.48
5.4
5.49
5.53
5.63
5.71
5.75
5.79
5.87
5.84
5.85
5.9
6.15
5.98
6.19
6.18
6.19
6.11
6.13
6.15
6.19
6.27
6.22
6.22
6.25
6.19
6.18
6.12
6.08
6.18
6.34
6.57
6.76
6.91
6.98
6.86
6.76
6.79
6.37
6.25
6.5
6.92
7.0
7.05
7.04
7.05
6.93
6.79
6.83
6.74
6.62
6.43
6.19
5.79
5.57
5.42
5.35
5.24
5.14
5.08
5.04
4.96
4.89
4.85
4.84
4.83
4.85
4.88
4.89
4.86
4.82
4.82
4.82
4.87
4.94
5.02
5.07
5.08
5.18
5.18
5.15
5.17
5.23
5.26
5.18
5.33
5.36
5.4
5.42
5.48
5.48
5.41
5.47
5.53
5.58
5.58
5.6
5.67
5.68
5.66
5.59
5.57
5.47
5.42
5.45
5.4
5.3
5.31
5.31
5.29
5.3
5.28
5.09
4.95
4.83
4.9
4.85
4.82
4.75
4.81
4.8
4.76
5.0
4.9
5.04
4.86
5.01
5.15
4.99
5.12
5.13
4.87
4.86
4.99
5.05
5.02
4.98
4.93
4.74
4.84
4.92
4.92
4.83
4.85
4.79
4.81
4.89
4.88
4.94
4.95
5.01
4.96
4.97
4.98
5.08
5.02
4.93
5.04
5.13
5.01
5.16
5.07
5.01
4.95
4.92
4.93
4.99
5.02
5.17
5.15
5.17
5.24
5.23
5.28
5.32
5.35
5.44
5.51
5.56
5.58
5.58
5.55
5.48
5.36
5.3
5.28
5.28
5.32
5.35
5.37
5.4
5.42
5.44
5.48
5.51
5.54
5.6
5.59
5.58
5.61
5.6
5.61
5.65
5.67
5.7
5.73
5.73
5.72
5.71
5.69
5.75
5.71
5.66
5.78
5.65
5.57
5.72
5.56
5.59
5.55
5.55
5.58
5.58
5.62
5.69
5.74
5.76
5.76
5.71
5.71
5.76
5.82
5.85
5.87
5.89
5.83
5.97
5.76
5.65
5.78
5.84
5.87
5.92
5.92
5.89
5.82
5.83
5.81
5.92
5.91
5.92
5.95
5.97
5.95
5.89
5.79
5.79
5.8
5.69
5.56
5.33
5.34
5.34
5.41
5.44
5.52
5.59
