6.06
6.13
6.17
6.21
6.3
6.42
6.54
6.6
6.67
6.67
6.67
6.7
6.73
6.74
6.76
6.79
6.78
6.79
6.81
6.83
6.83
6.85
6.82
6.81
6.8
6.83
6.79
6.75
6.73
6.7
6.68
6.66
6.62
6.6
6.59
6.56
6.53
6.53
6.57
6.54
6.5
6.49
6.46
6.45
6.46
6.47
6.47
6.44
6.42
6.42
6.41
6.41
6.42
6.43
6.39
6.38
6.37
6.39
6.37
6.34
6.32
6.31
6.31
6.34
6.33
6.31
6.32
6.31
6.25
6.25
6.25
6.26
6.23
6.25
6.31
6.33
6.33
6.33
6.31
6.3
6.3
6.28
6.27
6.28
6.27
6.3
6.32
6.34
6.27
6.26
6.28
6.38
6.23
6.21
5.92
6.06
6.08
5.92
5.95
6.09
5.93
5.86
5.78
5.86
5.85
5.69
5.68
5.35
5.37
5.4
5.27
5.29
5.38
5.57
5.54
5.64
5.65
5.68
5.74
5.75
5.57
5.64
5.71
5.76
5.53
5.46
5.49
5.3
5.18
5.35
5.47
5.34
5.43
5.49
5.5
5.59
5.39
5.25
5.17
5.37
5.77
5.59
5.55
5.46
5.56
5.31
5.36
5.47
5.37
5.35
5.4
5.29
5.28
5.12
5.29
5.96
6.05
6.13
5.99
5.92
6.04
6.14
6.24
6.2
6.05
6.05
6.14
6.15
6.2
6.24
6.26
6.26
6.28
6.27
6.24
6.17
6.17
6.16
6.15
6.15
6.07
6.04
5.98
5.94
5.92
5.88
5.86
5.81
5.78
5.72
5.69
5.64
5.64
5.61
5.57
5.54
5.52
5.53
5.49
5.47
5.48
5.39
5.4
5.36
5.36
5.34
5.33
5.17
5.18
5.15
5.21
5.22
5.23
5.2
5.17
5.17
5.15
5.12
5.15
5.15
5.1
5.09
5.14
5.16
5.19
5.18
5.17
5.16
5.14
5.18
5.29
5.46
5.49
5.59
5.77
5.92
6.02
6.31
6.66
6.73
6.82
7.02
6.73
6.3
6.13
6.16
6.18
6.25
6.22
6.25
6.31
6.18
5.89
5.94
6.05
6.04
6.04
6.15
6.22
6.21
6.23
6.18
6.26
6.28
6.32
6.29
6.42
6.2
6.22
6.25
6.21
6.24
6.19
6.25
6.34
6.32
6.27
6.26
6.27
6.25
6.36
6.28
6.53
6.51
6.3
6.36
7.1
7.14
7.16
7.22
7.18
7.24
7.26
7.19
7.26
7.27
7.27
7.24
7.28
7.37
7.42
7.5
7.54
7.5
7.41
7.5
7.52
7.61
7.64
7.63
7.54
7.43
7.45
7.6
7.57
7.59
7.47
7.46
7.39
7.3
7.25
7.46
7.41
7.28
7.24
7.29
7.13
7.18
7.22
7.28
7.1
7.05
7.18
7.31
7.29
7.16
7.02
6.97
6.89
6.88
6.91
6.95
6.97
6.95
6.89
6.87
6.92
6.95
6.99
7.05
7.09
7.14
7.17
7.17
7.14
7.14
7.15
7.17
7.18
7.18
7.17
7.16
7.16
7.17
7.15
7.14
7.15
7.12
7.13
7.19
7.2
7.23
7.22
7.15
7.16
7.2
7.38
7.47
7.52
7.54
7.53
7.48
7.43
7.4
7.39
7.36
7.37
7.36
7.37
7.36
7.33
7.32
7.31
7.29
7.3
7.27
7.25
7.22
7.19
7.17
7.16
7.14
7.11
7.11
7.13
7.24
7.27
7.34
7.39
7.45
7.42
7.43
7.43
7.46
7.45
7.47
7.45
7.47
7.52
7.54
7.55
7.42
7.55
7.7
7.74
7.79
7.83
7.9
7.9
8.01
8.09
8.11
8.1
8.13
8.15
8.19
8.29
8.25
8.34
8.26
8.39
8.38
8.43
8.51
8.5
8.46
8.5
8.55
8.55
8.62
8.74
8.72
8.7
8.67
8.7
8.75
8.75
8.75
8.76
8.82
8.74
8.79
8.79
8.78
8.86
8.86
8.88
8.98
8.99
8.87
8.91
8.96
8.93
8.87
8.92
8.98
8.92
8.94
8.96
9.03
8.98
8.96
8.99
9.0
8.96
8.98
8.98
8.95
8.92
8.89
8.93
8.96
8.99
8.95
8.94
8.95
8.95
8.97
9.03
9.08
9.15
9.18
9.15
9.15
9.18
9.21
9.21
9.19
9.18
9.17
9.17
9.17
9.18
9.18
9.18
9.15
9.12
9.1
9.1
9.09
9.1
9.09
9.09
9.11
9.09
9.07
9.06
9.07
9.06
9.06
9.06
9.05
9.04
9.04
9.04
9.03
9.01
9.0
8.99
8.99
9.0
8.99
8.98
8.96
8.94
8.91
8.85
8.83
8.82
8.83
8.8
8.82
8.81
8.82
8.81
8.8
8.8
8.78
8.78
8.76
8.77
8.76
8.77
8.8
8.83
8.85
8.99
9.08
9.04
9.1
9.06
9.02
9.0
8.95
8.74
8.84
8.83
8.92
8.93
9.07
8.91
8.71
8.38
8.47
8.74
8.51
8.46
8.37
8.64
8.55
8.38
8.34
8.31
8.22
8.29
8.38
8.36
8.41
8.21
8.2
8.03
7.98
8.13
8.23
8.14
7.88
7.9
8.09
8.12
7.86
7.97
8.11
8.17
8.24
8.27
8.26
8.18
8.14
8.14
8.06
8.09
8.15
8.23
8.12
8.12
8.06
8.02
8.0
7.96
7.94
8.2
8.14
8.18
8.17
8.25
8.23
8.24
8.25
8.19
8.04
7.96
7.94
7.92
7.95
7.93
7.89
7.87
7.79
7.73
7.79
7.75
7.78
7.8
7.78
7.75
7.72
7.71
7.57
7.47
7.41
7.43
7.47
7.43
7.4
7.3
7.26
7.09
7.17
7.09
7.02
6.96
6.9
6.88
6.86
6.79
6.74
6.77
6.72
6.7
6.66
6.62
6.6
6.58
6.56
6.52
6.44
6.44
6.43
6.43
6.4
6.35
6.35
6.34
6.32
6.31
6.31
6.31
6.29
6.29
6.21
6.2
6.19
6.14
6.13
6.06
6.07
6.07
6.06
6.06
6.08
6.1
6.2
6.2
6.22
6.27
6.37
6.42
6.53
6.74
7.11
7.37
7.46
7.52
7.77
8.07
8.24
8.58
8.94
9.71
10.01
10.44
10.55
10.12
9.03
8.85
8.84
8.83
8.7
8.56
8.61
8.5
8.64
8.71
8.76
8.71
8.92
8.89
9.06
9.11
9.05
8.99
9.12
9.15
9.16
9.22
9.29
9.24
9.25
9.25
9.38
9.45
9.17
9.1
9.34
9.6
9.57
9.54
9.45
9.41
9.43
9.61
9.68
9.64
9.44
9.13
9.2
9.1
9.2
9.21
9.54
9.59
9.5
9.46
9.24
9.07
9.13
9.24
9.22
9.12
9.13
9.07
9.02
8.99
8.98
8.95
8.97
8.86
8.7
8.72
8.77
8.73
8.65
8.64
8.59
8.53
8.51
8.52
8.54
8.54
8.61
8.59
8.6
8.62
8.62
8.61
8.59
8.47
8.46
8.42
8.05
8.13
7.75
7.83
7.87
7.81
7.98
8.27
8.19
7.96
8.06
7.85
7.69
7.71
7.95
8.09
8.02
7.84
7.74
7.63
7.58
7.72
7.65
7.64
7.93
7.86
7.84
7.84
8.01
7.86
7.82
7.81
7.89
7.86
7.77
7.8
7.92
8.06
8.2
8.25
8.35
8.46
8.54
8.71
8.75
8.8
8.95
9.1
9.32
9.54
9.69
9.89
10.09
10.26
10.43
10.67
10.67
10.72
10.74
10.84
10.52
9.94
9.75
9.51
9.25
9.47
9.52
9.59
9.39
9.49
9.42
9.34
9.22
9.38
9.34
9.32
9.29
9.26
9.44
9.56
9.49
9.54
9.77
9.92
9.86
9.81
9.85
9.9
9.77
9.71
9.71
9.75
9.71
9.72
9.71
9.72
9.69
9.71
9.73
9.73
9.73
9.75
9.76
9.78
9.82
9.93
9.79
9.76
9.83
9.91
9.9
9.92
9.89
9.93
9.9
9.9
9.89
9.86
9.88
9.88
9.86
9.82
9.8
9.77
9.76
9.74
9.76
9.73
9.72
9.74
9.69
9.62
9.63
9.67
9.65
9.67
9.65
9.64
9.63
9.77
9.73
9.73
9.67
9.7
9.68
9.71
9.71
9.69
9.72
9.65
9.6
9.66
9.66
9.62
9.63
9.58
9.57
9.65
9.6
9.6
9.63
9.61
9.59
9.58
9.6
9.62
9.62
9.63
9.7
9.77
9.73
9.66
9.71
9.75
9.7
9.74
9.74
9.81
9.87
9.83
9.9
9.9
9.93
10.1
10.22
10.25
10.31
10.16
10.11
10.06
10.35
10.61
10.44
10.29
10.14
10.13
10.08
10.06
10.08
10.17
10.29
10.29
10.38
10.01
10.01
10.13
10.01
9.92
9.99
10.17
9.9
9.99
10.07
10.02
10.03
10.03
9.92
9.93
9.94
9.99
9.91
9.88
9.91
9.86
9.87
9.91
9.95
9.9
10.02
10.25
10.13
10.13
10.1
10.09
10.06
9.97
9.98
9.93
9.98
9.99
9.95
10.06
10.26
10.24
10.07
10.18
10.26
10.47
10.57
10.38
10.13
10.18
10.21
10.1
10.05
10.1
10.08
10.16
10.12
10.1
10.04
10.05
10.04
10.08
10.01
10.14
10.18
10.13
10.03
10.05
10.03
10.09
10.08
10.15
10.15
10.18
10.05
10.04
9.86
9.78
9.85
9.79
9.88
9.89
9.95
9.97
10.05
9.99
9.93
9.99
9.87
9.92
9.85
9.75
9.84
9.85
9.87
9.84
9.94
9.95
9.98
9.9
9.82
9.76
9.81
9.86
9.89
9.91
9.93
9.89
9.9
9.94
10.07
9.97
10.03
10.0
9.83
9.81
9.93
10.0
9.93
9.97
9.94
9.98
10.11
10.0
10.14
10.21
10.32
10.35
10.42
10.42
10.56
10.49
10.28
10.31
10.13
10.09
10.09
9.97
10.02
9.96
9.8
9.77
9.91
10.13
9.96
10.01
9.73
9.69
9.79
9.62
9.6
9.67
9.57
9.37
9.48
9.36
9.49
9.69
9.68
9.66
9.63
9.56
9.67
9.68
9.66
9.66
9.6
9.6
9.33
9.5
9.51
9.41
9.53
9.51
9.41
9.45
9.58
9.59
9.58
