4.36
4.32
4.3
4.28
4.25
4.24
4.23
4.22
4.22
4.31
4.33
4.19
4.15
4.24
4.25
4.16
4.16
4.16
4.14
4.18
4.13
4.13
4.1
4.04
4.07
4.1
4.05
4.07
4.18
4.3
4.34
4.28
4.35
4.47
4.58
4.76
4.91
4.99
4.99
5.0
5.04
5.1
5.17
5.25
5.27
5.25
5.27
5.24
4.95
4.76
4.77
4.82
4.72
4.65
4.67
4.75
4.84
4.92
4.86
4.78
4.72
4.76
4.78
4.79
4.91
5.02
5.26
5.33
5.41
5.32
5.33
5.38
5.37
5.38
5.46
5.49
5.46
5.52
5.61
5.7
5.78
5.82
5.84
5.87
5.89
5.89
5.89
5.86
5.76
5.61
5.67
5.82
5.86
5.82
5.86
5.99
6.01
6.06
6.01
5.91
5.94
6.02
6.01
6.07
6.1
6.15
6.19
6.13
6.12
6.11
6.07
5.89
5.65
5.44
5.24
5.13
5.08
5.1
5.06
5.03
5.01
4.96
4.96
4.95
4.94
4.93
4.86
4.84
4.82
4.82
4.81
4.81
4.76
4.72
4.69
4.7
4.69
4.67
4.66
4.63
4.6
4.6
4.58
4.56
4.54
4.51
4.49
4.48
4.48
4.47
4.48
4.51
4.52
4.53
4.54
4.54
4.55
4.55
4.56
4.57
4.57
4.59
4.6
4.6
4.6
4.6
4.59
4.59
4.6
4.6
4.61
4.59
4.6
4.61
4.61
4.61
4.61
4.62
4.61
4.63
4.62
4.63
4.62
4.62
4.62
4.63
4.63
4.62
4.6
4.59
4.58
4.58
4.58
4.57
4.56
4.56
4.55
4.54
4.52
4.52
4.52
4.52
4.5
4.51
4.49
4.5
4.51
4.5
4.5
4.5
4.52
4.54
4.54
4.53
4.53
4.54
4.53
4.54
4.56
4.57
4.55
4.55
4.54
4.55
4.55
4.55
4.54
4.53
4.53
4.52
4.52
4.53
4.53
4.53
4.54
4.53
4.51
4.5
4.49
4.51
4.52
4.51
4.49
4.49
4.49
4.47
4.47
4.44
4.43
4.44
4.49
4.49
4.47
4.5
4.49
4.5
4.52
4.53
4.53
4.52
4.54
4.53
4.54
4.56
4.58
4.59
4.63
4.66
4.61
4.61
4.63
4.7
4.69
4.71
4.68
4.74
4.79
4.73
4.59
4.45
4.39
4.36
4.32
4.29
4.26
4.24
4.2
4.21
4.19
4.2
4.21
4.19
4.18
4.15
4.14
4.12
4.11
4.13
4.12
4.13
4.12
4.1
4.11
4.08
4.04
3.97
3.95
3.97
3.95
3.93
3.86
3.83
3.82
3.87
3.86
3.81
3.77
3.78
3.77
3.76
3.72
3.68
3.64
3.65
3.71
3.73
3.65
3.66
3.72
3.61
3.51
3.48
3.57
3.74
3.8
3.76
3.72
3.72
3.78
3.82
3.81
3.77
3.76
3.78
3.78
3.74
3.72
3.74
3.77
3.79
3.83
3.87
3.89
3.88
3.91
3.94
3.93
3.94
3.97
3.98
4.0
4.01
3.98
3.98
4.01
4.07
4.07
4.05
4.07
4.08
4.08
4.06
4.05
4.06
4.07
4.13
4.21
4.35
4.5
4.55
4.6
4.67
4.69
4.71
4.73
4.75
4.76
4.78
4.83
4.84
4.85
4.83
4.86
4.89
4.92
4.96
5.0
5.04
5.07
5.09
5.09
5.12
5.2
5.35
5.39
5.29
5.26
5.18
5.2
5.23
5.25
5.3
5.41
5.52
5.54
5.59
5.61
5.6
5.53
5.53
5.47
5.41
5.37
5.35
5.38
5.41
5.37
5.37
5.38
5.44
5.54
5.59
5.58
5.51
5.52
5.52
5.49
5.46
5.43
5.43
5.44
5.48
5.51
5.53
5.57
5.61
5.63
5.64
5.63
5.61
5.6
5.57
5.55
5.54
5.51
5.48
5.46
5.46
5.47
5.47
5.48
5.48
5.47
5.46
5.46
5.45
5.43
5.32
5.22
5.13
5.05
4.97
4.88
4.76
4.73
4.62
4.46
4.31
4.25
4.21
4.18
4.21
4.25
4.29
4.3
4.3
4.26
4.19
4.11
4.06
4.03
4.02
4.03
4.02
4.03
4.03
4.06
4.09
4.13
4.17
4.18
4.2
4.22
4.25
4.26
4.28
4.31
4.33
4.36
4.37
4.38
4.39
4.38
4.36
4.34
4.33
4.33
4.34
4.35
4.34
4.31
4.28
4.24
4.23
4.24
4.22
4.17
4.11
4.08
4.08
4.06
4.02
3.98
3.98
3.98
3.99
3.99
3.97
3.96
3.93
3.92
3.92
3.91
3.88
3.9
3.91
3.91
3.89
3.86
3.84
3.84
3.86
3.85
3.87
3.86
3.86
3.85
3.86
3.9
3.9
3.87
3.86
3.83
3.79
3.78
3.79
3.79
3.79
3.75
3.71
3.67
3.64
3.63
3.62
3.6
3.59
3.59
3.58
3.57
3.56
3.56
3.56
3.58
3.61
3.61
3.65
3.64
3.61
3.63
3.62
3.64
3.65
3.64
3.62
3.61
3.6
3.59
3.57
3.57
3.58
3.58
3.6
3.62
3.62
3.63
3.66
3.67
3.68
3.69
3.7
3.7
3.67
3.66
3.65
3.64
3.63
3.63
3.63
3.64
3.62
3.61
3.61
3.61
3.61
3.62
3.63
3.63
3.64
3.63
3.63
3.62
3.62
3.62
3.61
3.6
3.59
3.59
3.6
3.6
3.59
3.59
3.6
3.6
3.6
3.6
3.59
3.59
3.61
3.65
3.66
3.65
3.64
3.62
3.61
3.62
3.64
3.63
3.62
3.63
3.62
3.62
3.63
3.57
3.51
3.47
3.46
3.45
3.44
3.45
3.4
3.32
3.28
3.25
3.25
3.29
3.27
3.27
3.27
3.28
3.29
3.24
3.22
3.23
3.21
3.21
3.21
3.22
3.21
3.21
3.22
3.21
3.22
3.22
3.17
3.19
3.19
3.18
3.19
3.15
3.14
3.14
3.16
3.15
3.14
3.14
3.16
3.17
3.16
3.19
3.17
3.17
3.19
3.19
3.17
3.17
3.18
3.2
3.2
3.21
3.24
3.25
3.25
3.26
3.29
3.3
3.3
3.31
3.31
3.33
3.34
3.35
3.35
3.34
3.34
3.33
3.34
3.35
3.35
3.35
3.36
3.37
3.4
3.41
3.39
3.38
3.35
3.36
3.35
3.36
3.37
3.38
3.38
3.37
3.37
3.38
3.4
3.38
3.38
3.36
3.35
3.35
3.35
3.34
3.34
3.35
3.33
3.34
3.32
3.32
3.32
3.32
3.33
3.34
3.35
3.34
3.33
3.32
3.3
3.26
3.2
3.15
3.1
3.06
3.0
2.95
2.94
2.94
2.94
2.92
2.91
2.9
2.89
2.87
2.88
2.87
2.82
2.74
2.69
2.68
2.62
2.52
2.51
2.55
2.52
2.52
2.54
2.54
2.52
2.52
2.52
2.52
2.56
2.58
2.6
2.6
2.61
2.62
2.62
2.63
2.66
2.68
2.7
2.72
2.73
2.71
2.66
2.62
2.61
2.59
2.56
2.55
2.48
2.47
2.41
2.33
2.28
2.29
2.32
2.38
2.47
2.49
2.52
2.56
2.58
2.56
2.57
2.58
2.57
2.6
2.58
2.59
2.63
2.65
2.67
2.68
2.68
2.68
2.69
2.7
2.67
2.67
2.65
2.66
2.64
2.6
2.6
2.6
2.61
2.61
2.5
2.39
2.37
2.35
2.36
2.36
2.34
2.33
2.3
2.28
2.28
2.26
2.22
2.18
2.2
2.17
2.19
2.21
2.21
2.2
2.2
2.18
2.17
2.09
2.13
2.14
2.14
2.16
2.18
2.2
2.21
2.23
2.24
2.25
2.26
2.27
2.28
2.28
2.29
2.3
2.29
2.29
2.29
2.29
2.3
2.23
2.19
2.19
2.19
2.22
2.23
2.25
2.25
2.26
2.27
2.33
2.37
2.38
2.39
2.34
2.34
2.35
2.34
2.33
2.34
2.33
2.31
2.31
2.27
2.29
2.28
2.27
2.28
2.29
2.29
2.28
2.26
2.27
2.28
2.27
2.27
2.27
2.29
2.29
2.3
2.32
2.33
2.34
2.33
2.34
2.33
2.33
2.36
2.36
2.36
2.37
2.37
2.39
2.39
2.39
2.4
2.4
2.43
2.43
2.44
2.44
2.43
2.45
2.47
2.47
2.46
2.44
2.47
2.46
2.47
2.48
2.47
2.48
2.49
2.47
2.47
2.48
2.49
2.5
2.52
2.52
2.52
2.52
2.53
2.54
2.55
2.56
2.56
2.56
2.57
2.58
2.57
2.57
2.59
2.59
2.6
2.61
2.62
2.63
2.63
2.65
2.67
2.69
2.7
2.71
2.71
2.72
2.72
2.73
2.74
2.74
2.75
2.75
2.75
2.76
2.77
2.78
2.79
2.81
2.81
2.81
2.82
2.83
2.82
2.83
2.83
2.83
2.83
2.83
2.84
2.84
2.84
2.84
2.84
2.85
2.85
2.85
2.85
2.85
2.85
2.86
2.86
2.86
2.85
2.87
2.87
2.86
2.85
2.85
2.84
2.85
2.84
2.83
2.81
2.79
2.79
2.77
2.77
2.77
2.77
2.76
2.76
2.76
2.75
2.74
2.74
2.74
2.75
2.73
2.73
2.74
2.76
2.76
2.76
2.77
2.77
2.77
2.77
2.77
2.78
2.78
2.78
2.78
2.79
2.77
2.77
2.78
2.78
2.77
2.78
2.77
2.78
2.78
2.77
2.78
2.78
2.78
2.77
2.76
2.78
2.79
2.78
2.77
2.77
2.75
2.74
2.71
2.7
2.7
2.7
2.69
2.68
2.65
2.66
2.65
2.65
2.66
2.69
2.68
2.7
2.69
2.7
2.7
2.72
2.72
2.72
2.7
2.71
2.72
2.74
2.75
2.77
2.79
2.8
2.82
2.84
2.87
2.86
2.86
2.86
2.87
2.86
2.86
2.87
2.88
2.89
2.9
2.91
2.91
2.91
2.92
2.92
2.92
2.91
2.91
2.9
2.88
2.85
2.85
2.85
2.85
2.87
2.87
2.86
2.85
2.84
2.84
2.84
2.84
2.85
2.86
2.85
2.84
2.85
2.85
2.85
2.85
2.85
2.85
2.85
2.84
2.85
2.85
2.86
2.85
2.85
