2.56
2.57
2.6
2.6
2.58
2.52
2.56
2.5
2.49
2.49
2.5
2.48
2.48
2.47
2.45
2.44
2.41
2.41
2.39
2.4
2.34
2.34
2.32
2.3
2.31
2.35
2.33
2.33
2.33
2.32
2.32
2.3
2.31
2.28
2.3
2.29
2.32
2.31
2.32
2.32
2.32
2.32
2.34
2.35
2.36
2.36
2.36
2.37
2.38
2.37
2.38
2.38
2.4
2.4
2.41
2.41
2.42
2.41
2.44
2.46
2.46
2.48
2.51
2.51
2.53
2.55
2.55
2.57
2.58
2.58
2.59
2.61
2.63
2.67
2.69
2.71
2.72
2.73
2.73
2.73
2.72
2.73
2.73
2.74
2.75
2.75
2.76
2.76
2.77
2.78
2.79
2.79
2.8
2.8
2.84
2.83
2.85
2.84
2.86
2.86
2.87
2.89
2.92
2.94
2.96
2.96
2.98
3.0
3.04
3.06
3.07
3.08
3.12
3.13
3.12
3.15
3.17
3.18
3.18
3.21
3.25
3.25
3.29
3.33
3.38
3.43
3.59
3.78
3.87
3.89
3.9
3.91
3.91
3.93
3.94
3.95
3.97
3.97
3.97
3.97
3.96
3.95
3.95
3.96
3.96
3.97
3.96
3.96
3.97
3.96
3.94
3.94
3.94
3.94
3.94
3.96
3.97
3.98
3.96
3.96
3.96
3.94
3.96
3.97
3.97
3.96
3.94
3.94
3.95
3.95
3.94
3.93
3.92
3.91
3.9
3.89
3.88
3.88
3.87
3.85
3.84
3.82
3.81
3.78
3.76
3.74
3.72
3.7
3.68
3.67
3.65
3.64
3.65
3.65
3.65
3.65
3.65
3.66
3.67
3.66
3.67
3.68
3.67
3.68
3.66
3.69
3.68
3.69
3.71
3.67
3.68
3.68
3.67
3.65
3.68
3.68
3.69
3.69
3.73
3.73
3.75
3.76
3.78
3.72
3.71
3.72
3.74
3.75
3.74
3.79
3.72
3.78
3.82
3.8
3.79
3.82
3.81
3.81
3.85
3.93
3.94
3.9
3.97
4.0
4.02
4.05
4.07
4.06
4.06
4.05
4.11
4.13
4.16
4.14
4.15
4.21
4.17
4.18
4.2
4.21
4.26
4.27
4.38
4.29
4.24
4.26
4.3
4.28
4.26
4.3
4.32
4.31
4.31
4.33
4.34
4.35
4.33
4.35
4.29
4.32
4.31
4.33
4.35
4.39
4.4
4.4
4.37
4.41
4.47
4.4
4.43
4.44
4.4
4.38
4.39
4.38
4.36
4.38
4.34
4.33
4.33
4.31
4.34
4.36
4.33
4.34
4.33
4.32
4.29
4.31
4.28
4.28
4.29
4.29
4.29
4.31
4.3
4.32
4.32
4.35
4.37
4.33
4.35
4.37
4.37
4.37
4.34
4.37
4.35
4.34
4.35
4.4
4.39
4.37
4.4
4.37
4.37
4.36
4.33
4.3
4.28
4.29
4.33
4.3
4.25
4.25
4.26
4.26
4.28
4.32
4.36
4.38
4.38
4.38
4.39
4.48
4.45
4.38
4.33
4.39
4.34
4.27
4.26
4.28
4.3
4.25
4.28
4.22
4.21
4.16
4.25
4.17
4.12
4.13
4.2
4.2
4.25
4.09
4.09
4.11
4.08
4.08
4.06
4.1
4.21
4.1
4.11
4.11
4.11
4.12
4.15
4.26
4.43
4.68
4.63
4.68
4.68
4.66
4.73
4.78
4.7
4.65
4.63
4.64
4.61
4.62
4.62
4.6
4.63
4.61
4.57
4.55
4.55
4.53
4.52
4.5
4.48
4.46
4.43
4.39
4.37
4.34
4.28
4.24
4.17
4.13
4.1
4.08
4.09
4.09
4.06
4.02
4.02
4.01
4.0
4.0
4.01
4.02
4.02
4.04
4.01
4.03
4.06
4.05
4.04
4.03
4.03
4.05
4.04
4.01
3.98
4.01
3.99
4.0
4.0
3.96
3.97
3.95
3.97
3.96
3.86
3.92
3.91
3.87
3.91
3.9
3.9
3.91
3.91
3.9
3.88
3.84
3.84
3.85
3.89
3.86
3.86
3.84
3.86
3.83
3.83
3.85
3.87
3.82
3.8
3.72
3.67
3.65
3.7
3.71
3.72
3.7
3.64
3.51
3.5
3.52
3.57
3.52
3.54
3.47
3.49
3.5
3.5
3.5
3.51
3.51
3.5
3.46
3.39
3.38
3.37
3.37
3.37
3.36
3.37
3.4
3.39
3.39
3.53
3.66
3.75
3.87
4.06
4.11
4.14
4.13
4.18
4.2
4.21
4.26
4.31
4.34
4.35
4.33
4.3
4.25
4.2
4.14
4.11
4.12
4.12
4.13
4.14
4.18
4.19
4.25
4.27
4.3
4.38
4.48
4.48
4.44
4.43
4.41
4.38
4.35
4.35
4.37
4.36
4.33
4.34
4.34
4.35
4.34
4.32
4.3
4.25
4.21
4.16
4.15
4.15
4.16
4.15
4.14
4.12
4.11
4.11
4.12
4.1
4.09
4.09
4.08
4.06
4.03
4.02
4.02
4.01
3.99
3.95
3.94
3.93
3.92
3.9
3.88
3.84
3.8
3.76
3.75
3.74
3.71
3.67
3.67
3.67
3.67
3.69
3.73
3.75
3.73
3.71
3.7
3.68
3.68
3.68
3.67
3.67
3.65
3.63
3.61
3.59
3.57
3.54
3.52
3.52
3.53
3.54
3.54
3.55
3.54
3.53
3.53
3.51
3.5
3.48
3.48
3.49
3.5
3.5
3.51
3.5
3.5
3.49
3.49
3.48
3.49
3.49
3.49
3.49
3.48
3.47
3.46
3.45
3.44
3.44
3.43
3.42
3.41
3.41
3.41
3.39
3.38
3.36
3.35
3.34
3.34
3.34
3.34
3.33
3.34
3.34
3.35
3.36
3.37
3.4
3.43
3.45
3.47
3.47
3.48
3.5
3.48
3.47
3.49
3.51
3.51
3.52
3.54
3.55
3.57
3.58
3.59
3.58
3.59
3.59
3.6
3.59
3.6
3.61
3.6
3.69
3.76
3.77
3.77
3.75
3.77
3.78
3.79
3.81
3.81
3.82
3.82
3.81
3.82
3.81
3.8
3.8
3.78
3.75
3.7
3.68
3.65
3.66
3.66
3.68
3.68
3.66
3.68
3.7
3.68
3.69
3.71
3.7
3.7
3.71
3.71
3.72
3.75
3.75
3.74
3.79
3.83
3.85
3.87
3.85
3.84
3.86
3.9
3.92
3.92
3.92
3.9
3.89
3.89
3.89
3.9
3.9
3.91
3.92
3.93
3.93
3.93
3.93
3.92
3.92
3.91
3.92
3.93
3.93
3.95
3.95
3.95
3.99
4.0
3.96
3.92
3.93
3.93
3.93
3.91
3.88
3.86
3.82
3.78
3.74
3.71
3.72
3.73
3.73
3.73
3.73
3.72
3.72
3.72
3.73
3.71
3.73
3.74
3.76
3.78
3.8
3.79
3.78
3.76
3.76
3.76
3.77
3.76
3.74
3.75
3.76
3.76
3.75
3.73
3.75
3.78
3.8
3.78
3.76
3.77
3.81
3.82
3.86
3.85
3.88
3.89
3.92
4.01
4.0
3.96
4.02
3.99
3.98
4.06
3.98
4.02
3.99
3.97
3.96
3.94
3.96
3.97
3.95
3.97
3.98
3.96
4.04
4.07
4.01
3.95
3.97
4.03
4.1
4.07
4.0
3.96
3.94
3.96
3.99
4.01
4.0
3.98
3.97
3.94
3.93
3.92
3.92
3.91
3.91
3.89
3.85
3.81
3.8
3.78
3.76
3.76
3.78
3.77
3.78
3.75
3.73
3.72
3.72
3.72
3.72
3.71
3.72
3.72
3.73
3.74
3.74
3.74
3.76
3.78
3.8
3.84
3.87
3.87
3.84
3.83
3.81
3.8
3.81
3.81
3.8
3.79
3.8
3.81
3.82
3.84
3.85
3.87
3.89
3.91
3.91
3.91
3.91
3.9
3.9
3.89
3.87
3.85
3.84
3.83
3.81
3.78
3.73
3.71
3.71
3.72
3.7
3.68
3.6
3.57
3.57
3.6
3.65
3.62
3.6
3.58
3.57
3.56
3.53
3.52
3.49
3.48
3.47
3.48
3.49
3.48
3.46
3.42
3.39
3.36
3.32
3.29
3.24
3.22
3.21
3.16
3.15
3.11
3.12
3.07
3.03
3.0
2.99
2.97
2.97
3.01
3.04
3.04
3.08
3.12
3.19
3.25
3.29
3.31
3.38
3.29
3.29
3.31
3.24
3.22
3.23
3.27
3.26
3.27
3.31
3.31
3.33
3.31
3.33
3.34
3.36
3.36
3.33
3.35
3.34
3.33
3.33
3.31
3.3
3.31
3.31
3.29
3.27
3.27
3.28
3.28
3.26
3.25
3.23
3.23
3.22
3.23
3.23
3.23
3.22
3.23
3.22
3.22
3.23
3.22
3.22
3.24
3.25
3.25
3.25
3.25
3.26
3.26
3.28
3.28
3.28
3.28
3.29
3.3
3.3
3.3
3.32
3.31
3.33
3.33
3.33
3.34
3.34
3.33
3.31
3.3
3.3
3.32
3.31
3.31
3.31
3.32
3.32
3.32
3.32
3.32
3.32
3.32
3.32
3.34
3.34
3.35
3.32
3.3
3.31
3.31
3.3
3.3
3.29
3.28
3.28
3.27
3.26
3.25
3.25
3.22
3.18
3.2
3.21
3.23
3.25
3.24
3.23
3.22
3.22
3.2
3.19
3.17
3.14
3.1
3.07
3.07
3.06
3.06
3.11
3.13
3.07
3.05
3.0
3.01
3.03
3.07
3.16
3.14
3.14
3.17
3.17
3.16
3.18
3.22
3.24
3.27
3.24
3.22
3.23
3.24
3.26
3.26
3.29
3.32
3.33
3.37
3.37
3.37
3.37
3.36
3.36
3.38
3.38
3.36
3.35
3.36
3.37
3.35
3.34
3.29
3.28
3.26
3.25
3.19
3.18
3.15
3.15
3.15
3.13
3.11
3.09
3.09
3.09
3.08
3.09
3.08
3.07
3.06
3.05
3.06
3.04
3.02
3.01
3.01
3.01
2.99
3.0
2.99
2.98
2.97
2.98
2.98
2.98
2.97
2.97
2.96
2.95
2.95
2.95
2.95
2.95
2.95
2.95
2.96
2.95
2.95
2.96
2.96
2.95
2.95
2.97
2.97
2.95
2.94
2.93
2.95
2.95
2.96
2.98
2.98
2.97
2.97
