12.14
12.11
12.15
12.24
12.32
12.23
11.88
11.83
11.99
12.02
11.95
11.73
11.66
11.57
11.69
11.74
11.8
11.8
11.93
11.99
11.95
12.01
12.01
11.97
11.94
11.89
11.92
11.84
11.9
11.82
11.8
11.89
11.99
12.15
12.1
12.05
12.03
12.01
11.67
11.88
11.83
11.88
11.85
11.86
11.75
11.78
11.72
11.71
11.68
11.62
11.61
11.6
11.56
11.41
11.47
11.49
11.44
11.32
11.36
11.35
11.41
11.33
11.33
11.37
11.39
11.45
11.45
11.45
11.28
11.03
11.18
10.95
10.69
10.66
10.76
10.88
10.9
10.96
11.01
11.04
11.14
11.42
11.48
11.58
11.53
11.5
11.62
11.48
11.51
11.49
11.44
11.45
11.57
11.64
11.32
11.21
11.33
11.35
11.4
11.54
11.24
11.4
11.17
10.98
10.98
11.03
11.16
11.2
11.25
11.17
11.17
11.28
11.39
11.35
11.54
11.56
11.55
11.62
11.65
11.51
11.57
11.65
11.68
11.71
11.64
11.72
11.68
11.69
11.72
11.57
11.56
11.58
11.68
11.66
11.67
11.66
11.67
11.61
11.65
11.48
11.45
11.27
11.42
11.39
11.04
11.05
11.25
11.21
11.2
11.13
11.23
11.14
11.13
11.1
11.01
11.02
11.08
11.04
11.02
11.03
11.05
11.06
11.05
11.08
11.07
10.98
11.02
10.92
10.86
10.79
10.76
10.72
10.67
10.65
10.64
10.62
10.64
10.65
10.75
10.64
10.61
10.7
10.74
10.67
10.64
10.68
10.67
10.64
10.6
10.6
10.58
10.62
10.58
10.58
10.56
10.51
10.45
10.41
10.4
10.39
10.43
10.43
10.27
10.32
10.13
10.14
10.17
10.25
10.34
10.22
10.04
9.99
9.92
9.93
9.98
9.99
10.0
10.05
10.11
10.19
10.17
10.11
9.99
10.02
10.1
10.21
10.19
10.37
10.54
10.45
10.54
10.66
10.82
10.93
10.94
10.79
10.83
10.94
11.01
10.83
10.71
10.47
10.23
10.28
9.23
8.95
8.71
8.65
8.58
8.81
8.95
8.67
8.54
8.31
8.18
7.64
8.07
8.08
8.0
8.25
8.29
8.32
8.43
8.52
8.42
8.66
8.36
8.31
8.36
8.59
8.45
8.36
8.28
8.23
8.25
8.13
8.14
8.48
8.33
8.01
8.18
8.34
8.5
8.29
8.2
8.15
8.19
8.4
8.29
8.25
8.28
8.26
8.48
8.32
8.38
8.43
8.27
8.24
8.15
8.24
8.35
8.3
8.23
8.19
8.26
8.5
8.61
8.6
8.63
8.68
8.9
9.1
8.94
8.86
9.12
9.13
8.99
9.04
9.15
9.17
9.15
9.15
9.22
9.2
9.18
9.15
9.12
9.02
8.79
8.72
8.61
8.59
8.78
8.69
8.81
8.59
8.55
8.57
8.57
8.55
8.52
8.47
8.46
8.69
8.7
8.78
8.64
8.56
8.4
8.61
8.67
8.68
8.63
8.57
8.53
8.57
8.58
8.59
8.6
8.62
8.63
8.68
8.75
8.71
8.74
8.7
8.74
8.87
9.01
9.18
9.21
9.38
9.51
9.49
9.59
9.59
9.72
9.91
10.22
10.31
10.41
10.52
10.64
10.96
11.23
11.28
11.49
11.89
12.09
12.13
12.37
12.59
12.42
11.8
11.76
12.2
12.01
11.98
11.59
11.11
11.03
11.2
10.94
10.85
10.99
11.12
10.97
11.56
11.32
11.47
11.38
11.58
11.62
11.42
11.03
11.05
10.97
10.97
10.99
11.01
11.1
11.12
11.16
11.26
11.1
11.14
10.97
10.61
10.69
10.84
10.89
11.01
10.92
10.69
10.72
10.75
10.89
10.85
10.84
10.8
10.93
10.97
10.88
10.82
10.97
11.05
11.08
10.93
11.03
11.04
11.04
10.98
10.89
10.81
10.76
10.79
10.86
10.85
10.8
10.72
10.67
10.42
10.34
10.23
10.16
10.06
10.05
10.24
10.23
10.31
10.26
10.24
10.17
10.09
10.01
9.77
9.57
9.52
9.47
9.33
9.17
9.08
9.06
9.03
8.99
8.9
8.85
8.87
8.91
8.94
8.98
9.01
9.08
9.14
9.16
9.15
9.15
9.1
9.04
8.96
8.94
8.94
8.95
8.99
9.02
9.02
9.07
9.05
9.05
9.09
9.05
9.09
9.11
9.13
9.14
9.2
9.28
9.38
9.3
9.18
9.11
9.02
8.83
8.86
8.86
8.84
8.83
8.85
8.88
8.9
8.86
8.79
8.79
8.63
8.53
8.51
8.37
8.3
8.29
8.24
8.14
8.04
8.09
8.14
8.18
8.2
8.12
8.05
8.1
8.04
8.14
8.08
8.01
7.69
7.7
7.51
7.58
7.55
7.71
7.6
7.64
7.83
7.89
8.03
8.15
8.09
8.08
8.09
8.19
8.4
8.53
8.64
8.37
8.22
8.13
8.22
8.26
8.22
8.24
8.38
8.38
8.22
8.1
8.22
8.2
8.2
8.17
8.02
7.99
8.01
7.96
8.0
8.08
8.07
8.08
7.98
7.96
7.96
8.07
8.28
8.47
8.55
8.62
8.67
8.67
8.6
8.43
8.36
8.39
8.46
8.53
8.51
8.53
8.56
8.49
8.43
8.42
8.38
8.39
8.56
8.62
8.66
8.55
8.35
8.29
8.25
8.19
8.18
8.14
8.16
8.15
8.14
8.16
8.16
8.17
8.15
8.12
8.13
8.16
8.18
8.15
8.14
8.11
8.05
7.93
7.86
7.75
7.68
7.59
7.53
7.46
7.44
7.44
7.58
7.78
8.0
8.0
8.07
8.18
8.24
8.23
8.2
8.23
8.02
7.91
8.01
8.05
7.96
7.97
8.11
8.15
8.03
8.11
8.06
8.07
7.86
7.73
7.74
7.76
7.76
7.73
7.74
7.81
7.84
7.91
7.93
8.04
7.98
7.83
7.9
7.9
8.02
8.06
8.06
8.18
8.19
8.18
8.21
8.28
7.99
8.1
8.08
8.09
8.17
8.34
8.26
8.17
8.24
8.42
8.36
8.25
8.28
8.63
8.49
8.67
8.94
9.0
9.08
9.22
9.24
8.96
8.75
8.61
8.59
8.54
8.37
8.16
8.07
8.06
8.18
8.42
8.77
8.81
8.72
8.37
8.34
8.28
8.37
8.45
8.5
8.49
8.42
8.32
8.46
8.54
8.56
8.51
8.52
8.55
8.54
8.52
8.53
8.62
8.65
8.7
8.65
8.65
8.45
8.34
8.37
8.33
8.08
8.01
8.05
8.05
8.0
7.84
7.74
7.69
7.72
7.76
7.76
7.74
7.71
7.69
7.67
7.64
7.72
7.77
7.79
7.73
7.69
7.69
7.77
7.7
7.68
7.67
7.69
7.73
7.73
7.68
7.68
7.72
7.75
7.75
7.76
7.74
7.79
7.85
7.88
7.93
8.0
8.07
8.11
8.15
8.24
8.3
8.31
8.37
8.34
8.32
8.18
8.07
8.02
8.03
8.05
8.15
8.14
8.23
8.28
8.26
8.2
8.27
8.25
8.24
8.26
8.21
8.22
8.32
8.44
8.42
8.36
8.43
8.5
8.5
8.49
8.3
8.38
8.25
8.2
8.23
8.27
8.1
8.14
7.94
8.24
7.99
7.93
7.71
7.68
7.67
7.63
7.56
7.5
7.58
7.76
7.96
7.72
7.45
7.49
7.44
7.62
7.79
7.8
7.84
7.83
7.66
7.69
7.84
7.88
7.99
8.15
8.15
7.97
8.16
8.1
8.14
8.23
8.28
8.26
8.16
8.06
8.02
8.08
8.06
8.0
8.01
7.71
7.68
7.74
7.73
7.78
7.91
7.77
7.72
7.68
7.76
7.92
7.91
7.95
7.96
7.98
8.0
8.05
8.03
7.98
7.83
7.83
7.87
7.91
7.84
7.92
7.97
7.96
7.82
7.74
7.74
7.78
7.81
7.8
7.81
7.88
7.91
7.92
7.92
7.91
7.91
7.92
7.96
7.97
8.01
7.98
7.98
8.01
8.0
8.04
8.06
8.08
8.06
8.03
8.04
8.07
8.1
8.11
8.15
8.2
8.23
8.25
8.28
8.33
8.39
8.44
8.53
8.6
8.55
8.56
8.65
8.72
8.7
8.81
8.95
9.04
9.02
8.97
9.1
8.95
8.51
8.96
8.92
8.98
9.06
8.96
9.0
9.0
9.06
9.07
9.16
9.13
8.66
8.57
8.64
8.98
9.29
9.48
9.55
9.48
9.4
9.39
9.48
9.51
9.56
9.34
9.36
9.41
9.34
9.33
9.55
9.57
9.68
9.64
9.59
9.85
9.99
10.0
9.96
10.11
10.14
10.24
10.2
9.97
9.85
10.1
10.11
10.24
10.16
10.17
10.54
10.64
10.53
10.55
10.57
10.58
10.51
10.47
10.41
10.32
10.32
10.43
10.6
10.52
10.27
10.16
10.34
10.52
10.33
10.21
10.24
10.28
10.51
10.45
10.38
10.36
10.35
10.36
10.37
10.41
10.34
10.31
10.3
10.39
10.48
10.51
10.49
10.53
10.63
10.64
10.6
10.58
10.68
10.66
10.7
10.69
10.63
10.57
10.45
10.4
10.3
10.24
10.09
9.95
9.89
9.88
9.78
9.79
9.82
9.88
9.91
10.01
10.13
10.22
10.58
10.76
10.58
10.96
10.95
11.04
11.17
11.2
11.08
11.1
11.18
11.21
11.21
11.13
11.17
11.24
11.29
11.36
11.47
11.54
11.7
11.81
11.93
11.94
12.12
12.21
12.51
12.6
12.64
12.96
13.36
13.49
13.26
13.32
13.45
13.5
13.46
13.25
13.31
13.38
12.81
12.59
12.44
12.4
12.31
12.3
11.88
11.63
11.62
11.63
11.62
11.47
10.95
10.64
11.09
11.35
11.23
11.03
10.85
10.75
10.65
10.73
10.89
10.72
10.77
10.68
10.67
10.74
10.8
10.87
10.63
10.52
10.59
10.76
11.03
10.61
10.64
10.59
10.68
10.65
10.68
10.63
10.76
10.89
11.01
10.8
10.77
10.66
10.63
10.6
10.49
10.29
10.18
9.9
9.8
9.74
10.62
9.97
9.88
10.05
10.14
10.1
10.08
10.1
10.12
10.11
10.22
10.23
10.2
10.17
10.11
10.05
10.07
10.14
10.25
10.3
10.28
10.3
10.29
10.26
