10.15
10.21
9.95
10.01
9.93
9.99
9.87
9.75
9.7
9.58
9.6
9.72
9.73
9.72
9.7
9.65
9.66
9.67
9.66
9.64
9.64
9.63
9.64
9.57
9.53
9.56
9.54
9.58
9.62
9.69
9.73
9.76
9.74
9.76
9.8
9.83
9.89
9.95
10.1
10.14
10.14
10.14
10.3
10.42
10.64
11.01
11.43
11.66
12.01
12.05
12.21
11.92
11.71
11.52
11.59
11.71
11.78
11.83
11.76
11.53
11.67
11.77
11.8
11.63
11.48
11.64
11.41
11.17
11.3
11.72
12.16
12.32
11.78
11.89
11.65
11.69
11.69
11.02
10.98
11.16
10.92
10.64
10.73
10.55
10.65
10.83
11.11
11.37
11.57
11.39
11.14
11.14
11.18
11.18
11.17
11.26
11.23
11.06
11.04
10.82
11.07
11.1
11.06
10.9
10.78
10.77
10.71
10.71
10.66
10.56
10.49
10.3
10.16
10.05
10.02
9.99
9.99
9.98
9.99
9.98
10.02
10.03
9.92
9.96
10.03
9.97
9.84
9.82
9.87
9.76
9.59
9.64
9.64
9.61
9.55
9.6
9.62
9.7
9.56
9.4
9.4
9.34
9.27
9.33
9.4
9.4
9.39
9.27
9.1
9.05
9.09
9.13
9.11
8.99
8.88
8.83
8.67
8.53
8.53
8.59
8.67
8.71
8.64
8.71
8.66
8.58
8.6
8.62
8.6
8.6
8.68
8.71
8.68
8.71
8.74
8.73
8.76
8.85
8.83
8.83
8.91
9.04
9.08
9.2
9.34
9.44
9.48
9.58
9.64
9.88
10.21
10.52
10.56
11.18
12.12
12.49
12.48
11.54
10.66
10.21
10.23
10.18
10.03
9.93
9.77
9.66
9.46
9.47
9.52
9.59
9.53
9.37
9.53
9.32
9.33
9.36
9.27
9.16
9.11
9.07
9.33
9.17
8.99
9.22
9.15
9.11
8.87
8.98
8.97
8.99
8.87
8.65
8.72
8.59
8.37
9.09
9.1
9.07
9.03
8.7
8.86
8.72
8.58
8.53
8.62
8.66
8.7
8.9
8.98
9.18
9.45
9.6
9.63
9.78
9.8
9.92
10.19
10.26
10.19
10.12
10.23
10.28
10.3
10.25
10.25
10.22
10.18
10.23
10.21
10.13
10.05
10.01
9.71
9.5
9.49
9.48
9.54
9.55
9.58
9.53
9.52
9.59
9.65
9.64
9.69
9.73
9.68
9.68
9.69
9.67
9.68
9.65
9.63
9.62
9.6
9.54
9.4
9.51
9.51
9.55
9.44
9.5
9.62
9.58
9.63
9.62
9.64
9.59
9.65
9.65
9.71
9.72
9.74
9.77
9.82
9.84
9.86
9.87
9.9
9.99
10.08
10.03
10.08
10.12
10.15
10.13
10.21
10.34
10.38
10.37
10.42
10.5
10.57
10.69
10.77
10.82
10.83
10.82
10.85
10.79
10.69
10.7
10.72
10.64
10.64
10.45
10.45
10.54
10.5
10.6
10.0
9.99
9.77
9.44
9.44
9.52
9.55
9.94
9.96
10.1
9.94
9.86
9.85
9.93
10.14
10.18
10.25
10.38
10.48
10.48
10.37
10.42
10.54
10.48
10.34
10.32
10.3
10.23
10.05
10.08
10.16
10.27
10.36
10.5
10.54
10.52
10.57
10.3
10.55
10.66
10.7
10.87
10.79
10.74
10.8
10.68
10.38
10.28
10.3
10.34
10.22
10.22
10.21
10.09
10.25
10.19
10.22
10.58
10.57
10.44
10.43
10.37
10.46
10.44
10.46
10.25
10.23
10.19
10.15
10.08
10.12
10.06
10.04
9.98
10.03
9.94
9.87
9.82
9.87
10.0
10.0
9.99
9.97
9.89
9.8
9.71
9.6
9.58
9.46
9.51
9.51
9.53
9.5
9.35
9.3
9.31
9.28
9.3
9.25
9.19
9.3
9.34
9.29
9.24
9.23
9.22
9.19
9.2
9.21
9.23
9.21
9.18
9.19
9.26
9.25
9.3
9.29
9.4
9.42
9.46
9.59
9.73
9.87
10.06
10.38
10.67
11.22
12.35
12.86
12.12
11.13
10.92
10.69
10.61
10.43
10.46
10.47
10.51
10.43
10.43
10.18
10.19
9.94
9.9
9.86
9.67
9.84
9.86
10.08
9.69
9.84
9.99
9.86
9.85
9.48
9.88
9.9
9.84
9.73
9.62
9.44
9.4
9.39
9.35
9.42
9.23
9.36
9.36
9.33
9.44
9.31
9.5
9.53
9.46
9.49
9.39
9.23
9.5
9.7
9.78
9.66
9.84
9.69
9.79
9.86
9.71
9.65
9.61
9.78
9.89
9.99
10.05
10.09
10.03
9.99
9.85
9.76
9.79
9.8
9.96
9.85
10.12
9.97
10.01
9.89
9.94
10.07
9.84
9.77
9.77
9.82
9.81
9.8
9.79
9.84
9.84
9.8
9.84
9.88
9.9
10.01
9.97
9.92
9.96
9.97
9.95
9.95
9.94
9.93
9.9
9.93
9.95
9.91
9.93
9.93
9.95
9.93
9.93
9.93
9.87
9.8
9.81
9.78
9.71
9.69
9.74
9.71
9.69
9.66
9.59
9.59
9.59
9.63
9.62
9.6
9.72
9.83
9.72
9.74
9.85
10.01
10.08
10.24
10.19
10.26
10.26
10.45
10.74
11.12
11.18
11.09
11.14
11.24
11.26
11.24
11.15
11.14
11.02
11.08
10.98
11.03
10.95
10.99
10.82
10.96
11.13
11.04
11.01
10.89
10.83
10.65
10.56
10.81
10.83
10.63
10.53
10.62
10.77
10.89
10.64
10.71
10.9
10.97
10.74
10.92
10.83
10.74
10.86
11.0
10.99
10.91
10.87
10.84
10.88
10.78
10.7
10.86
10.9
10.78
10.73
10.77
10.73
10.64
10.51
10.49
10.47
10.38
10.13
9.93
9.73
9.49
9.33
9.32
9.34
9.34
9.27
9.19
9.18
9.13
9.07
9.05
8.94
8.96
9.33
9.01
9.04
9.19
9.12
9.12
9.25
9.38
9.39
9.41
9.23
9.39
9.38
9.34
9.3
9.31
9.24
9.17
9.24
9.27
9.2
9.19
9.17
9.16
9.17
9.19
9.25
9.25
9.23
9.23
9.22
9.11
9.02
9.06
9.09
9.07
9.04
9.08
9.06
9.07
9.01
8.98
8.76
8.76
8.7
8.74
8.7
8.69
8.66
8.62
8.65
8.7
8.75
8.88
9.12
9.28
9.08
9.01
9.17
9.35
9.64
9.66
9.76
9.85
9.87
9.92
9.92
10.03
10.0
10.1
10.15
10.26
10.3
10.27
10.37
10.55
10.7
10.67
10.93
11.08
11.26
11.35
11.59
11.7
11.68
11.66
11.72
11.8
11.85
11.49
11.65
11.44
11.39
11.41
11.49
11.52
11.49
11.46
11.46
11.63
11.84
11.95
11.93
11.85
11.86
11.87
12.03
12.03
12.07
12.02
11.95
11.99
11.91
11.7
11.62
11.69
11.75
11.6
11.71
11.71
11.85
11.98
11.97
11.85
11.66
11.75
11.76
11.7
11.73
11.73
11.78
11.72
11.54
11.52
11.56
11.57
11.57
11.6
11.63
11.65
11.62
11.6
11.47
11.34
11.33
12.06
12.45
12.31
12.2
12.18
12.19
12.25
12.14
11.97
12.06
12.08
12.02
11.88
11.83
11.96
12.07
12.11
12.1
12.15
12.13
12.13
12.13
12.18
12.29
12.39
12.12
12.1
12.16
12.19
12.2
12.2
12.2
12.16
12.18
12.19
12.16
12.2
12.24
12.17
12.2
12.3
12.2
12.22
12.06
11.98
11.84
11.64
11.49
11.09
10.61
10.62
10.55
10.5
10.49
10.42
10.45
10.41
10.31
10.29
10.37
10.59
10.6
10.4
9.78
9.49
9.36
9.32
9.18
9.06
8.95
9.05
8.87
8.7
8.52
8.43
8.47
8.17
7.86
7.59
7.83
8.01
7.96
7.39
7.1
7.11
7.13
7.27
7.16
6.86
7.04
7.13
7.05
6.98
6.94
6.95
6.59
6.79
6.64
6.62
6.47
6.53
6.57
6.64
6.57
6.66
6.87
6.91
6.92
6.95
6.86
7.02
7.08
7.01
7.16
7.14
7.05
7.27
6.91
6.91
6.77
6.8
6.95
6.89
7.05
6.91
6.75
6.86
7.06
7.07
7.05
7.01
6.9
6.86
6.87
6.95
6.98
6.97
7.02
6.96
6.96
6.93
6.94
7.08
7.18
7.16
7.12
7.23
7.32
7.39
7.38
7.48
7.49
7.51
7.47
7.43
7.35
7.32
7.68
7.87
7.52
7.29
7.23
7.19
7.16
7.2
7.42
7.7
7.7
7.61
7.52
7.47
7.37
7.29
7.25
7.33
7.27
7.27
7.32
7.33
7.43
7.49
7.5
7.39
7.37
7.43
7.42
7.46
7.45
7.44
7.44
7.39
7.4
7.38
7.37
7.4
7.45
7.47
7.57
7.63
7.68
7.75
7.77
7.86
7.89
7.93
7.94
8.16
8.18
8.11
7.99
7.99
8.09
8.09
8.12
8.14
7.97
7.8
7.78
7.69
7.61
7.75
7.76
7.81
7.83
7.66
7.61
7.57
7.62
7.56
7.68
7.69
7.73
7.45
7.37
7.24
7.41
7.45
7.58
7.61
7.35
7.48
7.28
7.52
7.89
7.71
7.33
7.27
7.14
7.08
7.11
7.21
7.17
7.01
6.89
6.64
6.47
6.73
6.63
6.47
6.52
6.68
6.63
6.63
6.69
6.79
6.92
6.97
6.79
6.96
6.96
6.83
6.91
6.98
6.85
6.86
6.97
7.0
7.04
7.11
7.08
7.12
7.11
7.16
7.1
7.13
7.19
7.13
7.17
7.19
7.23
7.2
7.37
7.6
7.72
7.75
7.61
7.54
7.49
7.5
7.51
7.53
7.61
7.64
7.61
7.68
7.75
7.75
7.78
7.79
7.79
7.79
7.76
7.72
7.71
7.62
7.66
7.63
7.6
7.58
7.56
7.52
7.53
7.54
7.49
7.52
7.54
7.52
7.5
7.48
7.48
7.46
7.45
7.39
7.37
7.4
7.41
7.41
7.43
7.41
7.34
7.16
7.23
7.36
7.48
7.57
7.6
7.68
7.79
7.98
8.08
8.11
8.06
8.11
8.15
8.13
8.23
8.33
8.44
8.5
8.66
8.7
8.77
