1.94
1.89
1.88
1.92
1.92
1.96
2.04
2.03
1.97
1.88
1.83
1.81
1.82
1.83
1.86
1.85
1.85
1.83
1.83
1.81
1.81
1.81
1.78
1.78
1.74
1.71
1.71
1.74
1.72
1.69
1.69
1.68
1.64
1.66
1.73
1.69
1.71
1.78
1.79
1.76
1.7
1.76
1.83
1.85
1.88
1.89
1.92
1.92
1.91
1.92
1.93
1.97
1.98
1.95
1.94
1.97
2.03
2.05
2.07
2.05
2.05
2.02
2.0
1.99
1.99
1.97
1.96
1.98
1.99
1.99
2.01
2.03
2.05
2.06
2.08
2.09
2.14
2.17
2.16
2.17
2.14
2.15
2.17
2.17
2.2
2.22
2.22
2.23
2.24
2.25
2.27
2.25
2.28
2.29
2.28
2.27
2.3
2.3
2.29
2.3
2.28
2.28
2.26
2.3
2.3
2.29
2.29
2.29
2.31
2.31
2.32
2.32
2.3
2.32
2.36
2.35
2.34
2.33
2.33
2.36
2.36
2.37
2.37
2.36
2.39
2.4
2.39
2.38
2.39
2.42
2.45
2.46
2.48
2.47
2.48
2.5
2.47
2.46
2.48
2.5
2.55
2.54
2.5
2.53
2.52
2.52
2.53
2.56
2.59
2.58
2.6
2.59
2.6
2.62
2.63
2.62
2.63
2.62
2.62
2.61
2.6
2.59
2.59
2.6
2.61
2.64
2.61
2.58
2.58
2.58
2.56
2.54
2.53
2.53
2.53
2.57
2.6
2.59
2.59
2.64
2.64
2.65
2.66
2.68
2.65
2.65
2.63
2.62
2.63
2.61
2.62
2.62
2.61
2.62
2.61
2.63
2.63
2.63
2.64
2.65
2.66
2.65
2.64
2.63
2.63
2.64
2.64
2.65
2.67
2.69
2.7
2.72
2.74
2.74
2.76
2.73
2.75
2.76
2.76
2.75
2.78
2.78
2.77
2.78
2.81
2.8
2.76
2.77
2.78
2.81
2.86
2.82
2.84
2.83
2.81
2.82
2.83
2.82
2.8
2.78
2.77
2.76
2.73
2.73
2.73
2.74
2.74
2.75
2.76
2.77
2.79
2.8
2.78
2.76
2.74
2.71
2.69
2.69
2.71
2.73
2.73
2.74
2.76
2.76
2.76
2.74
2.74
2.73
2.72
2.69
2.69
2.67
2.62
2.57
2.53
2.5
2.48
2.46
2.44
2.46
2.46
2.46
2.44
2.43
2.43
2.43
2.42
2.41
2.39
2.33
2.3
2.31
2.33
2.36
2.31
2.25
2.26
2.23
2.21
2.2
2.17
2.15
2.19
2.24
2.24
2.2
2.17
2.16
2.17
2.19
2.17
2.19
2.17
2.16
2.16
2.13
2.11
2.06
2.04
2.02
2.0
1.96
1.95
1.91
1.93
1.93
1.9
1.87
1.85
1.79
1.79
1.81
1.81
1.77
1.72
1.71
1.69
1.64
1.64
1.67
1.71
1.68
1.59
1.61
1.7
1.71
1.7
1.66
1.68
1.71
1.7
1.74
1.77
1.8
1.83
1.84
1.89
1.91
1.94
1.97
1.99
2.06
2.11
2.14
2.15
2.18
2.2
2.15
2.17
2.18
2.19
2.14
2.09
2.11
1.87
1.88
1.87
1.81
1.72
1.68
1.69
1.66
1.58
1.5
1.47
1.44
1.43
1.43
1.43
1.45
1.47
1.49
1.53
1.56
1.57
1.59
1.6
1.62
1.64
1.66
1.69
1.71
1.72
1.73
1.78
1.82
1.84
1.85
1.86
1.93
1.97
1.98
2.0
2.01
2.03
2.05
2.07
2.08
2.09
2.11
2.13
2.16
2.17
2.19
2.24
2.25
2.27
2.3
2.34
2.35
2.36
2.37
2.39
2.43
2.46
2.5
2.52
2.52
2.59
2.76
2.83
2.88
2.91
2.94
2.96
2.96
2.91
2.88
2.96
2.96
2.97
3.0
3.01
3.02
3.01
3.01
3.02
3.06
3.08
3.09
3.1
3.11
3.13
3.14
3.14
3.15
3.17
3.16
3.16
3.16
3.17
3.16
3.16
3.16
3.17
3.18
3.18
3.19
3.2
3.21
3.21
3.2
3.2
3.18
3.15
3.14
3.12
3.13
3.14
3.13
3.13
3.15
3.16
3.17
3.19
3.2
3.2
3.19
3.19
3.21
3.22
3.22
3.23
3.23
3.25
3.26
3.23
3.22
3.2
3.2
3.21
3.21
3.2
3.22
3.25
3.25
3.22
3.19
3.17
3.16
3.18
3.2
3.21
3.18
3.18
3.16
3.16
3.16
3.14
3.13
3.13
3.13
3.14
3.14
3.16
3.16
3.17
3.17
3.16
3.16
3.15
3.17
3.16
3.16
3.16
3.16
3.17
3.16
3.17
3.17
3.16
3.17
3.18
3.2
3.19
3.2
3.2
3.21
3.22
3.22
3.23
3.24
3.25
3.26
3.27
3.25
3.24
3.26
3.26
3.25
3.25
3.25
3.23
3.23
3.22
3.23
3.21
3.21
3.21
3.21
3.2
3.2
3.19
3.18
3.18
3.17
3.17
3.17
3.16
3.15
3.12
3.09
3.04
3.02
3.0
2.99
2.98
2.99
3.01
3.02
3.04
3.04
3.03
3.02
3.01
2.99
2.99
2.99
2.99
2.99
2.98
2.98
2.99
2.98
2.97
2.95
2.93
2.91
2.88
2.86
2.85
2.84
2.8
2.78
2.77
2.76
2.75
2.76
2.77
2.79
2.81
2.81
2.79
2.77
2.76
2.74
2.72
2.71
2.69
2.68
2.67
2.63
2.56
2.57
2.58
2.57
2.55
2.54
2.53
2.53
2.52
2.52
2.51
2.48
2.43
2.41
2.41
2.41
2.43
2.44
2.44
2.41
2.4
2.39
2.36
2.35
2.32
2.28
2.26
2.26
2.24
2.2
2.2
2.17
2.16
2.15
2.13
2.1
2.06
2.04
2.0
2.0
2.03
2.0
1.92
1.77
1.71
1.68
1.63
1.59
1.57
1.55
1.52
1.5
1.46
1.43
1.41
1.39
1.38
1.36
1.35
1.34
1.33
1.32
1.32
1.31
1.3
1.29
1.29
1.28
1.27
1.25
1.24
1.23
1.21
1.2
1.19
1.19
1.18
1.18
1.17
1.16
1.15
1.15
1.14
1.14
1.14
1.13
1.13
1.12
1.13
1.12
1.12
1.11
1.11
1.11
1.11
1.11
1.1
1.09
1.09
1.08
1.09
1.09
1.08
1.07
1.06
1.05
1.04
1.02
1.03
1.03
1.03
1.03
1.03
1.02
1.01
0.99
0.93
0.9
0.9
0.89
0.88
0.88
0.88
0.87
0.87
0.89
0.95
0.96
0.96
0.96
0.96
0.98
0.97
0.98
1.02
1.0
0.99
1.01
1.02
1.01
1.01
1.0
0.99
1.0
1.01
1.0
1.0
1.01
1.01
1.0
1.0
1.02
1.05
1.06
1.1
1.17
1.12
1.09
1.11
1.11
1.1
1.08
1.06
1.08
1.1
1.1
1.11
1.11
1.08
1.07
1.08
1.08
1.07
1.06
1.03
1.02
1.02
0.99
1.02
1.02
0.94
0.93
0.95
0.93
0.93
0.89
0.89
0.89
0.87
0.86
0.85
0.84
0.83
0.82
0.8
0.79
0.77
0.76
0.78
0.81
0.77
0.77
0.76
0.75
0.73
0.73
0.71
0.69
0.7
0.69
0.65
0.63
0.62
0.61
0.62
0.62
0.6
0.6
0.64
0.63
0.62
0.59
0.58
0.61
0.64
0.65
0.58
0.57
0.56
0.58
0.57
0.57
0.6
0.61
0.61
0.61
0.58
0.54
0.51
0.51
0.5
0.5
0.52
0.53
0.54
0.52
0.54
0.56
0.53
0.52
0.53
0.52
0.53
0.52
0.53
0.55
0.53
0.54
0.52
0.52
0.52
0.55
0.58
0.57
0.55
0.53
0.53
0.51
0.51
0.52
0.52
0.57
0.57
0.58
0.58
0.58
0.6
0.56
0.53
0.53
0.57
0.63
0.67
0.73
0.7
0.69
0.68
0.71
0.72
0.77
0.79
0.82
0.82
0.87
0.92
0.95
0.97
0.99
1.01
1.06
1.1
1.19
1.25
1.25
1.25
1.23
1.25
1.3
1.31
1.38
1.45
1.48
1.5
1.51
1.52
1.53
1.59
1.64
1.66
1.65
1.7
1.73
1.77
1.77
1.77
1.77
1.79
1.78
1.81
1.86
1.84
1.89
1.85
1.87
1.88
1.85
1.93
1.91
1.86
1.87
1.86
1.88
1.8
1.78
1.79
1.83
1.83
1.84
1.81
1.76
1.68
1.58
1.63
1.74
1.74
1.65
1.57
1.52
1.53
1.55
1.5
1.52
1.55
1.53
1.56
1.53
1.56
1.53
1.45
1.38
1.4
1.37
1.35
1.36
1.39
1.42
1.42
1.44
1.4
1.34
1.31
1.32
1.29
1.27
1.26
1.25
1.24
1.24
1.29
1.34
1.37
1.43
1.37
1.37
1.34
1.32
1.32
1.31
1.33
1.36
1.41
1.43
1.44
1.44
1.45
1.43
1.44
1.48
1.51
1.56
1.6
1.6
1.59
1.57
1.58
1.58
1.59
1.58
1.57
1.58
1.64
1.67
1.67
1.69
1.74
1.75
1.8
1.82
1.85
1.81
1.81
1.77
1.74
1.78
1.76
1.8
1.79
1.81
1.86
1.86
1.93
1.97
2.03
2.08
2.11
2.11
2.11
2.11
2.13
2.11
2.08
2.09
2.12
2.13
2.14
2.14
2.09
2.08
2.07
2.05
2.1
2.11
2.01
1.96
1.94
1.94
1.91
1.92
1.9
1.84
1.84
1.83
1.84
1.82
1.79
1.75
1.69
1.66
1.62
1.59
1.56
1.55
1.57
1.57
1.55
1.54
1.52
1.47
1.47
1.44
1.4
1.4
1.42
1.43
1.43
1.43
1.42
1.36
1.32
1.29
1.3
1.29
1.26
1.25
1.23
1.22
1.2
1.19
1.17
1.17
1.15
1.13
1.12
1.12
1.12
1.11
1.1
1.1
1.08
1.06
1.03
1.04
1.06
1.02
0.99
0.98
0.99
0.98
0.96
0.96
0.95
0.97
0.94
0.93
0.92
0.9
0.9
0.9
0.91
0.9
0.9
0.89
0.9
0.96
0.96
0.9
0.88
0.87
0.86
0.91
0.93
0.93
0.92
0.87
0.87
0.86
0.87
0.87
