4.26
4.17
4.13
4.13
4.0
3.99
4.03
4.06
4.05
4.04
4.04
4.08
4.09
4.14
4.2
4.27
4.31
4.37
4.41
4.44
4.43
4.46
4.48
4.51
4.53
4.57
4.58
4.56
4.56
4.52
4.49
4.44
4.42
4.43
4.42
4.38
4.37
4.37
4.34
4.29
4.28
4.28
4.27
4.3
4.34
4.35
4.39
4.39
4.37
4.36
4.39
4.47
4.5
4.43
4.41
4.44
4.44
4.45
4.44
4.45
4.48
4.47
4.48
4.49
4.46
4.48
4.44
4.35
4.32
4.41
4.48
4.46
4.45
4.48
4.48
4.5
4.52
4.56
4.63
4.64
4.63
4.63
4.62
4.65
4.67
4.76
4.83
4.79
4.81
4.85
4.84
4.84
4.8
4.8
4.77
4.83
4.87
4.94
5.07
5.14
5.13
5.1
5.17
5.16
5.18
5.16
5.14
5.15
5.14
5.12
5.07
5.04
5.01
4.98
4.95
4.92
4.89
4.85
4.81
4.77
4.73
4.75
4.73
4.72
4.69
4.66
4.64
4.61
4.55
4.52
4.48
4.46
4.44
4.44
4.45
4.46
4.46
4.45
4.42
4.39
4.38
4.41
4.4
4.43
4.45
4.5
4.54
4.59
4.63
4.6
4.63
4.66
4.69
4.69
4.73
4.78
4.81
4.88
4.98
5.04
5.07
5.09
5.12
5.14
5.16
5.17
5.15
5.15
5.16
5.17
5.19
5.2
5.22
5.23
5.25
5.27
5.3
5.31
5.29
5.29
5.27
5.26
5.26
5.27
5.26
5.27
5.27
5.26
5.28
5.3
5.29
5.3
5.33
5.38
5.42
5.44
5.44
5.45
5.46
5.45
5.46
5.47
5.51
5.54
5.55
5.56
5.57
5.55
5.56
5.55
5.54
5.52
5.51
5.52
5.58
5.58
5.58
5.6
5.65
5.68
5.68
5.65
5.65
5.68
5.68
5.63
5.68
5.75
5.79
5.79
5.79
5.79
5.83
5.87
5.88
5.91
5.92
5.92
5.93
5.93
5.96
5.98
6.0
6.02
6.02
6.01
6.01
6.01
6.0
6.0
5.99
5.99
6.0
5.98
5.96
5.97
5.96
5.97
5.98
5.97
5.96
5.96
5.97
5.99
5.98
5.95
5.96
5.95
5.96
5.97
5.97
5.95
5.95
5.98
5.94
5.95
5.95
5.97
5.99
5.99
6.0
5.99
6.04
6.01
6.03
6.11
6.14
6.16
6.16
6.21
6.26
6.24
6.26
6.31
6.31
6.28
6.29
6.34
6.37
6.37
6.37
6.44
6.42
6.52
6.58
6.55
6.56
6.57
6.6
6.6
6.61
6.58
6.57
6.55
6.56
6.57
6.6
6.58
6.55
6.57
6.58
6.58
6.6
6.6
6.57
6.55
6.53
6.52
6.5
6.5
6.51
6.52
6.37
6.28
6.23
6.19
6.14
6.04
5.99
5.99
6.01
6.0
5.94
5.9
5.8
5.72
5.73
5.68
5.51
5.49
5.47
5.45
5.4
5.44
5.51
5.46
5.55
5.6
5.57
5.53
5.45
5.29
5.19
5.14
5.15
5.21
5.22
5.25
5.17
4.99
5.03
5.03
5.09
5.1
5.13
5.06
4.83
4.83
4.8
4.89
5.04
4.8
4.65
4.6
4.58
4.46
4.42
4.35
4.41
4.34
4.37
4.32
4.2
4.16
4.13
4.16
4.1
4.11
4.07
4.07
4.08
4.07
4.06
4.05
4.04
4.03
3.99
3.97
3.97
3.99
3.96
3.94
3.9
3.9
3.91
3.94
3.92
3.91
3.89
3.84
3.85
3.85
3.83
3.84
3.88
3.88
3.91
3.93
3.97
3.96
4.07
4.27
4.36
4.42
4.57
4.7
4.75
4.86
4.98
5.01
5.32
5.42
5.64
5.8
5.99
6.2
6.27
6.6
6.48
6.35
5.7
5.54
5.55
5.58
5.62
5.65
5.61
5.61
5.6
5.63
5.67
5.68
5.62
5.61
5.62
5.63
5.64
5.62
5.59
5.56
5.57
5.56
5.55
5.52
5.45
5.37
5.27
5.26
5.32
5.25
5.38
5.34
5.14
4.95
4.89
4.98
4.99
4.95
4.99
5.11
5.13
5.03
4.99
4.94
4.98
4.96
4.85
4.75
4.68
4.7
4.78
4.92
4.91
4.84
4.83
4.71
4.6
4.47
4.29
4.26
4.35
4.34
4.36
4.4
4.38
4.37
4.37
4.41
4.39
4.38
4.39
4.35
4.37
4.37
4.42
4.43
4.41
4.43
4.46
4.34
4.35
4.39
4.4
4.38
4.4
4.45
4.46
4.43
4.47
4.54
4.5
4.52
4.51
4.48
4.53
4.6
4.55
4.61
4.61
4.62
4.62
4.66
4.69
4.64
4.67
4.69
4.66
4.68
4.75
4.79
4.79
4.89
4.92
4.9
5.01
5.1
5.52
5.56
5.49
5.5
5.47
5.44
5.44
5.45
5.42
5.47
5.52
5.6
5.58
5.64
5.64
5.63
5.64
5.67
5.7
5.68
5.61
5.64
5.54
5.51
5.51
5.51
5.51
5.45
5.44
5.43
5.37
5.34
5.3
5.33
5.17
4.95
4.79
4.67
4.65
4.63
4.53
4.54
4.53
4.54
4.55
4.54
4.53
4.51
4.5
4.5
4.48
4.44
4.41
4.31
4.27
4.25
4.25
4.26
4.26
4.26
4.27
4.26
4.26
4.26
4.24
4.23
4.25
4.24
4.02
4.12
4.08
4.06
3.99
4.02
4.08
3.93
3.93
3.82
3.81
3.84
3.95
3.8
3.63
3.61
3.65
3.6
3.61
3.55
3.38
3.36
3.32
3.29
3.3
3.29
3.24
3.24
3.23
3.19
3.18
3.2
3.2
3.24
3.38
3.32
3.3
3.14
3.14
3.14
3.16
3.2
3.22
3.2
3.18
3.15
3.06
3.07
3.15
3.06
3.05
3.08
3.06
3.05
3.0
2.97
2.97
3.01
3.07
3.1
3.22
3.25
3.28
3.33
3.28
3.25
3.21
3.19
3.27
3.29
3.3
3.36
3.4
3.39
3.3
3.26
3.3
3.39
3.47
3.5
3.48
3.57
3.57
3.56
3.57
3.59
3.65
3.74
3.83
3.97
4.08
4.24
4.42
4.56
4.66
4.84
5.13
5.32
5.26
5.21
5.03
4.64
4.51
4.44
4.4
4.33
4.29
4.24
4.21
4.19
4.16
4.17
4.17
4.18
4.16
4.13
4.08
4.06
4.03
4.01
3.98
3.98
3.94
3.94
3.92
3.9
3.86
3.82
3.81
3.76
3.77
3.77
3.77
3.78
3.79
3.78
3.77
3.77
3.77
3.76
3.74
3.75
3.73
3.72
3.69
3.68
3.67
3.65
3.62
3.61
3.61
3.61
3.59
3.57
3.58
3.56
3.53
3.49
3.47
3.46
3.42
3.39
3.37
3.36
3.33
3.32
3.36
3.37
3.36
3.35
3.35
3.35
3.33
3.31
3.35
3.37
3.38
3.41
3.41
3.4
3.38
3.37
3.36
3.36
3.36
3.36
3.38
3.39
3.39
3.38
3.44
3.44
3.44
3.43
3.42
3.42
3.41
3.41
3.42
3.43
3.43
3.41
3.38
3.4
3.42
3.46
3.51
3.5
3.5
3.48
3.44
3.39
3.41
3.36
3.34
3.34
3.36
3.4
3.43
3.44
3.45
3.46
3.47
3.48
3.5
3.53
3.55
3.58
3.61
3.65
3.69
3.75
3.8
3.83
3.84
3.87
3.9
3.96
3.98
3.98
3.96
3.98
4.0
4.06
4.1
4.14
4.18
4.19
4.25
4.28
4.29
4.28
4.28
4.29
4.3
4.29
4.28
4.28
4.29
4.31
4.32
4.34
4.34
4.34
4.33
4.33
4.34
4.32
4.32
4.33
4.34
4.35
4.36
4.36
4.35
4.35
4.34
4.33
4.3
4.3
4.3
4.31
4.31
4.32
4.33
4.34
4.34
4.36
4.35
4.37
4.39
4.4
4.42
4.45
4.48
4.5
4.54
4.57
4.6
4.61
4.63
4.64
4.65
4.66
4.69
4.72
4.74
4.76
4.77
4.78
4.79
4.78
4.78
4.79
4.81
4.85
4.91
4.99
5.04
5.11
5.16
5.21
5.23
5.27
5.3
5.35
5.39
5.46
5.5
5.51
5.55
5.54
5.52
5.51
5.52
5.51
5.5
5.48
5.39
5.25
5.1
5.02
4.97
4.92
4.89
4.84
4.75
4.69
4.61
4.48
4.39
4.31
4.23
4.21
4.2
4.22
4.19
4.16
4.15
4.14
4.15
4.18
4.23
4.25
4.27
4.28
4.3
4.24
4.27
4.3
4.33
4.38
4.41
4.45
4.41
4.42
4.35
4.38
4.38
4.38
4.37
4.34
4.34
4.35
4.35
4.34
4.32
4.3
4.3
4.29
4.24
4.23
4.23
4.2
4.15
4.13
4.1
4.08
4.11
4.12
4.15
4.16
4.17
4.17
4.16
4.17
4.15
4.15
4.15
4.13
4.1
4.09
4.1
4.11
4.11
4.12
4.14
4.15
4.15
4.2
4.22
4.25
4.28
4.27
4.28
4.31
4.31
4.28
4.26
4.24
4.24
4.27
4.33
4.39
4.42
4.49
4.54
4.58
4.63
4.7
4.74
4.8
4.84
4.88
4.95
5.1
5.28
5.35
5.39
5.43
5.47
5.48
5.51
5.54
5.56
5.59
5.62
5.65
5.66
5.68
5.68
5.69
5.67
5.67
5.68
5.66
5.65
5.63
5.65
5.65
5.65
5.64
5.63
5.63
5.63
5.63
5.61
5.6
5.58
5.56
5.54
5.52
5.49
5.49
5.48
5.47
5.45
5.46
5.48
5.49
5.49
5.51
5.52
5.53
5.53
5.55
5.58
5.59
5.61
5.62
5.64
5.65
5.66
5.67
5.67
5.67
5.67
5.67
5.69
5.66
5.66
5.68
5.71
5.75
5.87
5.89
5.72
5.63
5.57
5.56
5.58
5.61
5.48
5.18
5.05
4.93
4.88
4.84
4.74
4.75
4.77
4.79
4.79
4.72
4.56
4.46
4.42
4.38
4.34
4.33
4.23
4.23
4.16
4.14
4.16
4.16
4.14
4.07
4.05
4.03
4.05
4.06
4.05
4.03
4.02
4.04
4.01
3.98
3.94
3.91
3.88
3.87
3.87
3.89
4.04
4.01
