8.29
8.32
8.33
8.25
8.06
8.13
8.18
8.33
8.36
8.22
8.1
8.26
8.17
8.13
8.16
7.96
7.79
7.95
7.84
7.75
7.66
7.55
7.39
7.34
7.29
7.56
7.54
7.7
7.7
7.74
7.72
7.93
7.91
7.9
7.9
7.87
7.97
7.86
7.91
7.94
7.96
7.72
7.83
7.97
7.87
7.43
7.52
7.49
7.42
7.38
7.18
7.32
7.34
7.45
7.42
7.27
7.15
6.97
7.21
7.36
7.42
7.19
7.11
7.2
7.21
7.2
7.24
7.25
7.26
7.27
7.25
7.24
7.23
7.22
7.22
7.22
7.28
7.26
7.24
7.23
7.24
7.29
7.28
7.25
7.16
7.12
7.1
7.1
7.09
7.1
7.08
7.06
7.07
7.03
7.01
7.01
6.98
6.96
6.96
6.94
6.89
6.86
6.84
6.82
6.83
6.81
6.8
6.78
6.78
6.81
6.74
6.65
6.57
6.52
6.45
6.47
6.47
6.55
6.51
6.53
6.62
6.67
6.73
6.74
6.76
6.75
6.77
6.82
6.85
6.95
7.01
7.06
7.12
7.24
7.32
7.44
7.64
7.8
7.94
8.15
8.24
8.41
8.45
8.55
8.55
8.54
8.63
8.6
8.6
8.64
8.65
8.65
8.65
8.6
8.31
8.12
8.14
8.1
7.9
7.96
7.84
7.71
7.5
7.5
7.44
7.23
7.29
7.46
7.29
7.06
7.07
7.1
6.55
6.87
7.09
7.18
7.29
7.07
7.22
7.72
7.59
7.97
7.9
7.77
7.82
7.69
7.69
7.61
7.49
7.47
7.31
7.41
7.39
7.23
7.23
7.19
7.28
7.37
7.43
7.5
7.46
7.51
7.59
7.53
7.37
7.58
8.48
8.56
8.55
8.59
8.61
8.61
8.57
8.51
8.45
8.41
8.38
8.3
8.17
8.07
7.92
7.82
7.8
7.89
7.87
8.03
8.1
7.98
7.88
7.57
7.6
7.58
7.59
7.52
7.5
7.49
7.51
7.51
7.59
7.72
7.63
7.53
7.54
7.53
7.51
7.52
7.51
7.48
7.51
7.49
7.44
7.41
7.36
7.38
7.36
7.37
7.36
7.27
7.28
7.25
7.25
7.22
7.21
7.27
7.37
7.37
7.36
7.44
7.45
7.61
7.98
8.03
7.93
7.92
7.82
7.72
7.84
7.7
7.49
7.43
7.32
7.18
7.04
6.93
6.83
6.83
6.81
6.8
6.89
6.85
6.82
6.83
6.76
6.75
6.7
6.74
6.81
6.81
6.81
6.81
6.74
6.77
6.78
6.82
6.81
6.87
6.99
6.99
6.95
6.96
7.0
6.96
7.08
7.09
7.06
7.1
7.19
7.24
7.29
7.27
7.28
7.4
7.46
7.42
7.51
7.59
7.55
7.56
7.65
7.67
7.73
7.7
7.64
7.64
7.64
7.68
8.0
8.23
8.32
8.41
8.43
8.49
8.51
8.48
8.48
8.5
8.58
8.61
8.65
8.59
8.61
8.59
8.53
8.47
8.43
8.4
8.41
8.44
8.43
8.36
8.36
8.35
8.35
8.32
8.32
8.25
8.23
8.22
8.16
8.1
8.11
8.11
8.08
8.05
8.0
7.95
7.89
7.85
7.8
7.75
7.75
7.69
7.6
7.54
7.49
7.46
7.41
7.37
7.32
7.31
7.31
7.33
7.35
7.36
7.35
7.32
7.3
7.29
7.27
7.28
7.25
7.27
7.29
7.34
7.35
7.32
7.31
7.29
7.27
7.28
7.21
7.18
7.18
7.16
7.14
7.13
7.14
7.12
7.1
7.12
7.09
7.12
7.11
7.08
7.09
7.12
7.09
7.08
7.1
7.11
7.08
7.18
7.33
7.44
7.38
7.36
7.35
7.32
7.33
7.39
7.43
7.46
7.36
7.37
7.11
6.97
7.03
7.14
6.97
6.89
6.91
7.01
7.12
7.2
7.24
7.22
7.39
7.45
7.63
7.84
7.98
8.3
8.31
8.01
7.67
7.62
7.79
7.61
7.45
7.51
7.39
7.06
7.13
7.2
7.06
7.13
6.83
6.93
7.11
6.95
6.87
6.88
6.97
6.86
6.88
7.02
7.09
7.07
6.9
6.7
6.74
6.76
6.81
6.88
6.94
6.71
6.49
6.52
6.65
6.75
6.81
6.81
6.79
6.76
6.75
6.75
6.75
6.76
6.76
6.78
6.75
6.7
6.64
6.59
6.55
6.5
6.46
6.43
6.41
6.38
6.36
6.38
6.39
6.41
6.41
6.39
6.4
6.39
6.4
6.41
6.41
6.41
6.42
6.42
6.43
6.44
6.45
6.46
6.48
6.47
6.45
6.44
6.45
6.47
6.47
6.47
6.45
6.44
6.42
6.4
6.39
6.37
6.35
6.37
6.4
6.43
6.47
6.48
6.52
6.54
6.58
6.59
6.64
6.66
6.67
6.7
6.73
6.74
6.78
6.84
6.8
6.75
6.74
6.64
6.61
6.52
6.54
6.54
6.55
6.62
6.49
6.4
6.39
6.25
6.32
6.32
6.29
6.23
6.37
6.32
6.37
6.3
6.3
6.31
6.39
6.38
6.25
6.18
6.06
6.0
5.72
5.73
5.8
5.9
5.84
5.89
5.93
5.93
5.92
5.97
6.05
6.12
6.21
6.22
6.24
6.18
6.25
6.21
6.25
6.32
6.39
6.45
6.48
6.42
6.47
6.53
6.66
6.61
6.64
6.65
6.64
6.67
6.72
6.73
6.74
6.91
7.42
7.54
7.58
7.57
7.53
7.46
7.39
7.31
7.28
7.27
7.32
7.32
7.34
7.36
7.39
7.38
7.26
7.15
7.13
7.12
7.14
7.07
7.0
6.95
6.89
6.86
6.84
6.84
6.84
6.86
6.86
6.87
6.89
6.88
6.87
6.87
6.99
7.0
6.97
6.97
6.98
6.99
6.98
7.03
7.05
7.03
7.05
7.07
7.05
7.11
7.13
7.13
7.14
7.06
7.07
7.22
7.17
7.24
7.31
7.34
7.38
7.44
7.45
7.6
7.59
7.5
7.56
7.64
7.73
7.77
7.78
7.8
7.65
7.59
7.58
7.61
7.66
7.67
7.67
7.69
7.75
7.61
7.39
7.36
7.25
7.25
7.12
7.01
6.86
6.87
6.9
6.85
6.89
6.87
6.72
6.92
6.99
6.75
6.78
6.74
6.68
6.67
6.7
6.63
6.59
6.58
6.66
6.55
6.6
6.55
6.33
6.45
6.35
6.34
6.39
6.32
6.23
6.18
6.53
6.56
6.63
6.86
6.81
6.54
6.26
6.14
6.21
6.34
6.38
6.32
6.35
6.44
6.55
6.73
6.79
6.9
6.97
7.05
7.09
7.15
7.11
7.11
7.16
7.13
7.12
7.12
7.12
7.1
7.1
7.03
6.85
6.83
6.8
6.79
6.83
6.82
6.78
6.7
6.65
6.64
6.65
6.66
6.68
6.71
6.74
6.79
6.81
6.84
6.84
6.85
6.85
6.84
6.83
6.83
6.86
6.85
6.82
6.81
6.8
6.78
6.74
6.72
6.68
6.64
6.56
6.57
6.63
6.67
6.62
6.6
6.61
6.65
6.66
6.64
6.65
6.63
6.63
6.66
6.62
6.68
6.68
6.63
6.64
6.48
6.39
6.37
6.36
6.43
6.48
6.37
6.38
6.38
6.32
6.37
6.31
6.23
6.09
6.01
5.98
5.98
6.0
6.01
6.05
5.96
5.97
6.0
5.97
5.94
5.99
5.98
5.99
5.99
5.86
5.86
5.84
5.88
5.9
5.93
5.94
5.96
6.07
6.16
6.1
6.07
6.01
5.9
6.03
6.12
6.15
6.04
6.08
6.07
6.05
6.19
6.18
6.12
6.17
6.08
6.23
6.22
6.08
6.12
6.14
6.24
6.34
6.32
6.3
6.4
6.39
6.45
6.37
6.47
6.48
6.4
6.3
6.3
6.44
6.27
6.24
6.35
6.36
6.43
6.5
6.52
6.55
6.55
6.52
6.52
6.5
6.46
6.46
6.5
6.52
6.56
6.54
6.53
6.5
6.48
6.55
6.62
6.63
6.65
6.65
6.66
6.67
6.68
6.83
6.8
6.72
6.72
6.7
6.64
6.6
6.64
6.7
6.69
6.63
6.66
6.72
6.74
6.74
6.73
6.72
6.68
6.69
6.68
6.68
6.62
6.59
6.59
6.61
6.57
6.53
6.53
6.51
6.5
6.51
6.51
6.48
6.43
6.24
6.14
6.25
6.22
6.2
6.25
6.24
6.24
6.28
6.31
6.35
6.35
6.41
6.46
6.48
6.55
6.58
6.64
6.68
6.74
6.78
6.85
6.93
7.04
7.07
7.12
7.23
7.38
7.33
7.35
7.11
7.17
7.18
7.26
7.23
7.2
7.22
7.23
7.26
7.29
7.26
7.31
7.4
7.38
7.25
7.26
7.3
7.44
7.42
7.42
7.46
7.57
7.64
7.66
7.59
7.34
7.28
7.25
7.24
7.32
7.42
7.32
7.07
7.1
6.99
7.06
7.11
7.0
6.99
7.02
7.13
7.24
7.72
7.71
7.87
8.27
8.33
8.72
9.04
9.07
9.04
9.39
9.5
9.42
9.08
8.98
8.9
8.94
8.84
8.88
8.84
8.86
8.89
8.88
8.89
8.86
8.77
8.31
7.99
7.59
7.42
7.12
7.06
7.14
7.19
7.28
7.41
7.62
7.82
7.82
7.75
7.57
7.57
7.64
7.47
7.56
7.66
7.79
7.88
7.87
7.9
7.7
7.7
7.82
7.93
7.75
7.69
7.64
7.43
7.21
7.22
7.35
7.37
7.58
7.54
7.56
7.67
7.78
7.71
7.63
7.61
7.67
7.78
7.78
7.77
7.76
7.76
7.81
7.78
7.82
7.74
7.66
7.61
7.62
7.63
7.73
7.77
7.95
8.05
8.02
8.06
8.02
7.95
7.86
7.77
7.65
7.58
7.57
7.54
7.52
7.48
7.55
7.59
7.65
7.64
7.79
7.77
7.73
7.66
7.59
7.71
7.76
7.92
7.86
7.72
7.9
7.59
7.47
7.55
7.57
7.33
7.51
7.45
7.33
7.37
7.33
7.31
7.38
7.38
7.19
7.14
7.43
7.38
7.09
6.99
6.93
6.91
7.02
6.86
6.88
6.9
7.12
7.25
7.48
7.78
7.83
8.08
8.09
7.78
7.42
7.67
7.84
7.7
7.63
