3.1
3.18
3.17
3.2
3.22
3.26
3.31
3.36
3.35
3.43
3.49
3.49
3.57
3.62
3.67
3.73
3.83
3.88
3.93
4.02
4.06
4.13
4.22
4.29
4.36
4.39
4.42
4.43
4.5
4.49
4.57
4.55
4.51
4.55
4.53
4.59
4.72
4.66
4.6
4.53
4.66
4.71
4.72
4.64
4.62
4.62
4.65
4.57
4.64
4.68
4.77
4.82
4.84
4.88
4.89
4.87
4.78
4.69
4.53
4.38
4.28
4.3
4.31
4.34
4.41
4.5
4.54
4.57
4.56
4.53
4.47
4.37
4.56
4.55
4.56
4.49
4.32
4.38
4.31
4.3
4.27
4.25
4.23
4.35
4.31
4.23
4.26
4.24
4.21
4.23
4.3
4.31
4.29
4.13
4.15
4.17
4.14
4.19
4.06
4.02
3.97
3.96
3.99
3.96
3.97
4.0
4.02
4.03
3.97
3.93
3.89
3.85
3.82
3.83
3.85
3.76
3.81
3.81
3.85
3.85
3.8
3.74
3.76
3.71
3.59
3.54
3.63
3.65
3.69
3.72
3.74
3.74
3.62
3.49
3.45
3.45
3.52
3.53
3.5
3.57
3.58
3.57
3.51
3.44
3.56
3.38
3.46
3.6
3.64
3.55
3.55
3.64
3.69
3.67
3.76
3.87
3.93
3.96
3.98
4.0
4.03
4.11
4.15
4.21
4.25
4.31
4.36
4.34
4.36
4.41
4.46
4.53
4.55
4.53
4.47
4.51
4.46
4.42
4.46
4.48
4.48
4.49
4.48
4.46
4.45
4.41
4.37
4.36
4.36
4.38
4.33
4.38
4.35
4.35
4.3
4.31
4.34
4.37
4.35
4.42
4.45
4.44
4.49
4.48
4.43
4.46
4.48
4.47
4.52
4.58
4.65
4.72
4.73
4.68
4.59
4.51
4.54
4.55
4.56
4.54
4.53
4.47
4.28
4.19
4.13
4.08
4.09
4.15
4.12
4.14
4.22
4.21
4.22
4.22
4.23
4.24
4.2
4.2
4.23
4.25
4.22
4.22
4.22
4.22
4.21
4.18
4.12
4.09
4.06
4.02
3.97
3.86
3.62
3.79
3.73
3.73
3.7
3.58
3.58
3.49
3.35
3.34
3.41
3.48
3.57
3.66
3.77
3.85
3.9
3.95
4.03
4.13
4.23
4.33
4.39
4.47
4.54
4.61
4.66
4.7
4.73
4.76
4.79
4.82
4.84
4.85
4.87
4.88
4.9
4.93
4.97
4.98
5.0
5.06
5.16
5.24
5.35
5.45
5.29
5.2
5.25
5.07
4.93
4.93
4.96
4.92
4.86
4.9
4.99
4.88
4.83
4.73
4.72
4.73
4.68
4.7
4.67
4.62
4.63
4.62
4.66
4.65
4.61
4.61
4.63
4.49
4.44
4.36
4.35
4.4
4.48
4.52
4.49
4.54
4.46
4.42
4.37
4.32
4.3
4.26
4.26
4.23
4.25
4.21
4.21
4.16
4.17
4.17
4.19
4.29
4.25
4.21
4.2
4.16
4.13
4.14
4.1
4.08
4.09
4.1
4.1
4.11
4.17
4.25
4.29
4.3
4.3
4.29
4.3
4.32
4.34
4.36
4.35
4.34
4.32
4.24
4.2
4.19
4.18
4.18
4.14
4.14
4.15
4.17
4.17
4.17
4.18
4.21
4.24
4.28
4.32
4.34
4.36
4.4
4.44
4.51
4.59
4.65
4.65
4.67
4.73
4.81
4.87
4.89
4.91
4.94
4.97
5.0
5.02
5.07
5.12
5.16
5.21
5.27
5.31
5.33
5.38
5.4
5.44
5.51
5.55
5.59
5.61
5.64
5.66
5.7
5.74
5.76
5.77
5.79
5.82
5.91
5.97
5.95
5.93
5.94
5.94
5.96
5.98
6.01
6.03
6.05
6.07
6.08
6.17
6.18
6.19
6.22
6.24
6.26
6.27
6.28
6.29
6.29
6.31
6.3
6.34
6.36
6.34
6.34
6.36
6.38
6.41
6.43
6.53
6.61
6.58
6.56
6.61
6.61
6.6
6.58
6.56
6.55
6.55
6.54
6.53
6.54
6.55
6.55
6.55
6.54
6.55
6.56
6.58
6.57
6.56
6.6
6.61
6.65
6.69
6.7
6.7
6.68
6.64
6.64
6.65
6.65
6.62
6.58
6.55
6.52
6.51
6.5
6.48
6.45
6.45
6.44
6.42
6.44
6.42
6.42
6.41
6.39
6.36
6.32
6.27
6.25
6.2
6.17
6.14
6.1
6.06
6.01
5.98
5.85
5.72
5.62
5.64
5.67
5.67
5.63
5.61
5.64
5.65
5.63
5.6
5.59
5.51
5.41
5.36
5.33
5.32
5.25
5.18
5.19
5.21
5.19
5.15
5.15
5.18
5.2
5.23
5.27
5.31
5.34
5.36
5.37
5.4
5.41
5.43
5.44
5.45
5.44
5.42
5.42
5.41
5.42
5.44
5.44
5.48
5.52
5.56
5.58
5.57
5.56
5.55
5.54
5.55
5.56
5.57
5.6
5.61
5.63
5.61
5.61
5.62
5.62
5.57
5.53
5.56
5.54
5.58
5.57
5.51
5.43
5.44
5.43
5.41
5.34
5.39
5.41
5.4
5.44
5.49
5.45
5.41
5.39
5.4
5.32
5.34
5.4
5.45
5.41
5.4
5.41
5.45
5.33
5.31
5.29
5.25
5.27
5.27
5.26
5.28
5.27
5.27
5.27
5.25
5.22
5.25
5.24
5.24
5.18
5.15
5.15
5.08
5.03
5.0
4.97
4.92
4.89
4.87
4.87
4.89
4.91
4.91
4.91
4.91
4.92
4.92
4.93
4.92
4.94
4.95
4.94
4.95
4.97
4.95
4.94
4.94
4.88
4.84
4.83
4.83
4.83
4.83
4.83
4.85
4.87
4.91
4.94
4.98
5.02
5.05
5.07
5.09
5.13
5.14
5.14
5.14
5.14
5.14
5.14
5.13
5.12
5.12
5.13
5.1
5.09
5.07
5.06
5.04
5.02
5.02
4.99
4.98
4.97
4.94
4.91
4.9
4.87
4.84
4.83
4.82
4.82
4.83
4.84
4.85
4.87
4.85
4.8
4.79
4.78
4.78
4.78
4.81
4.79
4.78
4.76
4.74
4.73
4.75
4.74
4.77
4.78
4.81
4.83
4.87
4.88
4.87
4.91
4.93
4.98
4.97
4.92
4.97
4.97
4.99
4.99
4.99
4.97
5.08
5.07
5.06
5.04
5.03
5.09
5.06
5.06
5.1
5.15
5.12
5.11
5.08
5.11
5.2
5.17
5.25
5.3
5.36
5.39
5.4
5.46
5.41
5.43
5.52
5.61
5.66
5.69
5.74
5.82
5.91
6.01
6.06
6.1
6.19
6.21
6.26
6.28
6.25
6.23
6.19
6.18
6.17
6.13
6.17
6.18
6.18
6.18
6.19
6.2
6.21
6.17
6.16
6.15
6.21
6.24
6.28
6.31
6.27
6.25
6.16
6.05
5.94
5.87
5.83
5.82
5.81
5.8
5.79
5.79
5.79
5.84
5.82
5.72
5.63
5.61
5.53
5.48
5.4
5.36
5.35
5.29
5.21
5.16
5.13
5.11
5.12
5.07
4.99
4.94
4.93
4.93
4.94
4.94
4.95
4.97
4.98
4.96
4.95
4.89
4.82
4.79
4.78
4.8
4.85
4.91
4.95
4.99
5.04
5.12
5.14
5.15
5.11
5.08
5.08
5.05
5.04
5.03
5.05
5.11
5.18
5.18
5.13
5.11
5.11
5.09
5.06
5.04
5.07
5.15
5.21
5.3
5.31
5.29
5.32
5.37
5.33
5.33
5.32
5.34
5.3
5.32
5.31
5.27
5.23
5.18
5.13
5.21
5.19
5.19
5.17
5.17
5.28
5.27
5.25
5.22
5.19
5.21
5.21
5.23
5.21
5.2
5.21
5.26
5.3
5.36
5.38
5.42
5.4
5.37
5.35
5.41
5.41
5.41
5.41
5.38
5.31
5.29
5.36
5.35
5.33
5.35
5.31
5.23
5.2
5.14
5.07
5.02
5.03
5.03
5.04
5.06
5.08
5.09
5.11
5.13
5.12
5.11
5.11
5.13
5.16
5.18
5.2
5.21
5.2
5.19
5.2
5.21
5.24
5.25
5.26
5.27
5.27
5.27
5.27
5.27
5.27
5.27
5.27
5.26
5.25
5.24
5.24
5.23
5.23
5.24
5.24
5.24
5.24
5.23
5.24
5.22
5.21
5.2
5.19
5.17
5.16
5.15
5.14
5.13
5.14
5.11
5.09
5.09
5.08
5.05
5.03
5.0
4.96
4.92
4.91
4.91
4.91
4.91
4.88
4.87
4.85
4.85
4.87
4.85
4.81
4.8
4.78
4.78
4.76
4.76
4.74
4.74
4.74
4.81
4.81
4.87
4.93
4.97
5.02
5.09
5.12
5.2
5.22
5.28
5.3
5.33
5.24
5.25
5.28
5.26
5.29
5.27
5.25
5.25
5.3
5.23
5.25
4.58
4.51
4.6
4.6
4.52
4.49
4.83
5.04
5.05
4.67
4.88
5.01
4.97
4.82
4.71
4.8
4.74
4.69
4.59
4.55
4.19
4.13
4.11
4.15
4.34
4.44
4.5
4.62
4.61
4.31
4.3
4.42
4.52
4.58
4.48
4.46
4.52
4.54
4.55
4.53
4.55
4.55
4.54
4.53
4.56
4.57
4.6
4.6
4.51
4.44
4.38
4.39
4.39
4.39
4.37
4.36
4.39
4.43
4.48
4.53
4.57
4.62
4.66
4.7
4.72
4.73
4.75
4.78
4.8
4.8
4.79
4.78
4.78
4.78
4.78
4.8
4.79
4.78
4.74
4.71
4.71
4.75
4.78
4.78
4.75
4.72
4.71
4.72
4.72
4.7
4.71
4.71
4.73
4.71
4.71
4.71
4.71
4.69
4.68
4.67
4.66
4.65
4.67
4.68
4.69
4.69
4.71
4.72
4.73
4.74
4.74
4.75
4.76
4.77
4.79
4.83
4.88
4.95
5.04
5.17
5.23
5.32
5.48
5.6
5.7
5.77
5.82
5.89
5.91
5.98
5.98
5.97
5.99
6.04
6.14
6.13
6.15
6.15
6.22
6.21
6.16
6.13
6.23
6.09
5.96
6.04
5.92
5.85
5.77
5.83
5.82
5.65
5.59
5.6
5.53
5.49
5.56
5.55
5.53
5.57
5.56
5.6
5.6
5.53
5.54
