5.86
5.85
5.85
5.84
5.86
5.86
5.83
5.85
5.8
5.85
5.82
5.86
5.83
5.82
5.82
5.83
5.8
5.82
5.81
5.79
5.81
5.82
5.8
5.85
5.89
5.87
5.86
5.83
5.84
5.89
5.79
5.78
5.76
5.75
5.74
5.71
5.68
5.68
5.68
5.67
5.74
5.7
5.67
5.62
5.54
5.54
5.51
5.51
5.51
5.49
5.48
5.47
5.46
5.45
5.44
5.46
5.49
5.46
5.47
5.48
5.57
5.51
5.49
5.47
5.46
5.47
5.46
5.47
5.45
5.46
5.48
5.52
5.53
5.52
5.52
5.59
5.62
5.66
5.65
5.7
5.6
5.56
5.57
5.6
5.68
5.66
5.67
5.66
5.66
5.65
5.68
5.7
5.6
5.63
5.63
5.56
5.58
5.61
5.59
5.54
5.5
5.51
5.47
5.51
5.58
5.65
5.68
5.62
5.6
5.58
5.58
5.55
5.61
5.67
5.65
5.56
5.67
5.59
5.6
5.57
5.55
5.51
5.56
5.58
5.55
5.51
5.52
5.53
5.45
5.4
5.41
5.45
5.48
5.5
5.49
5.44
5.43
5.43
5.4
5.38
5.3
5.24
5.25
5.25
5.24
5.25
5.21
5.2
5.2
5.2
5.25
5.2
5.21
5.23
5.18
5.19
5.21
5.23
5.24
5.3
5.27
5.24
5.19
5.18
5.16
5.18
5.24
5.23
5.22
5.23
5.22
5.17
5.15
5.12
5.1
5.13
5.2
5.25
5.25
5.23
5.26
5.26
5.21
5.17
5.18
5.11
5.07
5.08
5.1
5.15
5.11
5.03
4.98
4.9
4.94
5.03
5.06
5.02
4.9
4.91
4.88
4.8
4.78
4.79
4.74
4.77
4.78
4.75
4.73
4.74
4.74
4.76
4.79
4.75
4.74
4.75
4.72
4.77
4.83
4.87
4.87
4.85
4.85
4.79
4.76
4.83
4.88
4.9
4.96
4.96
4.94
4.95
4.99
5.0
5.07
5.05
5.15
5.1
5.11
5.15
5.19
5.18
5.24
5.36
5.33
5.37
5.36
5.4
5.47
5.56
5.63
5.58
5.61
5.54
5.54
5.5
5.44
5.42
5.45
5.44
5.39
5.33
5.37
5.41
5.48
5.38
5.3
5.28
5.2
5.19
5.18
5.17
5.17
5.18
5.15
5.17
5.14
5.23
5.26
5.25
5.27
5.27
5.27
5.29
5.29
5.3
5.31
5.29
5.25
5.24
5.25
5.28
5.27
5.26
5.3
5.33
5.41
5.37
5.31
5.3
5.29
5.3
5.34
5.34
5.34
5.42
5.45
5.45
5.46
5.47
5.5
5.53
5.55
5.6
5.63
5.65
5.67
5.69
5.73
5.71
5.73
5.72
5.71
5.71
5.74
5.73
5.77
5.78
5.77
5.81
5.82
5.83
5.86
5.86
5.86
5.86
5.85
5.87
5.85
5.81
5.81
5.8
5.83
5.88
5.9
5.92
5.95
5.98
5.98
6.02
6.01
5.96
5.95
5.97
5.97
6.0
6.04
6.0
5.96
6.02
6.05
6.0
5.96
5.97
6.03
6.02
6.07
6.13
6.15
6.22
6.24
6.18
6.16
6.27
6.26
6.3
6.28
6.32
6.39
6.45
6.5
6.49
6.53
6.5
6.51
6.52
6.55
6.54
6.54
6.54
6.56
6.58
6.57
6.56
6.59
6.56
6.57
6.56
6.59
6.59
6.61
6.52
6.51
6.49
6.49
6.49
6.54
6.54
6.51
6.51
6.52
6.54
6.56
6.57
6.63
6.61
6.68
6.63
6.61
6.61
6.58
6.56
6.55
6.53
6.56
6.58
6.55
6.54
6.52
6.5
6.51
6.52
6.48
6.43
6.4
6.39
6.38
6.38
6.38
6.38
6.41
6.42
6.4
6.38
6.38
6.39
6.37
6.41
6.38
6.35
6.33
6.3
6.28
6.28
6.26
6.25
6.24
6.23
6.2
6.2
6.18
6.19
6.2
6.2
6.22
6.17
6.15
6.14
6.13
6.12
6.09
6.08
6.06
6.08
6.07
6.02
6.01
6.03
6.02
6.0
6.03
5.99
5.99
5.97
5.96
5.95
5.91
5.89
5.86
5.85
5.84
5.84
5.84
5.85
5.83
5.82
5.82
5.83
5.82
5.79
5.78
5.79
5.77
5.77
5.77
5.75
5.75
5.78
5.78
5.79
5.78
5.79
5.8
5.8
5.82
5.87
5.9
5.89
5.87
5.96
5.95
5.91
5.81
5.79
5.76
5.74
5.74
5.69
5.76
5.82
5.85
5.81
5.74
5.79
5.8
5.86
5.95
5.92
5.93
5.96
5.94
5.87
5.88
5.87
5.87
5.86
5.78
5.79
5.84
5.7
5.7
5.85
5.89
5.93
5.91
5.97
6.06
6.03
6.02
5.99
6.0
5.96
5.88
5.87
5.87
5.94
5.98
5.98
5.96
5.94
5.91
5.93
6.06
6.12
6.11
6.1
6.08
6.08
6.07
6.06
6.04
6.01
6.01
5.99
5.98
6.0
5.98
5.95
5.93
5.9
5.81
5.63
5.52
5.47
5.47
5.5
5.49
5.46
5.52
5.53
5.48
5.47
5.46
5.46
5.44
5.46
5.44
5.4
5.43
5.41
5.44
5.38
5.33
5.32
5.32
5.28
5.25
5.25
5.23
5.21
5.18
5.14
5.13
5.1
5.05
5.04
5.03
5.02
5.0
4.97
4.96
4.93
4.91
4.91
4.93
4.95
4.94
4.93
4.98
4.97
4.95
4.96
4.96
4.89
4.88
4.87
4.86
4.9
4.91
4.96
4.97
4.94
4.86
4.89
4.92
5.05
5.29
5.43
5.45
5.48
5.54
5.53
5.63
5.7
5.79
5.87
5.98
5.95
5.82
5.83
5.83
5.83
5.83
5.88
5.87
5.88
5.9
5.94
5.98
6.02
6.06
6.06
6.12
6.15
6.19
6.2
6.15
6.15
6.14
6.16
6.16
6.13
6.15
6.13
6.05
6.08
6.13
6.19
6.22
6.24
6.28
6.26
6.26
6.25
6.24
6.24
6.26
6.3
6.35
6.42
6.44
6.44
6.44
6.45
6.42
6.44
6.45
6.46
6.48
6.52
6.52
6.49
6.48
6.53
6.57
6.6
6.61
6.61
6.64
6.67
6.71
6.75
6.78
6.82
6.84
6.89
6.93
6.97
6.98
6.96
6.97
6.98
6.97
6.97
6.95
6.96
6.98
7.0
7.0
7.02
7.04
7.07
7.07
7.11
7.18
7.24
7.17
7.06
7.0
6.93
6.91
6.89
6.88
6.86
6.81
6.78
6.72
6.66
6.58
6.5
6.45
6.38
6.29
6.21
6.12
6.07
6.06
6.05
6.03
6.03
6.01
6.01
6.0
6.01
6.0
5.99
5.98
5.95
5.95
5.93
5.89
5.85
5.81
5.79
5.78
5.75
5.68
5.73
5.76
5.79
5.83
5.85
5.91
5.92
5.93
5.97
6.05
6.06
6.12
6.15
6.08
6.07
6.15
6.11
6.04
5.84
5.86
5.72
5.74
5.68
5.69
5.75
5.74
5.67
5.63
5.7
5.8
5.77
5.87
6.02
6.09
5.97
5.99
6.07
6.06
6.01
6.01
5.98
6.08
6.02
5.96
5.98
6.0
5.97
5.92
5.9
5.93
5.96
5.99
5.98
5.97
5.96
5.87
5.96
6.01
6.03
5.96
5.85
5.74
5.65
5.59
5.75
5.88
5.71
5.67
5.68
5.73
5.65
5.62
5.74
5.85
5.78
5.68
5.66
5.66
5.64
5.54
5.57
5.57
5.53
5.56
5.53
5.53
5.54
5.49
5.4
5.38
5.44
5.39
5.31
5.29
5.31
5.26
5.17
5.14
5.13
5.08
5.02
5.03
5.02
4.98
4.92
4.73
4.74
4.74
4.67
4.6
4.56
4.55
4.53
4.56
4.58
4.59
4.54
4.51
4.5
4.44
4.42
4.43
4.42
4.41
4.4
4.34
4.31
4.29
4.27
4.25
4.26
4.23
4.21
4.18
4.16
4.18
4.16
4.12
4.14
4.11
4.08
4.07
4.09
4.11
4.13
4.13
4.12
4.12
4.12
4.13
4.17
4.24
4.27
4.36
4.39
4.43
4.5
4.64
4.81
4.84
4.8
4.9
5.13
5.38
5.69
5.78
5.94
6.12
6.25
6.38
6.57
7.16
7.76
7.96
8.01
7.91
7.17
6.57
6.47
6.46
6.47
6.48
6.53
6.61
6.63
6.55
6.38
6.05
5.74
5.72
5.68
5.66
5.69
5.73
5.73
5.72
5.7
5.74
5.76
5.76
5.76
5.74
5.72
5.7
5.68
5.65
5.63
5.62
5.6
5.58
5.57
5.53
5.51
5.51
5.51
5.5
5.48
5.49
5.52
5.56
5.55
5.55
5.58
5.59
5.59
5.62
5.58
5.58
5.58
5.49
5.5
5.47
5.45
5.45
5.43
5.44
5.49
5.51
5.52
5.55
5.53
5.51
5.59
5.68
5.65
5.61
5.64
5.71
5.77
5.78
5.74
5.74
5.75
5.73
5.76
5.75
5.67
5.69
5.69
5.74
5.76
5.77
5.78
5.69
5.72
5.72
5.79
5.89
5.89
5.95
5.98
5.94
5.95
5.92
5.88
5.93
5.92
5.9
5.84
5.87
5.91
5.97
5.97
5.96
5.95
5.91
6.04
6.05
6.11
6.12
6.04
6.01
6.06
6.08
6.09
6.12
6.17
6.17
6.2
6.25
6.24
6.26
6.29
6.34
6.34
6.34
6.43
6.51
6.59
6.64
6.72
6.86
6.93
6.98
7.0
7.01
7.1
7.14
7.1
6.93
6.85
6.92
6.98
7.02
7.04
6.97
7.05
7.07
7.07
7.08
7.13
7.16
7.15
7.16
7.18
7.22
7.2
7.16
7.18
7.19
7.21
7.22
7.23
7.26
7.25
7.24
7.22
7.24
7.26
7.27
7.26
7.26
7.24
7.26
7.27
7.27
7.31
7.31
7.33
7.33
7.33
7.27
7.23
7.24
7.24
7.22
7.22
7.2
7.17
7.16
7.14
7.13
7.13
7.14
7.15
7.15
7.15
7.18
7.19
7.2
7.17
7.16
7.18
7.17
7.15
7.16
7.18
7.21
7.21
7.18
7.1
7.05
7.09
7.07
7.07
7.1
7.12
7.12
7.09
7.06
7.07
7.05
7.07
