2.92
2.92
2.91
2.91
2.93
2.94
2.94
2.95
2.96
2.98
3.0
3.01
3.03
3.04
3.06
3.06
3.07
3.07
3.1
3.11
3.12
3.13
3.13
3.13
3.13
3.11
3.1
3.1
3.1
3.09
3.09
3.09
3.1
3.1
3.09
3.08
3.07
3.07
3.05
3.05
3.06
3.05
3.05
3.04
3.02
3.03
3.04
3.01
3.02
3.02
3.01
3.01
3.01
3.01
3.01
3.02
3.02
3.02
2.99
3.0
3.01
3.01
3.0
3.01
3.0
3.0
3.0
3.0
3.01
3.02
3.01
2.99
3.0
3.01
3.01
3.01
3.01
3.01
3.01
3.02
3.01
3.01
3.02
3.05
3.05
3.06
3.04
3.04
3.04
3.05
3.02
3.01
3.01
2.98
2.93
2.92
2.85
2.86
2.88
2.9
2.85
2.86
2.89
2.84
2.85
2.87
2.87
2.87
2.89
2.9
2.89
2.89
2.9
2.9
2.89
2.87
2.87
2.88
2.89
2.9
2.9
2.9
2.91
2.9
2.9
2.89
2.92
2.92
2.91
2.9
2.9
2.91
2.9
2.91
2.88
2.86
2.86
2.86
2.86
2.86
2.85
2.85
2.83
2.83
2.84
2.83
2.84
2.85
2.86
2.87
2.88
2.88
2.89
2.91
2.91
2.9
2.92
2.91
2.92
2.91
2.93
2.9
2.92
2.92
2.91
2.91
2.91
2.9
2.9
2.92
2.89
2.9
2.9
2.89
2.88
2.89
2.88
2.87
2.86
2.86
2.86
2.86
2.86
2.85
2.86
2.86
2.88
2.88
2.87
2.86
2.86
2.85
2.84
2.83
2.82
2.83
2.82
2.82
2.82
2.83
2.81
2.78
2.76
2.76
2.77
2.76
2.75
2.74
2.74
2.74
2.73
2.73
2.73
2.72
2.73
2.73
2.72
2.71
2.71
2.69
2.67
2.66
2.67
2.68
2.67
2.67
2.67
2.68
2.67
2.68
2.69
2.69
2.68
2.7
2.68
2.69
2.68
2.67
2.68
2.68
2.67
2.69
2.67
2.7
2.73
2.72
2.72
2.7
2.7
2.71
2.73
2.72
2.73
2.72
2.72
2.74
2.74
2.75
2.75
2.76
2.74
2.75
2.75
2.72
2.72
2.72
2.71
2.7
2.7
2.71
2.69
2.69
2.66
2.66
2.66
2.64
2.63
2.62
2.63
2.63
2.62
2.63
2.64
2.64
2.63
2.62
2.63
2.63
2.62
2.63
2.63
2.63
2.63
2.63
2.64
2.65
2.63
2.64
2.63
2.66
2.67
2.64
2.61
2.55
2.51
2.53
2.51
2.47
2.47
2.47
2.47
2.46
2.47
2.48
2.49
2.49
2.5
2.5
2.5
2.49
2.42
2.39
2.4
2.39
2.34
2.34
2.34
2.34
2.34
2.33
2.31
2.27
2.25
2.24
2.24
2.24
2.24
2.24
2.25
2.23
2.22
2.22
2.21
2.19
2.19
2.2
2.19
2.2
2.17
2.17
2.14
2.12
2.1
2.08
2.07
2.05
2.04
2.03
2.02
2.01
1.99
1.99
1.97
1.96
1.96
1.98
1.99
2.02
2.03
2.03
2.02
2.03
1.98
1.93
1.92
1.93
1.9
1.91
1.92
1.89
1.9
1.87
1.8
1.81
1.8
1.83
1.83
1.82
1.83
1.83
1.86
1.89
1.92
1.88
1.82
1.78
1.75
1.72
1.71
1.69
1.69
1.69
1.68
1.67
1.68
1.7
1.72
1.71
1.7
1.71
1.72
1.75
1.76
1.77
1.77
1.77
1.75
1.75
1.72
1.7
1.72
1.74
1.73
1.74
1.75
1.77
1.75
1.74
1.73
1.73
1.73
1.72
1.71
1.69
1.69
1.68
1.66
1.66
1.65
1.65
1.65
1.64
1.64
1.63
1.64
1.64
1.63
1.62
1.62
1.62
1.63
1.61
1.6
1.56
1.53
1.5
1.49
1.48
1.47
1.47
1.46
1.46
1.45
1.46
1.45
1.47
1.45
1.46
1.45
1.45
1.45
1.44
1.43
1.43
1.43
1.42
1.42
1.41
1.4
1.4
1.4
1.41
1.41
1.41
1.41
1.41
1.4
1.4
1.39
1.38
1.38
1.38
1.38
1.38
1.37
1.37
1.37
1.36
1.37
1.36
1.36
1.36
1.36
1.36
1.35
1.35
1.34
1.35
1.34
1.33
1.34
1.35
1.35
1.35
1.34
1.36
1.34
1.34
1.33
1.33
1.34
1.36
1.35
1.35
1.37
1.38
1.39
1.39
1.42
1.42
1.42
1.45
1.44
1.45
1.44
1.44
1.44
1.47
1.48
1.49
1.46
1.46
1.48
1.49
1.52
1.53
1.5
1.5
1.53
1.52
1.54
1.53
1.52
1.54
1.55
1.57
1.55
1.55
1.54
1.54
1.54
1.54
1.53
1.52
1.51
1.52
1.51
1.52
1.53
1.53
1.54
1.53
1.53
1.53
1.53
1.53
1.53
1.53
1.54
1.53
1.52
1.51
1.51
1.51
1.51
1.52
1.51
1.49
1.49
1.47
1.47
1.46
1.44
1.42
1.41
1.41
1.41
1.4
1.4
1.39
1.37
1.37
1.36
1.35
1.35
1.35
1.35
1.35
1.35
1.35
1.36
1.36
1.36
1.35
1.34
1.35
1.35
1.35
1.34
1.34
1.33
1.33
1.32
1.32
1.31
1.32
1.31
1.31
1.29
1.3
1.29
1.3
1.3
1.29
1.29
1.29
1.29
1.28
1.29
1.29
1.29
1.29
1.29
1.29
1.3
1.31
1.32
1.32
1.34
1.34
1.33
1.34
1.34
1.35
1.35
1.34
1.33
1.35
1.35
1.33
1.33
1.34
1.34
1.34
1.35
1.39
1.39
1.36
1.35
1.34
1.31
1.32
1.33
1.35
1.36
1.37
1.36
1.36
1.37
1.39
1.42
1.44
1.44
1.43
1.46
1.47
1.47
1.47
1.49
1.46
1.46
1.48
1.46
1.43
1.41
1.48
1.48
1.48
1.46
1.48
1.53
1.51
1.51
1.51
1.52
1.5
1.5
1.48
1.48
1.46
1.45
1.46
1.47
1.5
1.5
1.49
1.49
1.49
1.49
1.49
1.5
1.5
1.5
1.49
1.49
1.46
1.45
1.46
1.48
1.47
1.46
1.46
1.46
1.49
1.45
1.43
1.45
1.42
1.41
1.4
1.4
1.39
1.38
1.38
1.39
1.35
1.36
1.36
1.35
1.33
1.32
1.31
1.31
1.31
1.31
1.29
1.28
1.27
1.25
1.25
1.24
1.24
1.23
1.23
1.22
1.21
1.21
1.22
1.19
1.19
1.19
1.19
1.21
1.18
1.17
1.15
1.15
1.14
1.14
1.12
1.12
1.1
1.1
1.1
1.1
1.1
1.1
1.07
1.1
1.08
1.05
1.06
1.09
1.06
1.07
1.07
1.1
1.09
1.08
1.07
1.07
1.09
1.12
1.13
1.16
1.15
1.18
1.2
1.23
1.27
1.29
1.33
1.37
1.38
1.38
1.39
1.41
1.41
1.4
1.4
1.41
1.43
1.44
1.48
1.51
1.5
1.49
1.48
1.49
1.48
1.45
1.43
1.42
1.33
1.36
1.38
1.31
1.37
1.34
1.34
1.36
1.42
1.37
1.36
1.35
1.4
1.38
1.38
1.37
1.37
1.38
1.38
1.38
1.38
1.38
1.37
1.38
1.39
1.39
1.41
1.42
1.43
1.42
1.42
1.41
1.4
1.4
1.4
1.4
1.4
1.41
1.41
1.41
1.4
1.4
1.39
1.39
1.38
1.38
1.37
1.37
1.37
1.37
1.37
1.37
1.36
1.36
1.36
1.35
1.36
1.36
1.35
1.35
1.36
1.36
1.35
1.34
1.35
1.36
1.36
1.36
1.36
1.35
1.36
1.37
1.37
1.37
1.36
1.35
1.37
1.38
1.39
1.38
1.38
1.38
1.39
1.39
1.39
1.38
1.37
1.39
1.39
1.4
1.42
1.42
1.43
1.43
1.44
1.47
1.45
1.46
1.48
1.49
1.52
1.5
1.51
1.51
1.5
1.51
1.53
1.52
1.54
1.55
1.57
1.59
1.61
1.62
1.63
1.63
1.65
1.67
1.71
1.75
1.77
1.8
1.84
1.86
1.86
1.89
1.92
1.93
1.97
1.95
1.93
1.96
1.96
1.9
1.8
1.74
1.68
1.59
1.54
1.54
1.47
1.43
1.42
1.36
1.36
1.34
1.34
1.34
1.32
1.35
1.32
1.33
1.32
1.32
1.33
1.32
1.29
1.28
1.27
1.29
1.33
1.36
1.6
1.96
1.97
1.97
1.95
1.97
1.95
1.96
1.96
1.96
1.94
1.94
1.94
1.93
1.92
1.91
1.9
1.9
1.9
1.89
1.89
1.9
1.91
1.88
1.88
1.86
1.85
1.85
1.86
1.85
1.84
1.81
1.81
1.83
1.83
1.83
2.03
2.22
2.19
2.17
2.14
2.1
2.14
2.15
2.16
2.16
2.16
2.13
2.14
2.12
2.05
2.05
2.06
2.02
2.05
2.08
2.14
2.11
2.14
2.15
2.17
2.18
2.16
2.18
2.17
2.15
2.16
2.14
2.14
2.14
2.08
2.06
2.06
2.04
2.03
2.0
1.99
2.01
2.06
2.03
2.05
2.05
2.07
2.07
2.08
2.03
2.03
2.06
2.06
2.12
2.08
2.06
2.1
2.12
2.16
2.18
2.19
2.16
2.11
2.12
2.07
2.1
2.08
2.12
2.12
2.18
2.15
2.1
2.08
2.05
2.05
1.9
1.7
1.68
1.75
1.8
1.75
1.59
1.62
1.47
1.5
1.45
1.47
1.44
1.4
1.42
1.42
1.46
1.5
1.46
1.48
1.47
1.54
1.62
1.65
1.64
1.6
1.53
1.5
1.46
1.38
1.35
1.39
1.47
1.48
1.49
1.53
1.56
1.58
1.59
1.62
1.64
1.68
1.73
1.69
1.68
1.73
1.75
1.75
1.76
1.76
1.78
1.77
1.75
1.75
1.75
1.75
1.75
1.75
1.74
1.73
1.72
1.71
1.72
1.72
1.73
1.74
1.75
1.77
1.81
1.79
1.78
1.79
1.78
1.78
1.76
1.76
1.77
1.78
1.77
1.79
1.78
1.79
1.79
1.79
1.78
1.78
1.78
1.78
1.77
1.76
1.76
1.77
1.79
1.77
