2.15
2.18
2.2
2.25
2.32
2.42
2.51
2.56
2.65
2.73
2.81
2.87
2.92
2.99
3.04
3.05
3.04
3.08
3.07
3.06
3.08
3.1
3.11
3.11
3.14
3.16
3.12
3.13
3.13
3.13
3.14
3.18
3.18
3.22
3.26
3.29
3.31
3.35
3.41
3.47
3.63
3.85
3.89
4.28
4.36
4.42
4.46
4.51
4.52
4.54
4.54
4.54
4.53
4.55
4.56
4.55
4.55
4.54
4.56
4.57
4.56
4.57
4.57
4.58
4.61
4.68
4.67
4.63
4.61
4.63
4.65
4.62
4.58
4.56
4.56
4.55
4.54
4.53
4.52
4.51
4.5
4.48
4.46
4.44
4.42
4.41
4.39
4.39
4.39
4.39
4.41
4.43
4.44
4.42
4.4
4.4
4.42
4.41
4.38
4.38
4.37
4.35
4.33
4.34
4.35
4.35
4.35
4.35
4.37
4.35
4.33
4.33
4.33
4.31
4.31
4.3
4.3
4.3
4.31
4.31
4.32
4.33
4.3
4.32
4.3
4.29
4.27
4.27
4.25
4.23
4.18
4.14
4.08
4.12
4.09
4.03
4.05
4.09
4.14
4.11
4.08
4.04
3.99
4.06
4.01
3.97
3.98
4.0
4.03
4.0
3.99
4.0
3.96
3.94
3.92
3.94
3.96
3.96
3.96
3.94
3.91
3.88
3.89
3.86
3.85
3.83
3.8
3.77
3.75
3.76
3.84
3.89
3.84
3.87
3.84
3.82
3.81
3.79
3.78
3.82
3.8
3.82
3.8
3.81
3.75
3.71
3.67
3.69
3.76
3.77
3.8
3.88
3.88
3.91
3.93
3.94
4.02
4.09
4.08
4.14
4.19
4.19
4.22
4.24
4.27
4.28
4.3
4.3
4.26
4.26
4.25
4.24
4.25
4.26
4.28
4.3
4.25
4.29
4.32
4.32
4.4
4.45
4.47
4.45
4.47
4.57
4.48
4.44
4.43
4.38
4.34
4.33
4.35
4.34
4.31
4.3
4.26
4.27
4.27
4.26
4.27
4.26
4.26
4.25
4.23
4.22
4.22
4.24
4.24
4.27
4.27
4.27
4.29
4.31
4.3
4.29
4.32
4.33
4.34
4.34
4.37
4.39
4.44
4.46
4.47
4.46
4.5
4.53
4.55
4.56
4.57
4.58
4.57
4.54
4.56
4.57
4.58
4.59
4.58
4.6
4.61
4.63
4.7
4.77
4.77
4.77
4.82
4.83
4.84
4.91
4.92
4.92
4.92
4.9
4.93
5.02
5.01
5.03
5.07
5.07
5.06
5.11
5.06
5.06
5.05
5.05
5.03
5.11
5.14
5.12
5.1
5.03
5.08
5.23
5.74
5.18
5.19
5.2
5.22
5.28
5.34
5.37
5.42
5.39
5.42
5.41
5.52
5.39
5.33
5.35
5.48
5.37
5.41
5.42
5.54
5.61
5.63
5.68
5.69
5.75
5.79
5.87
5.91
5.99
6.09
6.15
6.22
6.21
6.19
6.25
6.28
6.28
6.29
6.34
6.42
6.46
6.5
6.51
6.52
6.55
6.56
6.58
6.59
6.62
6.67
6.73
6.71
6.74
6.73
6.71
6.71
6.68
6.6
6.52
6.44
6.35
6.27
6.2
6.17
6.1
6.05
5.99
5.93
5.88
5.86
5.79
5.73
5.64
5.55
5.5
5.45
5.41
5.36
5.36
5.32
5.33
5.3
5.19
5.12
5.12
5.12
5.12
5.11
5.08
4.97
4.96
4.99
4.99
5.0
4.97
4.98
5.01
5.01
5.14
5.05
4.97
4.96
4.95
4.88
4.87
4.88
4.85
4.86
4.89
4.91
4.9
4.97
4.94
4.94
4.94
4.92
4.9
4.92
4.89
4.81
4.76
4.68
4.62
4.55
4.64
4.67
4.99
4.92
4.91
4.9
4.82
4.78
4.8
4.95
4.96
4.9
4.86
4.91
4.97
4.96
4.92
4.96
5.04
5.03
5.06
5.02
4.99
4.96
5.0
5.0
4.95
4.94
4.86
4.93
5.06
5.09
5.11
5.15
5.17
5.15
5.18
5.25
5.25
5.31
5.38
5.45
5.5
5.51
5.55
5.61
5.72
5.8
5.86
5.93
5.99
6.07
6.12
6.24
6.3
6.35
6.45
6.48
6.5
6.5
6.5
6.5
6.5
6.58
6.63
6.65
6.67
6.68
6.63
6.52
6.54
6.47
6.36
6.23
6.15
6.1
6.06
6.03
5.99
5.97
5.94
5.94
5.95
5.94
5.93
5.93
5.94
5.93
5.93
5.95
5.93
5.93
5.91
5.89
5.87
5.82
5.75
5.7
5.68
5.65
5.62
5.64
5.68
5.73
5.74
5.76
5.76
5.76
5.73
5.68
5.68
5.68
5.67
5.68
5.67
5.65
5.63
5.58
5.51
5.45
5.39
5.29
5.22
5.18
5.13
5.12
5.07
5.0
4.92
4.89
4.87
4.89
4.89
4.88
4.88
4.89
4.92
4.96
5.01
5.06
5.09
5.12
5.14
5.19
5.21
5.24
5.28
5.28
5.25
5.21
5.19
5.2
5.2
5.2
5.2
5.21
5.25
5.27
5.3
5.3
5.32
5.33
5.34
5.35
5.35
5.36
5.35
5.3
5.24
5.2
5.17
5.15
5.13
5.12
5.12
5.14
5.16
5.16
5.14
5.13
5.14
5.17
5.19
5.21
5.22
5.22
5.19
5.16
5.12
5.06
4.99
4.96
4.94
4.95
4.95
4.89
4.81
4.74
4.68
4.67
4.67
4.68
4.65
4.61
4.61
4.6
4.59
4.61
4.61
4.6
4.58
4.6
4.62
4.63
4.63
4.65
4.65
4.66
4.68
4.69
4.69
4.72
4.73
4.73
4.73
4.74
4.76
4.77
4.79
4.77
4.73
4.73
4.72
4.7
4.66
4.62
4.59
4.56
4.57
4.61
4.64
4.67
4.67
4.67
4.68
4.7
4.74
4.76
4.82
4.86
4.88
4.9
4.9
4.89
4.89
4.89
4.89
4.88
4.89
4.9
4.88
4.87
4.84
4.83
4.83
4.86
4.88
4.92
4.91
4.91
4.91
4.92
4.92
4.91
4.91
4.92
4.95
4.98
5.01
5.05
5.07
5.09
5.11
5.14
5.18
5.2
5.24
5.3
5.36
5.42
5.49
5.55
5.58
5.59
5.61
5.6
5.59
5.6
5.65
5.69
5.72
5.79
5.85
5.91
5.93
5.95
5.95
5.95
5.94
5.94
5.93
5.99
5.89
5.31
5.29
5.32
5.35
5.42
5.44
5.46
5.4
5.3
5.26
5.14
5.03
4.91
4.88
4.92
4.97
4.99
4.88
4.9
4.84
4.72
4.56
4.56
4.68
4.54
4.32
4.34
4.43
4.44
4.44
4.33
4.22
4.01
4.04
4.03
4.02
4.03
3.98
4.03
4.09
4.1
4.11
4.02
3.98
3.94
3.88
3.83
3.84
3.81
3.75
3.67
3.61
3.58
3.56
3.54
3.53
3.52
3.47
3.4
3.44
3.43
3.47
3.52
3.48
3.53
3.63
3.57
3.44
3.38
3.44
3.49
3.38
3.4
3.39
3.36
3.37
3.34
3.38
3.41
3.43
3.43
3.39
3.41
3.46
3.45
3.43
3.42
3.41
3.41
3.44
3.42
3.44
3.45
3.4
3.42
3.43
3.41
3.42
3.46
3.4
3.4
3.39
3.4
3.41
3.41
3.4
3.4
3.4
3.37
3.37
3.34
3.36
3.31
3.27
3.26
3.23
3.2
3.2
3.22
3.23
3.25
3.26
3.24
3.23
3.28
3.4
3.3
3.27
3.23
3.2
3.23
3.24
3.28
3.37
3.36
3.32
3.26
3.26
3.31
3.31
3.35
3.42
3.38
3.48
3.56
3.52
3.54
3.56
3.55
3.58
3.62
3.67
3.71
3.73
3.68
3.5
3.44
3.41
3.4
3.42
3.43
3.5
3.58
3.62
3.67
3.67
3.69
3.72
3.74
3.75
3.78
3.82
3.84
3.85
3.85
3.87
3.85
3.81
3.8
3.82
3.83
3.86
3.88
3.91
3.94
3.92
3.95
3.96
3.99
4.0
4.0
3.98
3.96
3.92
3.87
3.83
3.78
3.78
3.77
3.76
3.77
3.76
3.76
3.74
3.74
3.75
3.76
3.79
3.84
3.91
3.94
3.95
3.95
3.94
3.93
3.92
3.93
3.93
3.93
3.95
3.97
3.96
3.97
3.98
3.99
4.02
4.04
4.06
4.09
4.13
4.16
4.18
4.19
4.2
4.23
4.26
4.27
4.29
4.3
4.3
4.32
4.33
4.34
4.35
4.36
4.37
4.4
4.44
4.46
4.49
4.52
4.54
4.55
4.55
4.55
4.56
4.55
4.57
4.56
4.56
4.57
4.58
4.6
4.61
4.62
4.62
4.62
4.61
4.61
4.61
4.62
4.63
4.63
4.63
4.65
4.66
4.68
4.69
4.7
4.69
4.7
4.71
4.7
4.7
4.7
4.71
4.71
4.7
4.71
4.71
4.71
4.71
4.7
4.7
4.67
4.67
4.67
4.67
4.67
4.67
4.65
4.63
4.63
4.63
4.64
4.65
4.65
4.65
4.64
4.63
4.62
4.61
4.6
4.59
4.6
4.57
4.54
4.53
4.51
4.49
4.5
4.48
4.48
4.49
4.47
4.47
4.49
4.48
4.47
4.45
4.44
4.44
4.47
4.48
4.49
4.49
4.5
4.51
4.54
4.57
4.6
4.66
4.75
4.81
4.81
4.79
4.79
4.75
4.74
4.76
4.79
4.82
4.89
4.93
4.95
4.97
4.97
4.95
4.94
4.91
4.92
4.93
4.83
4.7
4.65
4.64
4.63
4.62
4.62
4.64
4.68
4.71
4.76
4.8
4.81
4.77
4.75
4.73
4.74
4.59
4.14
3.82
3.78
3.81
3.84
3.85
3.84
3.82
3.83
3.83
3.81
3.78
3.75
3.72
3.71
3.73
3.69
3.64
3.61
3.6
3.57
3.53
3.5
3.48
3.47
3.46
3.45
3.44
3.44
3.42
3.4
3.39
3.39
3.38
3.37
3.38
3.4
3.41
3.42
3.43
3.44
3.44
3.46
3.47
3.48
3.46
3.45
3.43
3.4
3.4
3.4
3.4
3.41
3.42
3.41
3.41
3.41
3.43
3.46
3.48
3.51
3.54
3.56
3.58
3.59
3.6
3.61
3.64
