11.43
11.35
11.28
11.24
11.19
11.2
11.33
11.27
11.33
11.35
11.28
11.23
11.18
11.21
11.27
11.14
11.16
10.91
10.68
10.65
10.69
10.67
10.69
10.7
10.81
10.98
11.2
11.43
11.84
11.94
11.93
12.03
11.98
11.91
11.81
11.8
11.95
12.08
12.17
12.27
12.49
12.66
12.83
12.96
13.17
13.33
13.39
13.56
13.63
13.73
13.99
14.01
14.11
14.26
14.3
14.43
14.39
14.43
14.42
14.45
14.4
14.52
14.25
13.24
13.07
13.0
13.21
13.41
13.35
13.4
13.72
13.84
13.31
13.34
13.32
13.24
13.08
13.17
13.42
13.29
13.43
13.48
13.67
13.48
12.35
11.8
12.21
11.71
11.39
11.27
11.27
11.21
11.18
11.2
11.18
11.11
11.08
11.22
11.24
11.39
12.13
12.35
12.25
12.39
12.33
12.51
12.57
12.31
12.03
12.04
12.39
12.5
12.33
12.15
11.99
12.06
12.11
12.03
12.1
12.24
12.25
12.24
12.3
12.36
12.26
12.28
12.36
12.3
12.46
12.47
12.41
12.37
12.35
12.37
12.39
12.33
12.3
12.28
12.26
12.24
12.24
12.21
12.14
12.12
12.13
12.06
12.0
11.97
11.94
12.01
12.06
11.93
11.93
11.91
11.89
11.78
11.78
11.76
11.73
11.7
11.76
11.79
11.77
11.76
11.77
11.81
11.87
11.95
11.97
11.94
11.92
11.91
12.09
12.23
12.31
12.36
12.47
12.54
12.54
12.42
12.52
12.62
12.84
13.04
13.49
13.87
13.9
13.78
13.3
13.88
14.13
13.88
13.79
13.87
13.92
13.96
14.01
14.13
14.18
14.02
14.23
14.26
14.21
14.49
14.51
14.58
14.3
13.27
13.94
14.31
14.22
13.96
13.91
13.94
13.67
13.69
13.65
13.54
13.78
13.8
13.68
13.57
13.52
13.62
13.58
13.68
14.08
15.02
14.97
14.93
14.97
14.63
14.58
14.46
14.0
14.01
13.85
13.2
12.41
11.96
11.92
12.04
12.18
12.26
12.35
12.35
12.32
12.3
12.34
12.3
12.03
11.89
11.53
11.73
11.78
11.82
11.78
12.47
13.1
13.49
13.03
12.49
11.52
11.54
11.04
11.77
12.35
12.29
10.96
10.55
10.7
11.67
11.98
12.08
12.02
11.85
11.79
11.68
11.53
11.69
11.8
11.74
11.75
11.68
11.62
11.53
11.41
11.37
11.35
11.29
11.22
11.19
11.12
11.06
11.05
11.14
11.06
10.99
11.06
11.03
10.89
10.85
10.87
10.69
10.67
10.71
10.55
10.26
10.3
10.17
10.28
10.38
10.51
10.51
10.52
10.84
10.93
11.21
11.35
11.53
11.47
11.36
11.27
11.49
11.45
11.57
11.66
11.82
11.84
12.02
12.1
12.2
12.12
12.2
12.14
11.94
11.56
11.66
11.42
11.68
11.62
11.28
11.19
11.37
11.5
11.78
11.74
11.76
11.77
11.92
12.16
12.23
12.51
12.88
12.97
12.59
11.98
11.48
10.6
10.13
9.99
9.94
10.01
10.1
10.0
9.98
10.08
10.07
9.98
9.99
10.48
10.79
11.18
11.49
11.73
11.85
11.33
10.66
10.15
9.84
9.68
9.61
9.62
9.66
9.69
9.64
9.56
9.48
9.41
9.31
9.31
9.23
9.25
9.3
9.33
9.37
9.42
9.47
9.51
9.56
9.59
9.6
9.61
9.6
9.47
9.44
9.48
9.42
9.28
9.12
9.02
8.99
8.9
8.72
8.59
8.56
8.56
8.53
8.49
8.49
8.47
8.45
8.43
8.39
8.37
8.31
8.25
8.2
8.16
8.12
8.1
8.07
8.06
8.05
8.07
8.1
8.05
8.02
7.95
7.91
7.9
7.86
7.84
7.84
7.85
7.89
7.89
7.86
7.87
7.88
7.87
7.85
7.82
7.85
7.81
7.78
7.88
7.97
8.04
8.09
8.17
8.12
8.13
8.12
8.17
8.22
8.32
8.42
8.49
8.04
7.62
7.68
7.79
7.57
7.71
7.81
7.6
7.45
7.66
7.61
7.39
7.54
7.53
7.52
7.59
7.48
7.35
7.17
7.28
7.31
7.43
7.32
7.44
7.49
7.39
7.12
7.02
7.16
7.06
6.99
6.94
6.9
7.01
6.99
6.89
6.91
6.95
6.92
7.02
6.98
6.93
6.99
6.99
6.88
6.98
7.08
7.05
6.72
6.99
7.13
7.11
7.02
7.13
7.43
7.33
7.44
7.3
7.21
7.17
7.11
7.07
7.11
7.17
7.29
7.17
7.13
7.35
7.09
7.24
7.44
7.3
7.34
7.27
7.32
7.58
7.34
7.24
7.23
7.25
7.32
7.46
7.48
7.47
7.53
7.53
7.53
7.53
7.53
7.59
7.57
7.61
7.57
7.63
7.68
7.64
7.59
7.55
7.55
7.51
7.53
7.53
7.5
7.51
7.51
7.61
7.62
7.63
7.67
7.7
7.69
7.68
7.67
7.74
7.74
7.78
7.8
7.88
7.92
7.92
7.95
8.02
8.01
7.97
7.95
7.94
7.94
7.87
7.92
7.94
7.94
7.97
8.17
8.23
8.28
8.27
8.27
8.22
8.25
8.21
8.31
8.28
8.27
8.22
8.37
8.47
8.49
8.47
8.49
8.55
8.67
8.55
8.52
8.25
8.5
8.69
8.77
8.81
8.81
8.98
9.02
9.01
9.06
9.09
9.17
9.18
9.14
9.28
9.3
9.39
9.5
9.49
9.52
9.53
9.59
9.62
9.59
9.55
9.48
9.48
9.41
9.35
9.25
7.78
7.52
7.22
7.35
8.09
7.89
8.45
8.07
8.63
9.05
9.08
9.25
9.23
9.03
8.97
9.13
9.26
9.12
8.76
8.65
8.4
8.27
8.2
8.01
8.19
8.47
8.67
8.56
8.56
8.62
8.66
8.64
8.66
8.68
8.59
8.46
8.49
8.47
8.41
8.43
8.4
8.32
8.21
8.26
8.3
8.27
8.2
8.19
8.22
8.22
8.08
8.03
8.0
7.82
7.73
7.78
7.73
7.76
7.86
7.67
7.63
7.61
7.63
7.61
7.62
7.64
7.65
7.64
7.59
7.57
7.55
7.52
7.53
7.59
7.6
7.63
7.6
7.56
7.49
7.25
7.24
7.32
7.34
7.27
7.24
7.25
7.26
7.21
7.21
7.18
7.14
7.16
7.04
6.99
7.06
7.19
7.28
7.3
7.28
7.32
7.45
7.51
7.7
7.83
7.84
8.01
8.37
8.44
8.69
9.33
9.96
10.36
10.46
10.02
8.76
7.73
7.37
7.28
7.38
7.42
7.54
7.52
7.46
7.32
6.91
6.98
6.89
6.97
6.83
6.82
6.67
6.59
6.82
6.78
6.81
6.99
7.26
7.51
7.38
6.86
6.4
6.09
6.01
6.12
6.39
6.77
6.69
6.41
6.28
6.01
5.8
5.68
5.73
5.69
5.72
5.82
5.77
5.61
5.5
5.52
5.64
5.7
5.73
5.81
5.84
5.83
5.86
6.01
6.08
6.14
6.16
6.15
6.1
6.06
5.98
5.95
5.88
5.89
5.9
5.86
5.85
5.84
5.86
5.87
5.84
5.85
5.87
6.02
6.19
6.2
6.16
5.98
5.93
5.84
6.05
6.09
6.0
6.0
5.98
6.0
5.98
5.94
5.92
5.91
5.89
5.9
5.9
5.87
5.88
5.88
5.84
5.83
5.86
5.82
5.82
5.82
5.87
5.89
5.94
5.98
5.99
6.04
6.03
6.06
6.14
6.15
6.16
6.21
6.18
6.21
6.17
6.17
6.27
6.32
6.38
6.39
6.39
6.5
6.58
6.65
6.72
6.77
6.77
6.81
6.86
6.94
6.95
7.05
7.06
7.01
7.01
7.02
7.05
7.05
7.04
7.0
7.0
6.98
7.02
6.99
7.1
7.16
6.98
6.77
6.84
6.86
6.88
6.95
6.99
7.01
6.98
6.99
6.99
6.95
7.06
7.02
7.0
7.04
7.22
7.21
7.13
7.05
7.18
7.06
6.81
6.82
7.27
7.35
6.94
7.08
7.18
7.09
7.03
6.91
7.05
7.55
7.9
8.09
8.13
7.87
7.74
7.88
8.0
8.16
8.07
7.98
7.58
7.47
7.5
7.42
7.39
7.37
7.37
7.35
7.34
7.36
7.4
7.4
7.38
7.41
7.48
7.53
7.37
6.9
6.65
6.66
6.68
6.69
6.65
6.74
6.86
6.94
6.97
6.96
6.97
6.89
6.74
6.74
6.76
6.78
6.81
6.77
6.73
6.66
6.64
6.61
6.5
6.35
6.27
6.21
6.15
6.11
6.13
6.12
6.11
6.13
6.15
6.14
6.11
6.09
6.07
6.05
6.05
6.07
6.07
6.05
6.0
5.98
5.96
5.93
5.91
5.87
5.87
5.86
5.85
5.83
5.83
5.82
5.86
5.9
5.95
5.96
5.94
5.96
5.95
5.94
5.93
5.94
5.96
5.99
6.0
6.02
6.08
6.12
6.17
6.21
6.2
6.22
6.29
6.37
6.46
6.45
6.44
6.37
6.43
6.51
6.52
6.47
6.41
6.36
6.33
6.36
6.4
6.43
6.47
6.46
6.44
6.36
6.39
6.46
6.48
6.49
6.47
6.57
6.65
6.61
6.62
6.62
6.7
6.77
6.82
6.74
6.68
6.69
6.64
6.66
6.67
6.76
6.73
6.6
6.66
6.74
6.79
6.88
6.91
6.97
7.2
7.3
7.3
7.29
7.2
7.2
7.17
7.11
7.14
7.18
7.28
7.22
7.17
7.13
7.07
7.06
7.02
6.99
6.98
6.98
6.96
6.97
6.99
6.99
7.04
6.99
6.96
6.9
6.86
6.84
6.82
6.77
6.69
6.6
6.51
6.46
6.39
6.33
6.32
6.31
6.31
6.32
6.32
6.32
6.31
6.3
6.28
6.28
6.29
6.27
6.28
6.29
6.29
6.33
6.38
6.44
6.52
6.56
6.62
6.69
6.72
6.77
6.82
6.86
6.88
6.9
6.89
6.87
6.89
6.91
6.93
6.95
6.97
7.01
7.04
7.08
7.16
7.19
7.22
7.25
7.28
7.29
7.32
7.35
7.4
7.43
7.46
7.48
7.54
7.59
7.66
7.75
7.77
7.82
7.85
7.9
7.9
7.97
8.05
8.08
8.15
8.24
