12.54
12.52
12.48
12.45
12.4
12.4
12.35
12.14
11.87
11.24
10.7
10.37
10.49
10.07
9.98
10.15
10.06
10.13
10.19
10.24
10.28
10.33
10.33
10.34
10.29
10.27
10.25
10.22
10.27
10.23
10.25
10.33
10.33
10.25
10.15
10.14
10.14
10.06
10.01
9.96
9.92
9.92
9.96
9.94
9.98
9.97
9.92
9.92
9.92
9.88
9.79
9.75
9.67
9.62
9.58
9.52
9.53
9.46
9.44
9.53
9.59
9.49
9.41
9.5
9.66
9.73
9.78
9.91
10.07
10.08
9.87
9.82
9.82
9.88
9.93
9.9
9.82
9.8
9.95
10.06
9.98
9.99
10.07
10.1
10.11
10.02
10.02
10.07
9.94
9.86
9.85
9.94
9.99
9.79
9.72
9.6
9.79
9.78
9.77
9.64
9.78
9.72
9.66
9.61
9.4
9.55
9.56
9.4
9.51
9.34
9.09
9.14
9.13
9.1
9.08
8.9
8.93
8.87
8.8
8.84
9.02
8.89
8.85
8.96
9.03
8.94
9.01
9.09
9.12
9.09
9.01
8.98
8.98
9.05
9.11
9.11
9.11
9.18
9.27
9.34
9.42
9.5
9.55
9.57
9.58
9.58
9.53
9.46
9.42
9.4
9.42
9.41
9.37
9.27
9.19
9.14
9.13
9.15
9.15
9.15
9.16
9.12
9.08
9.0
8.9
8.86
8.87
8.9
8.88
8.72
8.62
8.53
8.48
8.45
8.46
8.53
8.56
8.57
8.57
8.57
8.56
8.55
8.68
8.69
8.69
8.73
8.74
8.72
8.73
8.69
8.71
8.69
8.7
8.68
8.66
8.6
8.63
8.58
8.52
8.52
8.49
8.54
8.48
8.45
8.56
8.62
8.65
8.64
8.59
8.62
8.76
8.83
8.88
8.88
9.07
9.17
9.24
9.26
9.27
9.4
9.53
9.67
9.71
9.75
9.44
9.33
9.12
9.33
9.32
9.3
8.76
8.86
9.15
8.9
8.87
9.0
9.15
9.02
8.94
9.12
9.03
8.81
8.95
9.09
9.13
9.13
9.06
8.8
8.99
8.41
8.71
8.48
8.33
8.34
8.33
8.33
8.14
7.79
7.73
7.76
7.8
7.96
8.02
7.91
7.92
7.7
7.74
7.75
7.73
8.01
8.15
8.23
8.21
7.76
7.67
7.82
7.85
7.82
7.71
7.65
7.64
7.57
7.62
7.7
7.76
7.73
7.72
7.79
7.83
7.82
7.68
7.54
7.52
7.52
7.51
7.49
7.49
7.6
7.63
7.68
7.75
7.87
7.84
7.87
7.84
7.85
7.85
7.84
7.89
7.9
7.91
7.89
7.94
7.94
7.98
8.04
8.08
8.05
7.98
7.93
7.89
7.91
7.97
7.98
7.96
7.96
7.95
7.96
7.94
7.92
7.9
7.87
7.85
7.82
7.83
7.82
7.8
7.84
7.82
7.82
7.79
7.79
7.73
7.69
7.7
7.6
7.6
7.67
7.72
7.77
7.83
7.84
7.9
7.95
8.0
8.12
8.15
8.25
8.33
8.46
8.54
8.64
8.75
8.97
9.13
9.31
9.34
9.18
8.94
8.72
8.74
8.54
8.5
8.05
7.99
8.0
8.08
8.04
7.95
7.88
7.84
7.74
7.67
7.25
6.77
7.12
7.23
7.04
6.97
6.72
6.5
6.08
6.08
6.25
6.0
6.14
6.59
6.9
6.9
6.92
6.93
7.18
7.38
7.54
7.66
7.55
7.58
7.8
7.94
8.04
8.17
8.0
8.27
8.33
8.19
8.34
8.1
8.12
8.16
8.31
8.21
8.12
8.12
8.57
8.75
8.7
8.73
8.72
8.66
8.69
8.68
8.67
8.63
8.63
8.61
8.65
8.77
8.69
8.69
8.62
8.46
8.42
8.39
8.36
8.4
8.4
8.39
8.45
8.48
8.7
9.08
9.13
9.09
9.05
9.05
9.01
8.93
8.92
8.88
8.93
8.93
8.98
9.02
8.96
8.96
8.95
8.99
8.97
8.96
8.98
8.97
8.94
8.92
8.92
8.94
8.94
8.92
8.91
8.89
8.88
8.85
8.85
8.85
8.83
8.81
8.78
8.75
8.78
8.75
8.75
8.78
8.84
8.86
8.88
8.96
9.06
9.2
9.29
9.33
9.41
9.49
9.6
9.66
9.68
9.72
9.8
9.85
9.95
10.04
10.1
10.2
10.27
10.43
10.53
10.65
10.78
10.7
10.57
10.54
10.55
10.51
10.42
10.43
10.36
10.32
10.42
10.51
10.36
10.23
10.37
10.44
10.41
10.42
10.23
10.21
10.02
9.86
9.95
10.11
10.0
9.88
10.09
9.96
9.66
9.58
9.38
9.15
9.15
8.74
8.21
7.95
8.37
8.33
7.87
7.98
7.81
7.85
7.61
7.63
7.52
7.64
7.86
8.12
8.31
8.46
8.41
8.41
8.16
7.81
7.39
7.06
7.33
7.57
8.18
9.34
9.46
9.44
9.42
9.39
9.38
9.35
9.31
9.27
9.25
9.24
9.18
9.15
9.14
9.16
9.17
9.11
8.95
8.83
8.72
8.61
8.52
8.48
8.47
8.44
8.4
8.39
8.39
8.41
8.4
8.4
8.38
8.41
8.4
8.4
8.42
8.44
8.45
8.47
8.48
8.53
8.53
8.54
8.55
8.56
8.57
8.57
8.59
8.62
8.62
8.61
8.6
8.58
8.59
8.61
8.64
8.67
8.63
8.25
8.04
8.06
8.11
8.15
8.13
7.97
7.86
7.73
7.69
7.69
7.75
7.77
7.81
7.93
8.01
7.95
7.87
7.71
7.65
7.71
7.84
7.96
8.22
8.17
8.18
8.09
8.22
8.27
8.24
8.32
8.34
8.3
8.4
8.04
7.89
7.89
7.83
7.77
7.79
7.66
7.49
7.42
7.43
7.25
7.32
7.28
7.46
7.42
7.36
7.21
7.03
6.87
6.91
6.77
6.71
6.67
6.55
6.39
6.3
6.27
6.23
6.18
6.12
6.08
6.09
6.09
6.06
6.02
6.01
6.01
6.11
6.18
6.2
6.19
6.24
6.27
6.27
6.29
6.32
6.38
6.36
6.33
6.36
6.4
6.41
6.41
6.36
6.35
6.23
6.21
6.26
6.29
6.33
6.45
6.56
6.61
6.75
6.9
6.94
6.94
7.04
7.04
7.01
7.02
7.08
7.11
7.16
7.16
7.16
7.17
7.14
7.13
7.11
7.11
7.15
7.17
7.11
7.13
7.16
7.25
7.27
7.38
7.34
7.35
7.43
7.46
7.44
7.44
7.46
7.52
7.53
7.54
7.51
7.49
7.5
7.36
7.44
7.23
7.24
7.2
7.21
7.17
7.16
7.11
7.14
7.18
7.21
7.24
7.28
7.3
7.29
7.35
7.42
7.47
7.52
7.51
7.57
7.65
7.72
7.52
7.58
7.51
7.49
7.56
7.56
7.63
7.66
7.69
7.74
7.71
7.81
7.94
8.05
7.98
8.1
8.13
8.0
8.02
8.03
7.66
7.33
7.18
7.12
6.96
6.84
6.38
6.28
6.76
7.16
7.38
7.64
7.42
7.4
7.2
6.9
6.95
6.92
6.65
6.34
6.19
6.46
6.52
6.61
6.58
6.52
6.45
6.26
6.09
5.93
5.91
5.95
5.94
6.02
6.09
5.98
5.84
5.71
5.36
5.37
5.34
5.04
5.05
5.23
5.42
5.58
5.63
5.48
5.16
4.99
4.93
4.94
4.96
4.97
4.98
4.98
5.02
5.04
5.06
5.2
5.07
5.39
5.49
5.46
5.42
5.4
5.54
5.38
5.32
5.31
5.32
5.34
5.37
5.45
5.52
5.48
5.47
5.47
5.46
5.44
5.47
5.47
5.5
5.52
5.54
5.51
5.5
5.51
5.45
5.46
5.47
5.49
5.44
5.43
5.38
5.39
5.39
5.36
5.35
5.32
5.31
5.32
5.3
5.26
5.21
5.17
5.2
5.16
5.21
5.15
5.18
5.21
5.21
5.23
5.26
5.32
5.34
5.41
5.43
5.45
5.52
5.56
5.68
5.73
5.81
5.91
6.02
6.07
6.16
6.23
6.29
6.32
6.03
6.0
5.89
5.8
5.85
5.64
5.44
5.65
5.45
5.44
5.31
5.2
5.11
5.07
5.18
5.24
5.17
4.88
4.84
5.08
5.02
5.02
5.08
4.87
4.95
5.02
5.04
4.98
5.06
5.09
5.25
5.13
5.27
5.18
5.11
4.84
4.82
4.87
4.91
5.15
5.2
5.25
5.32
5.25
5.31
5.35
5.3
5.3
5.25
5.09
5.1
5.12
5.25
5.25
5.21
5.19
5.25
5.32
5.34
5.42
5.37
5.4
5.46
5.55
5.57
5.59
5.63
5.68
5.7
5.76
5.8
5.85
5.84
5.86
5.86
5.86
5.88
5.87
5.91
5.89
5.81
5.81
5.82
5.92
6.09
6.22
6.37
6.49
6.56
6.66
6.8
6.84
6.86
6.91
7.02
7.13
7.18
7.24
7.23
7.28
7.3
7.3
7.42
7.44
7.48
7.48
7.46
7.45
7.47
7.46
7.45
7.45
7.46
7.45
7.45
7.46
7.46
7.45
7.44
7.45
7.47
7.48
7.49
7.5
7.53
7.53
7.54
7.55
7.58
7.62
7.72
7.82
7.91
8.04
8.1
8.12
8.18
8.23
8.22
8.29
8.34
8.43
8.49
8.55
8.63
8.71
8.78
8.83
8.96
9.03
9.08
9.18
9.17
9.26
9.44
9.49
9.5
9.5
9.52
9.63
9.83
9.94
10.01
9.87
9.98
10.15
10.23
10.35
10.22
10.2
10.3
10.42
10.54
10.53
10.49
10.61
10.48
10.54
10.62
10.57
10.57
10.55
10.49
10.45
10.45
10.47
10.48
10.49
10.5
10.58
10.66
10.81
10.89
10.96
10.91
10.97
10.94
10.88
10.88
10.84
10.9
10.82
10.8
10.83
10.87
10.93
10.98
11.03
11.07
11.09
11.06
11.04
10.99
10.96
10.94
10.91
10.91
10.91
10.9
10.89
10.9
10.98
10.99
10.98
10.95
10.93
10.9
10.89
10.89
10.87
10.84
10.84
10.81
10.83
10.81
10.81
10.8
10.78
10.78
10.76
10.75
10.74
10.71
10.67
10.61
10.58
10.58
10.44
10.34
10.33
10.3
10.25
10.2
10.12
10.08
10.06
