13.38
12.75
11.33
10.92
10.98
11.08
10.89
10.93
11.12
11.05
10.68
10.78
10.95
11.0
11.2
10.82
10.54
10.39
10.66
10.73
10.86
11.1
11.14
11.11
11.19
11.26
11.49
11.64
10.91
10.78
11.58
12.18
12.18
11.76
11.15
11.31
11.65
11.76
11.73
11.66
11.58
11.44
11.17
11.07
10.93
10.73
10.53
10.23
9.89
9.72
9.65
9.59
9.56
9.56
9.47
9.43
9.34
9.28
9.19
9.13
9.08
9.04
8.97
8.9
8.92
9.11
9.09
9.22
9.26
9.36
9.41
9.29
9.06
9.01
8.96
8.86
8.81
8.8
8.82
8.84
8.86
8.88
8.82
8.8
8.78
8.79
8.85
8.88
8.85
8.79
8.78
8.82
8.95
8.98
8.9
8.84
8.83
8.83
8.81
8.82
8.81
8.82
8.8
8.73
8.83
8.85
8.81
8.88
8.91
8.91
8.9
8.83
8.69
8.61
8.52
8.55
8.34
8.51
8.5
8.72
8.79
8.87
9.04
9.11
9.28
9.46
9.54
9.56
9.55
9.5
9.47
9.42
9.49
9.62
9.67
9.75
9.82
9.78
9.91
9.95
9.9
9.9
10.02
10.08
10.12
10.33
10.29
10.39
10.31
10.31
10.33
10.35
10.41
10.41
10.4
10.39
10.4
10.42
10.41
10.43
10.55
10.59
10.68
10.82
10.76
10.65
10.64
10.58
10.59
10.6
10.63
10.61
10.5
10.4
10.44
10.41
10.28
10.2
10.21
10.27
10.25
10.27
10.27
10.24
10.16
10.22
10.26
10.27
10.22
10.19
10.17
10.09
10.06
10.08
10.13
10.21
10.27
10.25
10.17
10.15
10.17
10.21
10.26
10.33
10.36
10.41
10.41
10.42
10.42
10.59
10.48
10.46
10.46
10.48
10.55
10.6
10.65
10.7
10.73
10.71
10.73
10.76
10.72
10.72
10.76
10.73
10.76
10.77
10.8
10.88
10.93
10.94
10.96
10.97
10.92
10.85
10.82
10.8
10.84
10.8
10.8
10.75
10.73
10.75
10.82
10.84
10.81
10.85
10.91
10.87
10.81
10.86
10.93
10.92
11.05
10.99
10.99
10.97
11.03
11.12
11.12
11.18
11.23
11.34
11.36
11.48
11.54
11.49
11.48
11.54
11.55
11.69
11.71
11.56
11.67
11.67
11.64
11.6
11.72
11.81
11.82
11.88
12.03
11.97
11.99
11.99
12.02
12.03
11.94
11.95
11.96
11.83
11.84
11.86
11.92
11.96
12.12
12.1
12.13
12.12
12.1
12.1
12.08
12.07
12.07
12.16
12.14
12.16
12.15
12.11
12.13
12.12
12.1
12.06
12.09
12.11
12.15
12.15
12.14
12.1
12.15
12.1
12.1
12.11
12.1
12.1
12.08
12.11
12.15
12.1
12.07
12.04
12.01
11.98
11.99
12.0
11.96
11.97
11.93
11.93
11.91
11.81
11.74
11.69
11.64
11.61
11.55
11.5
11.47
11.37
11.25
11.19
11.12
11.07
11.03
11.05
11.03
11.03
10.96
10.96
10.94
10.91
10.87
10.84
10.8
10.81
10.83
10.76
10.74
10.71
10.73
10.78
10.67
10.61
10.64
10.56
10.49
10.43
10.41
10.38
10.37
10.38
10.38
10.36
10.24
10.16
10.14
10.14
10.1
10.11
10.11
10.13
10.13
10.13
10.08
9.97
9.95
9.92
9.88
9.87
9.88
9.88
9.93
9.87
9.8
9.79
9.81
9.82
9.79
9.86
9.9
9.89
9.95
10.04
10.05
10.01
9.99
9.95
9.92
9.97
9.96
9.93
9.92
9.95
9.95
9.98
10.07
10.21
10.25
10.21
10.04
10.05
10.14
10.19
10.16
10.2
10.17
10.17
10.23
10.24
10.27
10.21
10.19
10.21
10.21
10.25
10.23
10.26
10.22
10.18
10.16
10.16
10.2
10.23
10.19
10.34
10.21
10.17
10.33
10.28
10.3
10.3
10.33
10.33
10.36
10.36
10.37
10.4
10.4
10.38
10.38
10.38
10.4
10.41
10.44
10.44
10.44
10.46
10.46
10.46
10.44
10.44
10.45
10.47
10.47
10.52
10.55
10.59
10.59
10.59
10.6
10.63
10.62
10.64
10.63
10.65
10.61
10.56
10.58
10.58
10.56
10.56
10.58
10.58
10.59
10.59
10.59
10.63
10.8
10.82
10.82
10.73
10.82
10.88
10.83
10.78
10.72
10.7
10.68
10.59
10.49
10.38
10.29
10.27
10.19
10.2
10.17
10.26
10.26
10.21
10.21
10.35
10.62
10.47
10.66
10.9
10.95
10.85
10.96
11.16
10.81
10.67
10.52
10.33
10.2
9.93
9.94
9.77
9.93
9.76
9.75
9.7
9.61
9.37
9.04
8.91
8.78
8.87
9.02
8.77
8.62
8.35
8.47
8.13
8.1
7.81
7.55
7.63
7.69
7.6
7.56
7.03
7.19
7.02
6.75
6.89
6.71
6.68
6.44
6.47
6.49
6.48
6.71
6.63
6.5
6.5
6.63
6.59
6.61
6.74
6.59
6.65
6.58
6.68
6.67
6.72
6.62
6.68
6.59
6.53
6.29
6.29
6.18
6.29
6.3
6.48
6.48
6.58
6.47
6.47
6.59
6.73
6.85
7.02
6.63
6.51
6.56
6.5
6.39
6.37
6.32
6.31
6.34
6.34
6.3
6.39
6.42
6.42
6.47
6.47
6.54
6.57
6.52
6.57
6.59
6.59
6.61
6.73
6.91
6.72
6.63
6.68
6.87
7.01
7.06
7.06
7.03
6.97
6.9
6.92
6.76
6.86
6.95
6.96
6.92
6.9
6.85
6.83
6.85
6.83
6.83
6.84
6.81
6.77
6.78
6.79
6.78
6.77
6.7
6.73
6.74
6.74
6.77
6.82
6.85
6.85
6.91
6.97
7.06
7.07
7.1
7.17
7.3
7.35
7.43
7.54
7.46
7.51
7.71
7.88
8.02
8.05
8.2
8.28
8.32
8.06
7.39
7.08
6.97
7.31
7.23
7.08
7.12
6.82
6.9
6.72
6.75
6.37
6.2
6.16
6.38
6.19
6.04
6.1
6.13
6.24
6.36
6.5
6.24
6.27
6.45
6.48
6.27
6.38
6.7
6.78
6.94
7.07
6.51
6.7
6.77
6.84
6.59
6.73
6.76
6.9
6.95
6.96
7.02
7.03
7.1
7.13
7.24
7.36
7.31
7.38
7.39
7.57
7.64
7.47
7.28
7.63
8.15
8.3
8.26
8.15
8.07
8.06
8.09
8.12
8.07
8.09
8.08
8.05
8.01
7.96
7.91
7.82
7.76
7.84
8.01
7.96
7.91
7.94
7.95
8.02
8.05
8.08
8.09
7.95
7.94
7.96
7.94
7.91
7.92
7.94
7.87
7.88
7.97
7.93
7.98
7.97
7.84
7.86
7.89
7.93
7.91
7.89
7.88
7.87
7.82
7.8
7.77
7.77
7.73
7.66
7.63
7.58
7.5
7.5
7.52
7.58
7.56
7.51
7.5
7.52
7.52
7.53
7.59
7.56
7.59
7.65
7.72
7.75
7.81
7.86
7.9
8.0
8.03
8.18
8.2
8.17
8.16
8.18
8.21
8.4
8.68
8.74
8.76
8.8
8.88
8.98
8.87
8.55
8.54
8.44
8.41
8.6
8.54
8.42
8.29
8.33
8.03
7.92
7.86
7.91
7.89
7.76
7.71
7.77
7.99
7.99
7.98
7.83
7.88
7.61
7.42
7.55
7.76
7.64
7.72
7.72
7.75
7.65
7.65
7.7
7.43
7.21
7.24
7.34
7.47
7.47
7.51
7.39
7.21
7.1
7.06
7.16
7.14
7.09
7.22
7.54
7.81
7.92
8.11
8.29
8.39
8.49
8.59
8.67
8.54
8.67
8.8
8.88
8.92
9.19
9.35
9.33
9.16
8.9
8.81
8.86
8.88
8.65
8.36
8.11
8.1
7.98
7.88
7.81
7.69
7.61
7.49
7.49
7.5
7.49
7.49
7.46
7.45
7.43
7.42
7.39
7.38
7.38
7.37
7.38
7.37
7.39
7.42
7.45
7.49
7.5
7.52
7.54
7.56
7.55
7.57
7.58
7.56
7.55
7.48
7.49
7.44
7.4
7.35
7.35
7.28
7.21
7.13
7.06
6.98
7.03
6.97
6.95
6.99
7.03
7.0
7.01
7.03
6.92
6.93
6.83
6.86
6.97
6.99
7.02
7.05
7.01
7.12
7.04
7.07
7.12
7.12
7.24
7.37
7.42
7.42
7.44
7.39
7.42
7.55
7.49
7.51
7.48
7.36
7.74
7.65
7.4
7.36
7.12
7.2
7.12
7.09
6.85
6.87
6.88
6.79
6.7
6.87
6.99
7.57
7.35
6.97
7.17
7.47
7.79
8.14
8.27
8.37
8.28
7.99
7.78
7.81
7.66
7.61
7.76
7.8
7.77
8.06
8.19
7.81
7.83
7.88
7.74
7.68
7.69
7.75
7.64
7.96
8.16
8.11
7.7
7.65
7.65
7.79
7.97
8.14
8.03
7.89
7.89
7.9
7.92
7.97
8.02
8.0
8.04
8.0
7.95
7.91
7.87
7.85
7.82
7.82
7.79
7.72
7.65
7.63
7.64
7.63
7.64
7.64
7.61
7.57
7.52
7.49
7.44
7.39
7.37
7.31
7.31
7.31
7.26
7.23
7.21
7.2
7.15
7.09
7.05
7.0
6.95
6.9
6.89
6.85
6.82
6.81
6.79
6.77
6.77
6.76
6.74
6.74
6.72
6.74
6.78
6.81
6.89
6.98
6.92
6.87
6.97
6.97
7.01
7.21
7.21
7.3
7.2
7.11
7.0
6.96
6.97
7.02
6.99
6.91
6.84
6.76
6.55
6.56
6.55
6.64
6.59
6.66
6.65
6.7
6.62
6.57
6.69
6.62
6.61
6.61
6.68
6.7
6.73
6.73
6.77
6.8
6.73
6.6
6.64
6.59
6.59
6.61
6.56
6.62
6.52
6.55
6.63
6.66
6.8
6.92
6.87
6.81
6.8
6.78
6.77
6.81
6.78
6.73
6.82
6.94
6.86
6.9
6.83
6.75
6.91
6.99
6.94
6.96
6.99
6.92
6.98
7.06
7.03
7.08
7.2
7.18
7.23
7.29
7.15
7.25
7.26
7.26
7.21
7.19
7.09
7.11
7.15
7.21
7.19
7.17
7.16
