5.29
5.23
5.19
5.07
5.05
5.07
5.12
5.24
5.32
5.28
5.26
5.09
5.13
5.29
5.29
5.24
5.14
4.95
4.78
4.84
4.77
4.78
4.8
4.75
4.68
4.66
4.65
4.75
5.06
5.18
5.19
5.16
5.15
5.16
5.18
5.19
5.2
5.22
5.27
5.3
5.33
5.34
5.29
5.23
5.22
5.26
5.32
5.37
5.4
5.43
5.51
5.59
5.66
5.76
5.82
5.89
5.93
5.93
5.94
5.99
6.08
6.17
6.24
6.29
6.32
6.34
6.37
6.38
6.39
6.42
6.45
6.5
6.57
6.61
6.67
6.7
6.73
6.78
6.83
6.93
7.0
7.06
7.16
7.26
7.34
7.38
7.43
7.46
7.51
7.52
7.53
7.53
7.53
7.53
7.53
7.54
7.58
7.61
7.65
7.72
7.77
7.76
7.74
7.76
7.78
7.81
7.8
7.81
7.79
7.78
7.77
7.76
7.74
7.73
7.75
7.75
7.78
7.79
7.8
7.81
7.79
7.79
7.8
7.83
7.82
7.81
7.81
7.81
7.81
7.84
7.86
7.87
7.87
7.9
7.93
7.94
7.89
7.84
7.83
7.86
7.88
7.92
7.92
7.89
7.89
7.93
7.94
7.92
7.92
8.0
7.96
7.93
7.93
7.91
7.88
7.9
7.9
7.88
7.89
7.91
7.92
7.89
7.88
7.89
7.87
7.92
8.0
8.06
8.04
8.02
8.02
7.98
7.86
7.74
7.6
7.55
7.52
7.52
7.55
7.58
7.61
7.61
7.61
7.62
7.63
7.65
7.66
7.66
7.62
7.62
7.6
7.59
7.59
7.51
7.54
7.56
7.6
7.6
7.61
7.6
7.57
7.53
7.51
7.51
7.48
7.46
7.44
7.39
7.35
7.31
7.26
7.24
7.22
7.22
7.23
7.22
7.2
7.19
7.17
7.15
7.11
7.08
7.05
7.02
6.99
6.96
6.93
6.88
6.85
6.82
6.8
6.77
6.76
6.75
6.74
6.73
6.73
6.72
6.72
6.71
6.7
6.67
6.66
6.63
6.61
6.6
6.58
6.57
6.56
6.57
6.57
6.56
6.55
6.55
6.54
6.54
6.55
6.53
6.54
6.54
6.53
6.56
6.57
6.58
6.58
6.58
6.57
6.55
6.53
6.54
6.56
6.58
6.56
6.59
6.59
6.59
6.57
6.6
6.65
6.65
6.65
6.67
6.7
6.75
6.81
6.85
6.86
6.88
6.91
6.87
6.79
6.79
6.81
6.73
6.67
6.66
6.68
6.71
6.72
6.71
6.7
6.77
6.73
6.72
6.75
6.74
6.71
6.65
6.62
6.64
6.59
6.5
6.43
6.42
6.4
6.44
6.39
6.37
6.37
6.37
6.35
6.36
6.37
6.38
6.39
6.39
6.4
6.39
6.38
6.38
6.38
6.39
6.39
6.37
6.35
6.34
6.34
6.36
6.36
6.33
6.33
6.35
6.37
6.39
6.43
6.43
6.44
6.42
6.42
6.43
6.42
6.41
6.41
6.43
6.45
6.43
6.37
6.34
6.35
6.35
6.36
6.36
6.36
6.36
6.36
6.36
6.35
6.33
6.31
6.29
6.28
6.28
6.3
6.29
6.3
6.31
6.31
6.32
6.34
6.32
6.31
6.39
6.66
6.8
6.88
6.91
6.89
6.88
6.92
6.9
6.89
6.85
6.77
6.64
6.57
6.45
6.31
6.3
6.25
6.24
6.24
6.2
6.16
6.18
6.22
6.16
6.12
6.14
6.19
6.24
6.23
6.22
6.2
6.2
6.26
6.33
6.31
6.39
6.46
6.5
6.52
6.68
6.76
6.76
6.71
6.62
6.72
6.91
6.98
6.96
6.79
6.53
6.38
6.4
6.48
6.44
6.37
6.16
6.08
6.09
6.0
5.94
5.86
5.93
6.05
6.14
6.21
6.29
6.3
6.29
6.28
6.25
6.19
6.18
6.18
6.19
6.15
6.08
6.02
5.97
5.95
5.98
5.96
5.94
5.88
5.89
5.88
5.85
5.82
5.79
5.78
5.74
5.63
5.49
5.44
5.46
5.51
5.57
5.62
5.62
5.63
5.63
5.62
5.62
5.61
5.6
5.58
5.56
5.54
5.5
5.41
5.28
5.2
5.13
5.12
5.1
5.08
5.07
5.07
5.07
5.01
4.94
4.89
4.83
4.83
4.88
4.93
4.96
4.89
4.81
4.79
4.78
4.77
4.79
4.8
4.79
4.78
4.75
4.75
4.77
4.78
4.78
4.79
4.8
4.8
4.81
4.81
4.82
4.83
4.85
4.87
4.87
4.88
4.89
4.88
4.84
4.81
4.81
4.82
4.82
4.81
4.83
4.83
4.84
4.83
4.82
4.82
4.81
4.82
4.8
4.79
4.77
4.75
4.76
4.76
4.76
4.74
4.73
4.68
4.7
4.74
4.74
4.75
4.76
4.77
4.78
4.79
4.76
4.75
4.74
4.74
4.74
4.67
4.62
4.58
4.57
4.6
4.63
4.67
4.69
4.68
4.62
4.56
4.57
4.55
4.52
4.51
4.52
4.52
4.51
4.49
4.45
4.4
4.4
4.44
4.45
4.41
4.36
4.32
4.34
4.33
4.35
4.37
4.36
4.36
4.36
4.34
4.34
4.34
4.33
4.32
4.3
4.32
4.32
4.33
4.34
4.33
4.32
4.3
4.3
4.35
4.37
4.35
4.33
4.32
4.31
4.32
4.32
4.33
4.34
4.35
4.33
4.31
4.3
4.3
4.3
4.3
4.31
4.31
4.29
4.26
4.27
4.28
4.29
4.29
4.29
4.3
4.32
4.32
4.31
4.32
4.33
4.32
4.32
4.32
4.32
4.32
4.32
4.33
4.32
4.32
4.31
4.33
4.33
4.31
4.3
4.3
4.3
4.3
4.29
4.29
4.27
4.27
4.28
4.28
4.29
4.3
4.31
4.3
4.28
4.29
4.29
4.29
4.3
4.29
4.3
4.29
4.29
4.3
4.3
4.3
4.31
4.32
4.32
4.32
4.3
4.29
4.29
4.3
4.31
4.31
4.31
4.32
4.32
4.33
4.34
4.34
4.32
4.31
4.31
4.32
4.33
4.32
4.33
4.33
4.34
4.34
4.38
4.38
4.37
4.36
4.38
4.4
4.42
4.39
4.39
4.4
4.41
4.41
4.4
4.4
4.42
4.43
4.44
4.44
4.45
4.44
4.43
4.45
4.45
4.45
4.44
4.44
4.45
4.43
4.43
4.44
4.44
4.43
4.44
4.44
4.42
4.42
4.44
4.45
4.44
4.44
4.46
4.44
4.44
4.44
4.45
4.45
4.47
4.45
4.44
4.42
4.42
4.42
4.43
4.43
4.43
4.44
4.44
4.46
4.47
4.46
4.47
4.48
4.49
4.5
4.5
4.52
4.54
4.53
4.53
4.55
4.54
4.57
4.55
4.54
4.56
4.56
4.55
4.55
4.56
4.57
4.57
4.58
4.58
4.55
4.56
4.56
4.57
4.58
4.56
4.57
4.59
4.57
4.57
4.57
4.58
4.57
4.61
4.6
4.62
4.62
4.64
4.64
4.64
4.64
4.63
4.65
4.64
4.67
4.67
4.64
4.65
4.67
4.69
4.69
4.68
4.67
4.69
4.7
4.71
4.72
4.73
4.74
4.74
4.74
4.72
4.73
4.76
4.76
4.74
4.73
4.75
4.76
4.77
4.8
4.82
4.83
4.8
4.81
4.81
4.81
4.83
4.82
4.85
4.85
4.84
4.9
4.9
4.89
4.88
4.89
4.95
4.94
5.04
4.98
4.9
4.88
4.89
4.9
4.89
4.86
4.89
4.9
4.92
4.94
4.97
4.98
5.02
5.06
5.06
5.01
5.0
4.98
5.02
5.02
5.05
5.03
5.04
5.02
5.03
5.03
5.02
5.04
5.06
5.04
5.04
5.03
5.0
4.99
4.98
4.94
4.92
4.89
4.87
4.85
4.84
4.82
4.84
4.84
4.83
4.81
4.81
4.79
4.72
4.71
4.69
4.69
4.64
4.61
4.61
4.62
4.62
4.61
4.62
4.62
4.63
4.63
4.63
4.63
4.63
4.65
4.65
4.66
4.66
4.63
4.61
4.61
4.59
4.57
4.54
4.47
4.47
4.46
4.4
4.38
4.38
4.39
4.36
4.39
4.41
4.4
4.44
4.48
4.5
4.51
4.51
4.49
4.47
4.49
4.5
4.46
4.46
4.47
4.46
4.45
4.44
4.45
4.46
4.44
4.44
4.43
4.42
4.43
4.45
4.42
4.43
4.43
4.44
4.47
4.49
4.53
4.51
4.49
4.49
4.49
4.51
4.54
4.58
4.62
4.61
4.62
4.65
4.68
4.73
4.77
4.74
4.73
4.79
4.79
4.77
4.79
4.78
4.8
4.8
4.78
4.78
4.81
4.76
4.74
4.77
4.74
4.73
4.72
4.7
4.65
4.62
4.56
4.48
4.54
4.58
4.66
4.75
4.8
4.77
4.77
4.79
4.78
4.77
4.79
4.75
4.74
4.7
4.72
4.69
4.67
4.66
4.71
4.69
4.64
4.6
4.58
4.58
4.57
4.55
4.55
4.57
4.59
4.61
4.6
4.59
4.57
4.58
4.6
4.58
4.6
4.62
4.59
4.61
4.65
4.7
4.73
4.73
4.71
4.7
4.72
4.71
4.72
4.73
4.72
4.72
4.7
4.72
4.72
4.73
4.73
4.71
4.71
4.72
4.72
4.73
4.72
4.72
4.73
4.74
4.74
4.75
4.75
4.76
4.77
4.76
4.75
4.74
4.74
4.76
4.75
4.75
4.75
4.76
4.76
4.75
4.76
4.77
4.74
4.73
4.75
4.74
4.75
4.74
4.71
4.7
4.72
4.69
4.69
4.64
4.51
4.54
4.56
4.52
4.54
4.59
4.54
4.56
4.52
4.56
4.49
4.43
4.38
4.39
4.41
4.26
4.2
4.11
4.18
4.18
4.17
4.2
4.26
4.22
4.28
4.29
4.32
4.36
4.7
5.02
4.79
4.7
4.71
4.73
4.77
4.82
4.82
4.8
4.88
4.9
4.91
5.02
5.06
5.0
4.98
4.92
4.86
4.75
4.62
4.46
4.33
4.44
4.57
4.6
4.73
4.74
4.75
4.76
4.77
4.73
4.74
4.69
4.63
4.62
4.59
4.58
4.59
4.59
4.59
4.58
4.58
4.56
4.55
4.52
4.5
4.49
4.46
4.45
4.45
4.43
