3.43
3.44
3.44
3.46
3.44
3.43
3.4
3.39
3.4
3.42
3.42
3.42
3.39
3.35
3.32
3.32
3.32
3.34
3.35
3.37
3.39
3.41
3.45
3.54
3.56
3.57
3.59
3.61
3.6
3.59
3.6
3.61
3.59
3.59
3.58
3.57
3.57
3.54
3.6
3.59
3.58
3.61
3.66
3.66
3.63
3.66
3.7
3.67
3.74
3.72
3.7
3.7
3.69
3.66
3.69
3.64
3.62
3.6
3.55
3.48
3.52
3.5
3.46
3.39
3.38
3.42
3.39
3.39
3.41
3.42
3.43
3.44
3.45
3.48
3.4
3.42
3.46
3.46
3.44
3.45
3.46
3.4
3.39
3.4
3.38
3.41
3.41
3.37
3.34
3.31
3.32
3.31
3.33
3.31
3.32
3.31
3.32
3.31
3.31
3.29
3.29
3.31
3.27
3.27
3.27
3.3
3.3
3.31
3.33
3.34
3.33
3.34
3.4
3.48
3.45
3.52
3.52
3.56
3.59
3.63
3.67
3.68
3.65
3.73
3.67
3.57
3.34
3.32
3.38
3.18
2.98
2.92
2.92
2.83
2.81
2.87
2.8
2.7
2.66
2.66
2.69
2.62
2.5
2.41
2.31
2.37
2.43
2.38
2.45
2.51
2.53
2.5
2.59
2.61
2.61
2.59
2.59
2.69
2.69
2.64
2.6
2.57
2.55
2.62
2.6
2.5
2.56
2.54
2.54
2.59
2.62
2.61
2.64
2.68
2.7
2.73
2.72
2.72
2.72
2.72
2.72
2.71
2.72
2.75
2.76
2.76
2.77
2.75
2.71
2.7
2.7
2.72
2.71
2.66
2.67
2.64
2.67
2.71
2.67
2.66
2.65
2.63
2.63
2.61
2.58
2.58
2.59
2.58
2.57
2.58
2.59
2.61
2.61
2.62
2.56
2.54
2.57
2.59
2.59
2.59
2.55
2.55
2.57
2.54
2.55
2.56
2.54
2.54
2.53
2.52
2.49
2.49
2.44
2.45
2.47
2.47
2.48
2.49
2.52
2.53
2.51
2.48
2.46
2.5
2.56
2.53
2.54
2.55
2.61
2.64
2.67
2.65
2.71
2.73
2.78
2.79
2.77
2.8
2.87
2.91
2.9
2.91
2.97
2.93
3.02
3.0
2.98
2.9
2.9
2.88
2.83
2.86
2.78
2.74
2.72
2.47
2.41
2.33
2.43
2.55
2.55
2.64
2.66
2.79
2.72
2.61
2.71
2.78
2.86
2.88
2.88
2.93
2.88
2.89
2.89
2.9
2.92
2.84
2.82
2.83
2.87
2.9
2.88
2.84
2.83
2.83
2.85
2.91
2.97
3.04
3.05
3.07
3.13
3.16
3.19
3.24
3.24
3.23
3.23
3.25
3.18
3.11
3.08
3.03
3.02
3.03
3.03
3.03
3.02
3.03
3.03
3.02
3.04
3.01
3.02
3.0
3.01
3.01
3.04
3.07
3.07
3.07
3.08
3.07
3.08
3.08
3.1
3.08
3.07
3.06
3.07
3.07
3.06
3.05
3.05
3.06
3.06
3.06
3.08
3.11
3.14
3.17
3.21
3.15
3.21
3.17
3.14
3.14
3.15
3.18
3.21
3.25
3.23
3.25
3.33
3.32
3.38
3.41
3.42
3.41
3.38
3.34
3.37
3.34
3.37
3.37
3.36
3.37
3.41
3.44
3.5
3.56
3.65
3.7
3.79
3.86
3.9
3.9
3.81
3.85
3.86
3.77
3.76
3.79
3.93
4.06
4.22
4.36
4.5
4.62
4.54
4.58
4.61
4.64
4.63
4.61
4.64
4.64
4.66
4.62
4.65
4.68
4.66
4.68
4.67
4.73
4.83
4.82
4.8
4.79
4.73
4.72
4.64
4.54
4.54
4.56
4.53
4.33
4.3
4.33
4.38
4.34
4.34
4.25
4.2
4.17
4.15
4.1
4.08
4.07
4.01
4.05
4.05
4.02
4.04
4.0
4.06
4.09
4.09
4.07
4.07
4.16
4.23
4.34
4.41
4.62
4.93
5.09
5.16
5.18
5.22
5.2
5.12
5.16
5.2
5.15
4.97
4.87
4.85
4.85
4.88
4.85
4.85
4.84
4.79
4.76
4.74
4.73
4.71
4.68
4.64
4.61
4.58
4.56
4.57
4.58
4.6
4.55
4.54
4.53
4.5
4.46
4.45
4.47
4.44
4.46
4.41
4.39
4.34
4.36
4.38
4.35
4.25
4.16
4.02
4.06
4.04
4.16
4.22
4.23
4.3
4.36
4.36
4.39
4.38
4.35
4.32
4.41
4.4
4.41
4.36
4.33
4.29
4.35
4.41
4.51
4.52
4.6
4.7
4.67
4.81
4.84
4.93
5.0
4.99
4.99
5.06
5.16
5.27
5.3
5.43
5.56
5.6
5.7
5.77
5.71
5.66
5.66
5.64
5.61
5.65
5.65
5.62
5.63
5.65
5.77
5.68
5.68
5.74
5.89
5.91
6.12
6.2
6.44
5.91
5.75
5.6
5.63
5.8
5.93
5.9
5.9
5.89
5.95
5.9
5.82
5.73
5.81
5.76
5.57
5.53
5.49
5.43
5.43
5.47
5.46
5.45
5.43
5.46
5.45
5.44
5.37
5.35
5.36
5.2
5.19
5.15
5.11
5.1
5.07
5.05
5.05
5.09
5.11
5.11
5.15
5.16
5.2
5.24
5.25
5.26
5.27
5.28
5.29
5.33
5.33
5.32
5.3
5.31
5.3
5.29
5.29
5.29
5.29
5.28
5.25
5.21
5.18
5.13
5.09
5.08
5.04
5.01
4.99
4.97
4.95
4.93
4.95
4.91
4.94
4.93
4.9
4.85
4.86
4.91
4.84
4.87
4.89
4.9
4.9
4.9
4.92
4.92
4.91
4.9
4.9
4.94
4.94
4.95
4.99
5.02
5.01
5.03
5.08
5.13
5.16
5.17
5.19
5.26
5.31
5.4
5.46
5.5
5.57
5.62
5.66
5.69
5.72
5.73
5.82
5.91
5.97
6.0
5.99
6.06
6.06
6.15
6.21
6.24
6.29
6.24
6.23
6.26
6.4
6.43
6.47
6.55
6.58
6.62
6.76
6.75
6.78
6.8
6.89
6.91
6.85
6.85
6.76
6.72
6.71
6.7
6.68
6.71
6.75
6.84
6.92
7.1
7.25
7.35
7.38
7.53
7.34
7.16
7.13
7.11
7.1
7.13
7.12
7.12
7.13
7.15
7.13
7.15
7.12
7.11
7.19
7.22
7.21
7.17
7.16
7.17
7.2
7.25
7.27
7.29
7.32
7.33
7.37
7.4
7.45
7.5
7.52
7.53
7.56
7.57
7.58
7.6
7.62
7.61
7.6
7.6
7.61
7.58
7.58
7.56
7.56
7.55
7.55
7.57
7.56
7.57
7.62
7.72
7.82
7.86
7.92
7.99
8.02
8.05
8.1
8.15
8.16
8.19
8.18
8.16
8.18
8.18
8.18
8.23
8.13
8.1
8.07
8.05
8.07
7.98
7.86
7.65
7.49
7.42
7.35
7.37
7.29
7.2
7.19
7.2
7.17
7.12
7.03
6.96
6.94
6.9
6.85
6.8
6.73
6.77
6.82
6.84
6.84
6.85
6.86
6.85
6.75
6.72
6.7
6.66
6.58
6.5
6.41
6.41
6.52
6.6
6.54
6.35
6.21
6.43
6.45
6.23
6.26
6.18
6.06
6.15
6.09
6.07
6.07
5.95
5.92
6.04
5.99
5.9
5.95
5.99
5.96
5.8
5.78
5.79
5.75
5.78
5.76
5.78
5.83
5.68
5.73
5.75
5.64
5.56
5.5
5.57
5.49
5.45
5.73
5.76
5.65
5.56
5.58
5.68
5.67
5.7
5.7
5.66
5.64
5.56
5.54
5.56
5.58
5.62
5.66
5.68
5.69
5.64
5.49
5.43
5.38
5.4
5.45
5.52
5.55
5.55
5.5
5.43
5.41
5.42
5.45
5.46
5.47
5.46
5.45
5.46
5.47
5.44
5.42
5.39
5.38
5.37
5.39
5.41
5.42
5.42
5.4
5.39
5.4
5.39
5.41
5.4
5.41
5.4
5.39
5.4
5.4
5.37
5.38
5.4
5.39
5.38
5.36
5.35
5.34
5.33
5.34
5.32
5.31
5.28
5.26
5.25
5.26
5.25
5.22
5.21
5.21
5.22
5.25
5.28
5.28
5.28
5.29
5.3
5.31
5.33
5.33
5.35
5.37
5.46
5.57
5.6
5.66
5.75
5.71
5.65
5.57
5.47
5.39
5.44
5.47
5.49
5.56
5.52
5.56
5.65
5.68
5.71
5.67
5.7
5.7
5.8
5.62
5.6
5.7
5.65
5.62
5.67
5.82
5.94
5.88
5.61
5.39
5.36
5.2
5.19
5.31
5.22
5.26
5.33
5.2
5.03
5.06
5.08
4.96
4.69
4.69
4.75
4.65
4.44
4.56
4.54
4.62
4.62
4.63
4.61
4.87
5.31
5.4
5.45
5.47
5.5
5.47
5.21
4.95
4.74
4.75
4.75
4.72
4.72
4.72
4.72
4.72
4.73
4.78
4.8
4.81
4.89
4.97
5.03
5.13
5.21
5.25
5.25
5.23
5.17
5.12
5.12
5.11
5.15
5.17
5.16
5.14
5.12
5.1
5.08
5.08
5.05
5.05
5.01
5.02
5.0
4.98
4.96
4.93
4.89
4.87
4.86
4.85
4.83
4.82
4.82
4.8
4.78
4.79
4.8
4.78
4.76
4.75
4.77
4.78
4.78
4.78
4.8
4.83
4.84
4.85
4.85
4.86
4.86
4.88
4.88
4.9
4.96
4.97
5.01
5.02
5.04
5.06
5.1
5.12
5.15
5.18
5.19
5.18
5.17
5.21
5.25
5.29
5.31
5.33
5.34
5.37
5.42
5.48
5.55
5.67
5.66
5.71
5.7
5.8
5.96
6.01
6.11
6.17
6.18
6.22
6.2
6.21
6.19
6.24
6.27
6.23
6.26
6.32
6.37
6.37
6.4
6.39
6.39
6.47
6.47
6.52
6.53
6.5
6.46
6.52
6.54
6.51
6.52
6.52
6.6
6.65
6.7
6.74
6.74
6.71
6.72
6.79
6.83
6.84
6.85
6.87
6.89
6.92
6.96
6.95
6.92
6.9
6.89
6.89
6.93
6.88
6.88
6.9
6.86
6.82
6.76
6.77
6.79
6.72
6.7
6.72
6.67
6.68
6.68
6.68
6.67
6.65
