7.16
7.05
7.0
6.98
7.04
6.99
6.9
6.87
6.82
6.8
6.8
6.8
6.81
6.84
6.86
6.85
6.85
6.9
6.91
6.94
6.95
7.04
7.29
7.32
7.35
7.31
7.41
7.38
7.35
7.32
7.27
7.17
7.16
7.15
7.17
7.18
7.21
7.22
7.28
7.32
7.4
7.42
7.41
7.38
7.4
7.4
7.41
7.41
7.42
7.43
7.44
7.44
7.44
7.44
7.45
7.44
7.46
7.49
7.52
7.49
7.48
7.56
7.52
7.51
7.54
7.51
7.55
7.57
7.54
7.56
7.55
7.61
7.64
7.63
7.68
7.71
7.73
7.8
7.88
8.0
8.09
8.21
8.22
8.28
8.34
8.45
8.48
8.59
8.51
8.6
8.65
8.69
8.88
8.96
9.09
9.15
9.33
9.4
9.49
9.64
9.53
9.52
9.84
9.76
9.61
9.72
9.76
9.8
9.82
9.85
9.86
9.72
9.88
9.86
9.84
9.77
9.87
9.72
9.69
9.66
9.63
9.61
9.54
9.57
9.54
9.49
9.57
9.66
9.81
10.12
10.18
10.08
10.04
10.08
10.1
10.09
10.16
10.22
10.17
10.16
10.23
10.29
10.29
10.26
10.21
10.18
10.2
10.17
10.12
10.11
10.08
10.03
9.99
10.03
9.87
9.76
9.73
9.74
9.73
9.7
9.68
9.71
9.61
9.52
9.62
9.54
9.39
9.18
9.12
9.22
9.3
9.36
9.24
9.16
9.27
9.18
9.05
9.01
8.88
8.66
8.71
8.75
8.74
8.81
8.89
8.76
8.8
8.65
8.73
8.51
8.63
8.4
8.38
8.55
8.35
8.46
8.36
8.55
8.4
8.13
8.3
8.41
8.42
8.5
8.62
8.65
8.77
8.88
8.9
8.83
8.81
8.79
8.85
8.89
8.9
8.98
9.02
9.12
9.16
9.29
9.34
9.37
9.46
9.48
9.56
9.53
9.67
9.76
9.71
9.75
9.85
9.79
9.83
9.82
9.93
9.95
10.04
10.1
10.13
10.26
10.34
10.45
10.5
10.56
10.63
10.69
10.74
10.76
10.84
10.92
10.88
10.84
10.81
10.75
10.75
10.85
10.76
10.8
10.71
10.71
10.67
10.65
10.59
10.42
10.31
10.21
10.09
10.12
10.15
9.98
9.95
9.91
10.24
10.59
10.89
10.6
9.42
8.77
8.95
8.75
8.91
8.86
9.08
9.13
9.12
8.98
8.8
9.07
9.08
9.19
9.49
9.95
10.54
10.57
10.26
9.89
10.05
9.97
10.11
10.39
10.53
10.46
10.33
10.29
10.42
10.52
10.61
10.67
10.68
10.68
10.73
10.78
10.77
10.74
10.65
10.68
10.54
10.35
10.39
10.43
10.3
10.34
10.29
10.26
10.22
10.13
10.0
10.03
10.03
9.84
9.9
9.77
9.7
9.62
9.31
9.22
9.3
9.27
9.2
9.16
9.05
9.13
9.18
9.22
9.24
9.3
9.24
8.95
8.95
9.02
8.95
8.85
8.78
8.67
8.52
8.48
8.46
8.51
8.61
8.73
8.79
8.46
8.41
8.56
8.79
8.89
8.96
8.97
8.86
8.5
8.26
8.46
8.42
8.31
8.15
8.24
8.26
8.27
8.14
8.2
8.16
8.14
7.93
7.89
7.89
7.96
7.88
7.9
7.86
7.9
8.01
7.98
7.89
7.77
7.77
7.77
7.83
7.82
7.9
7.97
8.01
7.81
7.7
7.58
7.51
7.45
7.42
7.45
7.38
7.28
7.25
7.23
7.24
7.29
7.3
7.27
7.25
7.25
7.26
7.3
7.27
7.26
7.27
7.28
7.28
7.3
7.3
7.31
7.3
7.29
7.31
7.25
7.21
7.18
7.11
7.08
7.12
7.12
7.02
6.93
6.92
6.93
6.93
6.89
6.87
6.84
6.77
6.77
6.86
6.97
6.93
6.75
6.7
6.78
6.7
6.63
6.62
6.63
6.58
6.52
6.57
6.57
6.54
6.51
6.51
6.49
6.46
6.38
6.25
6.24
6.21
6.18
6.21
6.21
6.21
6.14
6.11
6.05
6.13
6.13
6.03
5.94
5.9
5.85
5.8
5.76
5.76
5.79
6.01
6.23
6.33
6.31
6.23
6.22
6.24
6.36
6.39
6.53
6.6
6.67
6.71
6.84
7.01
7.13
7.27
7.37
7.26
7.15
6.86
6.86
6.44
6.04
5.51
5.31
6.16
6.12
6.34
5.8
5.74
5.57
5.49
5.49
5.53
5.47
5.37
5.4
5.45
5.44
5.51
5.47
5.59
5.5
5.47
5.4
5.45
5.52
5.55
5.56
5.51
5.49
5.44
5.55
5.49
5.52
5.43
5.47
5.34
5.29
5.35
5.35
5.37
5.3
5.27
5.28
5.39
5.46
5.5
5.48
5.53
5.71
5.75
5.79
5.95
5.77
5.68
5.63
5.62
5.62
5.56
5.71
5.61
5.65
5.94
6.09
6.17
6.08
5.96
6.0
6.29
6.24
6.09
6.12
6.27
6.3
6.36
6.39
6.45
6.52
6.59
6.64
6.64
6.64
6.6
6.6
6.61
6.64
6.62
6.64
6.63
6.62
6.64
6.63
6.66
6.67
6.69
6.71
6.69
6.61
6.54
6.55
6.53
6.52
6.51
6.5
6.5
6.41
6.38
6.38
6.47
6.49
6.45
6.43
6.4
6.41
6.42
6.5
6.54
6.51
6.52
6.59
6.69
6.75
6.83
6.93
6.95
6.96
7.07
7.23
7.31
7.38
7.42
7.43
7.5
7.52
7.46
7.44
7.46
7.44
7.5
7.52
7.54
7.58
7.68
7.69
7.76
7.7
7.72
7.68
7.73
7.71
7.75
7.83
7.71
7.81
7.83
7.86
7.9
7.91
7.97
8.09
8.22
8.26
8.27
8.39
8.38
8.57
8.53
8.71
8.69
8.77
8.74
8.86
8.84
8.47
8.58
8.57
8.82
8.7
8.71
8.62
8.62
8.63
8.58
8.65
8.57
8.5
8.46
8.35
8.2
7.89
7.79
7.68
7.51
7.45
7.44
7.4
7.35
7.3
7.3
7.26
7.2
7.18
7.16
7.12
7.11
6.98
6.86
6.74
6.7
6.67
6.65
6.62
6.54
6.49
6.43
6.4
6.33
6.26
6.18
6.12
6.08
6.1
6.14
6.16
6.16
6.01
5.97
5.97
5.98
5.98
5.99
5.96
5.97
5.93
5.83
5.87
5.88
5.79
5.78
5.79
5.69
5.66
5.62
5.61
5.53
5.53
5.56
5.51
5.48
5.48
5.47
5.45
5.44
5.47
5.47
5.46
5.48
5.48
5.48
5.5
5.52
5.52
5.5
5.54
5.56
5.54
5.52
5.5
5.45
5.44
5.41
5.44
5.45
5.45
5.43
5.36
5.38
5.41
5.43
5.38
5.39
5.38
5.38
5.39
5.33
5.36
5.3
5.36
5.41
5.5
5.47
5.44
5.42
5.46
5.39
5.37
5.32
5.37
5.37
5.41
5.44
5.46
5.5
5.53
5.5
5.52
5.57
5.61
5.65
5.69
5.73
5.79
5.79
5.85
5.88
5.89
5.94
5.95
6.01
6.04
6.09
6.16
6.17
6.16
6.19
6.25
6.23
6.18
6.25
6.24
6.26
6.25
6.19
6.2
6.25
6.17
6.17
6.15
6.14
6.08
6.08
6.1
6.12
6.13
6.12
6.1
6.12
6.11
6.11
6.12
6.11
6.13
6.12
6.11
6.07
6.07
6.06
6.06
6.08
6.07
6.1
6.09
6.11
6.11
6.1
6.09
6.11
6.13
6.15
6.14
6.11
6.11
6.1
6.1
6.1
6.1
6.1
6.08
6.06
6.07
6.1
6.12
6.1
6.12
6.14
6.15
6.12
6.15
6.13
6.15
6.16
6.18
6.19
6.16
6.16
6.19
6.2
6.18
6.21
6.23
6.25
6.25
6.24
6.23
6.25
6.25
6.27
6.27
6.25
6.25
6.29
6.32
6.35
6.37
6.39
6.43
6.38
6.54
6.46
6.48
6.6
6.51
6.49
6.57
6.56
6.62
6.67
6.7
6.71
6.68
6.73
6.68
6.75
6.83
6.84
6.88
6.89
6.84
6.75
6.78
6.81
6.83
6.72
6.77
6.84
6.78
6.9
6.77
6.79
6.79
6.67
6.68
6.65
6.62
6.61
6.58
6.62
6.71
6.74
6.69
6.6
6.66
6.5
6.49
6.56
6.5
6.45
6.41
6.39
6.43
6.41
6.7
7.09
7.25
7.35
7.64
7.76
7.56
7.59
7.48
7.62
7.5
7.51
7.51
7.6
7.62
7.59
7.49
7.5
7.61
7.64
7.64
7.61
7.59
7.6
7.65
7.72
7.71
7.66
7.63
7.62
7.51
7.48
7.32
7.29
7.28
7.36
7.27
7.15
7.09
7.16
7.18
7.15
7.14
7.14
7.07
7.02
7.01
6.96
6.94
6.94
6.95
6.88
6.72
6.53
6.62
6.72
6.74
6.76
6.78
6.83
6.88
6.94
7.01
7.02
7.01
7.01
6.96
6.93
6.92
6.93
6.95
6.96
7.0
7.03
7.04
7.07
7.12
7.14
7.14
7.13
7.15
7.14
7.13
7.14
7.12
7.13
7.11
7.18
7.18
7.2
7.26
7.43
7.51
7.52
7.62
7.76
7.83
8.05
8.12
8.28
8.16
8.08
7.83
7.86
7.94
8.04
7.95
8.0
7.88
7.71
7.73
7.73
7.62
7.51
7.15
6.83
6.85
6.99
6.75
6.89
6.89
6.76
6.67
6.66
6.53
6.64
6.64
6.53
6.39
6.63
6.65
6.41
6.42
6.58
6.64
6.53
6.47
6.5
6.49
6.37
6.31
6.34
6.43
6.41
6.35
6.47
6.42
6.59
6.56
6.68
6.62
6.59
6.73
6.66
6.71
6.85
6.73
6.7
6.64
6.81
6.85
6.93
6.92
6.89
6.93
6.96
6.88
6.88
6.72
6.64
6.5
6.65
6.75
6.68
6.66
6.77
6.99
7.07
6.98
6.96
6.85
6.88
7.03
7.02
7.0
7.03
7.11
7.0
7.02
7.06
7.03
7.01
6.98
6.99
6.99
7.01
7.01
7.0
6.93
6.75
6.94
6.98
6.93
6.95
6.93
6.92
6.89
6.9
6.87
6.7
6.74
6.81
6.85
6.83
6.87
6.86
6.86
6.89
6.94
