7.61
7.65
7.71
7.73
7.57
7.63
7.64
7.63
7.61
7.44
7.43
7.45
7.48
7.49
7.48
7.46
7.47
7.44
7.45
7.46
7.48
7.46
7.45
7.43
7.34
7.33
7.42
7.38
7.4
7.32
7.34
7.33
7.32
7.35
7.35
7.33
7.13
7.09
7.21
7.28
7.33
7.29
7.25
7.38
7.43
7.31
7.27
7.29
7.4
7.52
7.59
7.66
7.71
7.74
7.81
8.02
8.13
8.24
8.36
8.47
8.51
8.52
8.59
8.66
8.7
8.77
8.8
8.84
8.95
8.92
8.93
9.0
9.04
9.1
9.15
9.05
9.08
8.73
8.92
8.37
8.45
8.47
8.16
8.35
8.4
8.56
7.94
8.47
8.4
8.28
8.22
8.2
8.35
8.35
8.31
8.26
8.29
8.21
8.27
8.04
7.91
7.87
7.81
7.78
7.75
7.94
8.09
8.3
8.37
8.4
8.23
8.25
8.2
8.02
8.17
8.14
8.2
8.2
8.25
8.3
8.34
8.41
8.35
8.47
8.55
8.62
8.63
8.55
8.64
8.59
8.64
8.66
8.62
8.61
8.55
8.55
8.55
8.53
8.53
8.54
8.54
8.56
8.57
8.55
8.54
8.51
8.49
8.48
8.45
8.39
8.35
8.27
8.33
8.39
8.35
8.32
8.21
8.21
8.27
8.12
8.1
8.18
8.17
8.12
8.12
8.1
8.01
7.99
8.05
8.14
8.01
8.07
8.0
7.94
7.96
7.95
7.96
8.02
8.05
7.97
7.92
7.88
7.92
8.0
8.03
8.04
8.0
7.92
7.97
8.04
8.11
8.13
8.14
8.15
8.23
8.28
8.38
8.43
8.4
8.55
8.58
8.66
8.74
8.8
8.73
8.51
8.57
8.47
8.41
8.4
8.14
8.2
8.31
8.36
8.45
8.41
8.52
8.7
8.53
8.84
8.83
8.92
9.05
9.01
9.01
8.75
8.64
8.57
8.51
8.76
9.06
8.9
8.84
8.84
9.0
9.01
9.06
9.17
9.25
9.18
9.11
9.21
9.17
9.22
9.24
9.26
9.25
9.45
9.43
9.63
9.61
9.67
9.9
9.87
9.85
10.41
10.58
10.66
10.55
10.58
10.6
10.57
10.63
10.71
10.74
10.67
10.58
10.53
10.22
10.05
10.03
10.06
10.1
10.03
10.0
10.0
10.01
10.0
10.01
9.98
9.68
9.58
9.45
9.35
9.34
9.33
9.27
9.17
9.04
9.04
8.99
8.98
8.96
8.93
8.88
8.84
8.82
8.78
8.77
8.73
8.68
8.68
8.65
8.62
8.54
8.52
8.52
8.52
8.51
8.5
8.53
8.56
8.45
8.42
8.44
8.42
8.38
8.4
8.39
8.37
8.37
8.32
8.34
8.34
8.39
8.35
8.33
8.33
8.36
8.38
8.45
8.49
8.55
8.62
8.62
8.53
8.31
8.26
8.35
8.33
8.32
8.29
8.32
8.27
8.29
8.28
8.28
8.23
8.18
8.22
8.27
8.36
8.44
8.46
8.44
8.02
8.04
8.06
8.19
8.18
8.16
8.25
8.22
8.18
8.12
7.9
8.09
8.2
7.99
8.01
7.98
7.54
7.8
7.87
7.74
7.74
7.96
7.68
7.64
7.62
7.78
7.87
7.74
7.56
7.57
7.5
7.4
7.58
7.48
7.5
7.55
7.49
7.57
7.56
7.61
7.53
7.58
7.57
7.52
7.7
7.74
7.83
7.69
7.57
7.53
7.49
7.65
7.72
7.66
7.63
7.61
7.78
7.72
7.83
7.8
7.64
7.67
7.82
8.04
8.09
8.09
8.12
8.12
8.13
8.09
8.07
8.06
8.07
8.1
8.09
8.07
8.05
8.03
8.02
8.09
8.14
8.21
8.19
8.06
7.92
7.95
7.83
7.8
7.85
7.85
7.81
7.74
7.76
7.92
7.94
7.82
7.78
7.76
7.68
7.66
7.64
7.62
7.67
7.65
7.57
7.56
7.58
7.62
7.58
7.51
7.58
7.5
7.44
7.46
7.46
7.4
7.36
7.39
7.42
7.53
7.57
7.61
7.61
7.63
7.67
7.77
7.74
7.74
7.77
7.83
7.9
7.96
8.09
8.2
8.28
8.38
8.4
8.44
8.51
8.53
8.72
8.74
8.79
8.67
8.38
7.96
8.15
8.05
7.97
7.9
7.76
7.91
8.25
8.21
8.22
8.31
8.41
8.18
8.2
8.24
8.29
7.98
8.02
7.86
7.77
7.81
7.76
7.77
7.75
7.87
7.98
7.85
7.88
7.94
7.99
8.05
8.09
8.14
8.14
8.1
8.23
8.28
8.3
8.23
8.25
8.32
8.21
8.17
8.03
8.06
8.11
8.12
8.04
8.02
8.03
7.95
8.09
8.09
8.04
8.08
8.2
8.11
8.29
8.24
8.19
8.23
8.29
8.34
8.33
8.32
8.27
8.25
8.26
8.29
8.27
8.32
8.38
8.41
8.64
8.62
8.56
8.53
8.57
8.48
8.46
8.63
8.57
8.54
8.48
8.6
8.64
8.57
8.45
8.29
8.34
8.39
8.39
8.39
8.41
8.4
8.41
8.35
8.3
8.23
8.27
8.37
8.34
8.26
8.25
8.3
8.25
8.25
8.23
8.24
8.14
8.06
8.14
8.15
8.13
8.2
8.21
8.16
8.11
8.06
8.09
8.2
8.24
8.38
8.38
8.42
8.51
8.56
8.58
8.64
8.65
8.67
8.76
8.84
8.92
8.99
8.96
9.05
9.28
9.43
9.57
9.67
9.78
9.92
9.86
9.76
9.44
9.31
9.4
9.36
9.42
9.36
9.43
9.52
9.28
9.2
9.19
9.09
8.98
8.95
9.04
9.02
9.07
9.1
9.02
9.03
9.09
9.06
9.41
9.23
9.32
9.38
9.07
9.15
9.14
9.08
9.09
9.0
8.99
8.94
8.93
8.87
8.82
8.64
8.53
8.5
8.7
8.61
8.65
8.85
8.95
9.11
9.14
9.08
9.15
9.31
9.37
9.38
9.28
9.33
9.41
9.19
9.21
9.25
9.34
9.37
9.41
9.44
9.4
9.37
9.37
9.37
9.4
9.4
9.45
9.46
9.52
9.45
9.45
9.51
9.54
9.55
9.4
9.43
9.61
9.6
9.49
9.39
9.28
9.32
9.23
9.16
9.39
9.43
9.27
9.35
9.41
9.43
9.51
9.55
9.64
9.66
9.69
9.7
9.36
9.49
9.65
9.69
9.69
9.64
9.58
9.46
9.37
9.23
9.22
9.27
9.19
9.26
9.23
9.2
9.02
9.07
9.05
9.1
9.19
9.18
9.18
9.27
9.4
9.56
9.56
9.67
9.85
9.83
9.93
10.0
10.08
10.17
10.31
10.34
10.44
10.51
10.54
10.64
10.72
10.81
10.88
10.95
10.98
11.03
11.07
11.02
10.95
10.97
10.95
11.03
11.04
10.99
11.01
10.89
10.95
10.82
10.84
10.98
10.82
10.81
10.77
10.73
10.69
10.79
10.57
10.24
10.52
10.52
10.58
10.61
10.25
10.46
10.42
10.41
10.35
10.27
10.22
10.23
10.34
10.14
10.09
10.13
10.04
9.92
9.9
9.8
9.98
9.74
9.77
9.9
9.89
9.71
9.72
9.75
9.74
9.71
9.66
9.57
9.74
9.72
9.77
9.83
9.8
9.74
9.75
9.72
9.66
9.79
9.85
9.79
9.73
9.67
9.64
9.65
9.64
9.65
9.63
9.69
9.76
9.8
9.85
9.81
9.78
9.76
9.69
9.7
9.71
9.69
9.62
9.59
9.52
9.5
9.46
9.45
9.53
9.49
9.46
9.46
9.41
9.4
9.39
9.37
9.33
9.35
9.28
9.25
9.21
9.17
9.14
9.13
9.08
9.09
9.11
9.1
9.1
9.09
9.09
9.03
9.03
9.01
9.02
9.13
9.13
9.2
9.25
9.31
9.33
9.4
9.5
9.67
9.78
9.83
9.85
9.93
9.98
10.05
10.14
10.09
10.02
9.88
9.91
9.86
9.92
9.85
9.86
9.97
9.98
10.03
10.15
10.17
10.27
10.35
10.25
10.34
10.09
9.92
9.87
10.02
10.01
9.82
9.74
9.94
10.04
9.83
9.65
9.81
9.85
9.63
9.75
9.81
9.78
9.76
10.06
9.82
9.49
9.56
9.51
9.63
9.81
9.71
9.83
9.84
9.99
9.94
9.92
9.99
10.07
10.08
10.08
10.08
10.18
10.2
10.26
10.23
10.27
10.26
10.3
10.2
10.15
10.13
10.18
10.39
10.32
10.12
10.06
10.01
9.93
9.94
9.93
9.9
9.88
9.72
9.69
9.67
9.63
9.61
9.61
9.56
9.51
9.47
9.47
9.41
9.39
9.31
9.24
9.25
9.21
9.16
9.14
9.14
9.09
9.11
9.26
9.28
9.21
9.26
9.27
9.33
9.35
9.35
9.36
9.36
9.37
9.38
9.38
9.37
9.33
9.31
9.31
9.3
9.29
9.27
9.29
9.28
9.29
9.31
9.3
9.22
9.19
9.18
9.12
9.11
9.13
9.17
9.22
9.22
9.39
9.49
9.51
9.52
9.5
9.52
9.54
9.62
9.65
9.67
9.67
9.66
9.66
9.68
9.69
9.7
9.73
9.73
9.76
9.77
9.79
9.81
9.82
9.82
9.86
9.89
9.88
9.92
9.96
9.99
10.04
10.08
10.14
10.16
10.18
10.22
10.27
10.33
10.27
10.45
10.56
10.53
10.58
10.67
10.69
10.68
10.67
10.77
10.57
10.51
10.37
10.34
10.33
10.25
10.25
10.23
10.05
10.12
9.99
9.98
9.93
10.23
10.07
9.95
10.04
10.12
9.75
10.1
10.08
9.95
9.96
9.94
9.78
10.01
9.92
9.74
9.76
9.8
9.71
9.42
9.43
9.41
9.44
9.46
9.44
9.38
9.41
9.32
9.27
9.28
9.28
9.19
9.22
9.28
9.55
9.52
9.47
9.57
9.48
9.4
9.52
9.65
9.57
9.58
9.42
9.36
9.37
9.32
9.33
9.39
9.34
9.38
9.41
9.31
9.23
9.18
9.14
9.15
9.1
9.08
8.96
8.9
8.89
8.97
9.05
9.02
8.95
8.99
8.88
8.6
8.65
8.56
8.31
8.39
8.5
8.49
8.5
8.51
8.5
8.48
8.44
8.29
8.34
8.34
8.44
8.62
8.7
8.55
8.62
