5.12
5.2
5.19
5.24
5.32
5.47
5.42
5.37
5.38
5.41
5.3
5.31
5.39
5.3
5.26
5.31
5.44
5.49
5.57
5.58
5.67
5.71
5.68
5.72
5.76
5.81
5.77
5.88
5.94
5.99
5.98
5.93
5.89
5.7
5.74
5.77
5.78
5.69
5.57
5.65
5.73
5.68
5.75
5.65
5.57
5.49
5.65
5.61
5.62
5.51
5.36
5.29
5.36
5.41
5.47
5.58
5.51
5.67
5.72
5.72
5.73
5.8
5.83
5.8
5.73
5.73
5.69
5.66
5.54
5.47
5.29
5.26
5.23
5.19
5.26
5.51
5.71
5.8
5.91
5.83
5.77
5.63
5.69
5.72
5.78
5.86
5.86
5.85
5.87
5.89
5.89
5.75
5.58
5.58
5.63
5.58
5.51
5.48
5.46
5.44
5.43
5.47
5.43
5.37
5.36
5.35
5.31
5.28
5.26
5.26
5.25
5.24
5.25
5.25
5.24
5.28
5.29
5.3
5.31
5.32
5.32
5.34
5.35
5.34
5.33
5.33
5.34
5.34
5.35
5.35
5.34
5.33
5.34
5.35
5.36
5.37
5.36
5.39
5.41
5.42
5.44
5.44
5.46
5.49
5.51
5.51
5.51
5.52
5.54
5.57
5.61
5.62
5.64
5.64
5.68
5.67
5.7
5.74
5.78
5.78
5.77
5.79
5.84
5.88
6.0
6.03
6.08
6.11
6.18
6.23
6.16
6.16
6.18
6.3
6.37
6.47
6.48
6.49
6.51
6.53
6.54
6.56
6.61
6.63
6.66
6.71
6.76
6.82
6.88
6.94
6.96
6.96
7.0
7.01
7.02
7.05
7.07
7.12
7.12
7.13
7.12
7.14
7.14
7.12
7.13
7.13
7.11
7.11
7.13
7.12
7.13
7.09
7.07
7.05
7.07
7.08
7.04
7.01
7.0
6.98
6.95
6.96
6.95
6.95
6.93
6.93
6.94
6.93
6.94
6.95
6.96
6.97
6.98
6.98
6.98
6.98
6.99
6.99
7.0
7.01
7.01
6.98
6.99
6.98
6.97
6.97
6.98
6.97
6.98
6.97
6.95
6.94
6.93
6.91
6.9
6.88
6.86
6.84
6.83
6.8
6.79
6.75
6.72
6.7
6.67
6.67
6.63
6.6
6.58
6.57
6.55
6.53
6.51
6.49
6.48
6.46
6.44
6.41
6.4
6.39
6.38
6.35
6.34
6.34
6.32
6.32
6.31
6.31
6.31
6.32
6.34
6.34
6.33
6.3
6.31
6.32
6.3
6.34
6.38
6.4
6.4
6.39
6.38
6.38
6.39
6.43
6.42
6.45
6.47
6.5
6.56
6.64
6.63
6.69
6.71
6.74
6.68
6.69
6.7
6.68
6.68
6.75
6.8
6.77
6.82
6.91
6.96
6.87
6.84
6.87
6.86
6.8
6.89
6.87
6.85
6.8
6.82
6.79
6.8
6.82
6.8
6.7
6.78
6.75
6.72
6.75
6.77
6.81
6.77
6.76
6.76
6.81
6.75
6.66
6.69
6.71
6.76
6.76
6.76
6.71
6.72
6.76
6.77
6.76
6.72
6.71
6.71
6.7
6.71
6.7
6.74
6.73
6.74
6.74
6.72
6.74
6.76
6.8
6.74
6.75
6.7
6.79
6.85
6.85
6.77
6.63
6.57
6.58
6.55
6.54
6.58
6.5
6.55
6.56
6.56
6.49
6.53
6.54
6.52
6.44
6.46
6.43
6.34
6.35
6.44
6.54
6.4
6.34
6.34
6.35
6.39
6.44
6.47
6.47
6.49
6.62
6.58
6.53
6.54
6.59
6.57
6.58
6.62
6.54
6.62
6.46
6.51
6.55
6.63
6.68
6.68
6.68
6.68
6.8
6.78
6.7
6.63
6.62
6.69
6.7
6.61
6.72
6.7
6.77
6.83
6.87
6.91
6.89
6.87
6.97
7.05
7.26
7.19
7.26
7.35
7.28
7.37
7.27
7.27
7.1
7.23
7.49
7.44
7.39
7.23
7.19
7.16
6.95
6.77
6.74
6.66
6.74
6.59
6.43
6.51
6.34
6.45
6.63
6.35
6.03
5.92
5.92
5.96
5.96
5.74
6.06
5.94
6.01
6.08
6.1
6.3
6.32
6.13
6.32
6.49
6.49
6.42
6.44
6.58
6.57
6.41
6.56
6.53
6.69
6.62
6.53
6.61
6.8
6.91
7.03
7.07
7.24
7.35
7.38
7.37
7.38
7.35
7.35
7.32
7.29
7.42
7.47
7.47
7.43
7.43
7.42
7.5
7.49
7.49
7.55
7.54
7.47
7.48
7.49
7.43
7.41
7.44
7.44
7.43
7.4
7.38
7.2
7.24
7.23
7.19
7.15
7.16
7.07
7.06
7.15
7.11
7.03
6.99
7.02
6.94
6.92
6.9
6.86
6.83
6.84
6.73
6.72
6.73
6.77
6.8
6.8
6.86
6.78
6.83
6.82
6.9
7.02
6.92
6.87
6.89
7.04
7.27
7.2
7.33
7.19
7.26
7.29
7.43
7.47
7.45
7.47
7.49
7.54
7.53
7.59
7.56
7.58
7.59
7.62
7.71
7.81
7.94
8.05
8.14
8.26
8.28
8.39
8.61
8.72
8.93
9.07
8.97
9.01
8.74
8.44
8.2
8.17
8.1
8.28
8.33
8.4
8.35
7.99
7.88
8.07
8.08
8.03
7.99
7.72
7.81
7.95
8.18
8.29
8.12
8.17
7.78
7.85
7.75
7.85
7.83
7.87
7.74
7.75
7.64
7.66
7.64
7.59
7.39
7.51
7.64
7.74
7.7
7.52
7.39
7.44
7.51
7.44
7.39
7.34
7.33
7.23
7.07
7.01
7.01
7.05
6.98
6.94
6.97
6.79
6.82
6.78
6.68
6.62
6.53
6.53
6.57
6.53
6.44
6.41
6.38
6.4
6.4
6.41
6.41
6.41
6.41
6.44
6.43
6.44
6.43
6.39
6.35
6.17
6.13
6.23
6.23
6.2
6.22
6.23
6.23
6.19
6.19
6.15
6.09
5.96
5.74
5.65
5.6
5.65
5.62
5.57
5.52
5.55
5.59
5.61
5.53
5.51
5.52
5.52
5.52
5.53
5.62
5.77
5.81
5.75
5.83
5.85
5.84
5.85
5.84
5.83
5.91
5.94
5.96
5.96
6.08
6.16
6.25
6.32
6.43
6.46
6.43
6.51
6.49
6.49
6.59
6.55
6.6
6.64
6.71
6.86
6.95
6.97
6.92
6.83
6.87
6.86
6.85
6.9
6.97
6.99
7.01
6.94
6.88
6.9
6.94
6.78
6.77
6.92
6.89
6.87
6.82
6.91
7.07
7.08
7.19
7.28
7.32
7.37
7.38
7.42
7.48
7.52
7.52
7.42
7.24
7.25
7.24
7.25
7.27
7.28
7.28
7.29
7.32
7.38
7.45
7.49
7.51
7.54
7.56
7.59
7.62
7.65
7.67
7.7
7.74
7.77
7.79
7.82
7.88
7.91
7.93
7.93
7.95
7.96
7.99
8.05
8.07
8.08
8.1
8.25
8.29
8.38
8.4
8.42
8.45
8.52
8.62
8.72
8.79
8.79
8.86
8.95
9.03
9.1
9.12
9.2
9.28
9.32
9.36
9.37
9.38
9.34
9.32
9.28
9.24
9.2
9.18
9.11
9.05
9.0
9.0
8.98
9.0
9.01
8.99
8.95
8.89
8.87
8.9
8.88
8.88
8.9
8.9
8.91
8.94
9.03
9.07
9.16
9.23
9.29
9.36
9.42
9.51
9.58
9.62
9.63
9.65
9.65
9.62
9.56
9.49
9.47
9.42
9.37
9.33
9.29
9.25
9.26
9.28
9.31
9.37
9.4
9.4
9.48
9.57
9.62
9.6
9.57
9.43
9.34
9.29
9.31
9.32
9.3
9.27
9.43
9.46
9.46
9.49
9.35
9.23
9.21
9.18
9.16
9.16
9.17
9.23
9.26
9.25
9.28
9.32
9.37
9.41
9.47
9.52
9.59
9.64
9.7
9.8
9.87
9.95
10.02
10.09
10.12
10.22
10.34
10.49
10.63
10.54
10.46
10.37
10.08
9.75
9.6
9.52
9.49
9.47
9.47
9.47
9.47
9.48
9.54
9.56
9.56
9.51
9.53
9.57
9.62
9.65
9.65
9.64
9.67
9.7
9.69
9.68
9.7
9.71
9.7
9.64
9.64
9.64
9.63
9.58
9.61
9.56
9.51
9.42
9.35
9.34
9.32
9.26
9.18
9.2
9.19
9.05
8.93
8.85
8.89
8.81
8.73
8.64
8.58
8.58
8.52
8.56
8.64
8.52
8.39
8.24
8.24
8.09
8.11
8.1
8.12
8.22
8.23
8.24
8.26
8.26
8.38
8.66
8.5
8.55
8.51
8.53
8.56
8.6
8.61
8.68
8.82
9.31
9.76
9.95
10.02
10.02
10.05
10.11
10.08
10.03
9.94
9.93
9.91
9.87
9.79
9.71
9.66
9.71
9.66
9.51
9.36
9.33
9.29
9.15
9.12
9.09
9.12
9.16
9.21
9.18
9.21
9.22
9.19
9.25
9.3
9.39
9.52
9.62
9.7
9.77
9.76
9.61
9.68
9.66
9.56
9.52
9.34
9.19
9.14
9.15
9.19
9.23
9.16
9.12
9.05
8.99
8.95
8.95
8.93
8.87
8.79
8.78
8.76
8.73
8.72
8.63
8.55
8.47
8.44
8.42
8.41
8.38
8.37
8.35
8.31
8.28
8.25
8.23
8.21
8.22
8.19
8.16
8.1
8.07
8.03
7.99
7.96
7.93
7.9
7.87
7.85
7.82
7.81
7.79
7.78
7.76
7.73
7.72
7.71
7.68
7.65
7.63
7.6
7.58
7.57
7.53
7.49
7.44
7.43
7.37
7.31
7.32
7.29
7.28
7.19
7.14
7.13
7.13
7.11
7.05
7.01
6.96
6.93
6.9
6.81
6.76
6.7
6.62
6.52
6.44
6.35
6.35
6.39
6.39
6.35
6.33
6.31
6.31
6.27
6.26
6.26
6.25
6.22
6.22
6.24
6.26
6.28
6.29
6.28
6.28
6.24
6.16
6.09
6.14
6.06
6.05
6.04
6.09
6.09
6.04
5.96
5.98
6.09
6.19
6.14
6.1
6.09
6.07
6.06
6.04
5.98
5.98
5.99
5.98
6.02
6.02
6.01
6.01
6.04
6.08
6.1
6.13
6.15
6.2
6.22
