3.14
3.06
3.02
3.02
3.03
3.03
3.02
3.02
3.01
2.98
2.96
2.94
2.93
2.91
2.89
2.88
2.89
2.9
2.88
2.9
2.89
2.89
2.88
2.88
2.89
2.89
2.88
2.9
2.88
2.86
2.85
2.85
2.86
2.86
2.87
2.9
2.9
2.92
2.93
2.95
2.98
3.02
3.03
3.04
3.08
3.15
3.23
3.33
3.44
3.52
3.67
3.88
3.98
4.24
4.37
4.39
4.24
4.01
3.89
3.87
3.93
3.93
3.93
3.98
3.99
3.99
3.97
3.99
4.02
3.98
3.76
3.77
3.8
3.79
3.75
3.76
3.75
3.69
3.8
3.77
3.85
3.96
3.97
3.99
3.96
4.0
3.99
3.93
3.95
3.94
3.95
4.0
4.02
4.02
4.0
3.96
3.98
3.99
4.03
3.99
3.96
3.96
4.03
4.01
3.97
3.97
3.94
3.94
3.98
3.94
3.87
3.85
3.83
3.87
3.92
3.91
3.86
3.8
3.76
3.81
3.86
3.85
3.81
3.8
3.76
3.67
3.63
3.62
3.65
3.66
3.64
3.64
3.59
3.53
3.54
3.57
3.57
3.41
3.52
3.63
3.43
3.11
3.04
3.12
3.22
3.19
3.15
3.15
3.14
3.19
3.18
3.15
3.11
3.05
3.01
3.01
3.04
3.03
3.04
3.02
3.07
3.05
3.03
3.04
3.0
3.0
3.04
3.06
3.05
3.05
3.01
3.02
3.01
3.08
2.99
3.01
3.01
3.01
2.93
2.96
3.05
3.15
3.23
3.31
3.39
3.43
3.38
3.33
3.58
3.61
3.71
3.64
3.65
3.76
3.79
3.82
3.8
3.88
3.91
3.95
4.02
3.97
3.93
3.95
3.95
3.98
4.04
4.07
4.07
4.11
4.12
4.17
4.16
4.13
4.15
4.19
4.13
4.1
4.18
4.18
4.26
4.22
4.26
4.3
4.29
4.29
4.33
4.3
4.36
4.42
4.38
4.41
4.4
4.32
4.31
4.33
4.37
4.4
4.48
4.56
4.59
4.58
4.58
4.61
4.61
4.64
4.65
4.64
4.61
4.56
4.55
4.51
4.52
4.51
4.45
4.32
4.42
4.38
4.39
4.4
4.36
4.37
4.39
4.2
4.05
4.17
4.22
4.23
4.2
4.12
4.07
4.09
4.05
4.02
3.97
3.88
3.91
3.98
3.9
3.84
3.82
3.79
3.77
3.76
3.82
3.81
3.78
3.73
3.71
3.76
3.81
3.74
3.75
3.76
3.72
3.69
3.69
3.66
3.64
3.7
3.67
3.63
3.61
3.59
3.6
3.57
3.6
3.62
3.62
3.58
3.53
3.56
3.56
3.61
3.57
3.61
3.6
3.62
3.62
3.58
3.56
3.52
3.57
3.56
3.56
3.56
3.55
3.55
3.57
3.61
3.64
3.63
3.63
3.66
3.71
3.79
3.93
3.96
4.05
4.14
4.12
4.17
4.38
4.57
4.64
4.6
4.46
4.45
4.41
4.32
4.38
4.49
4.56
4.56
4.57
4.61
4.65
4.68
4.72
4.75
4.8
4.81
4.81
4.81
4.84
4.87
4.93
4.97
5.0
5.05
5.09
5.08
5.06
5.06
5.06
5.04
5.04
5.04
5.05
5.03
5.03
5.02
5.02
5.03
5.04
5.04
5.07
5.07
5.07
5.08
5.09
5.09
5.09
5.1
5.11
5.12
5.11
5.12
5.14
5.14
5.12
5.12
5.14
5.14
5.14
5.13
5.14
5.14
5.15
5.16
5.19
5.21
5.19
5.19
5.18
5.17
5.18
5.21
5.26
5.26
5.28
5.23
5.26
5.31
5.33
5.35
5.36
5.37
5.32
5.31
5.32
5.32
5.32
5.33
5.34
5.34
5.35
5.35
5.33
5.34
5.39
5.37
5.35
5.39
5.4
5.32
5.34
5.32
5.31
5.3
5.29
5.25
5.21
5.17
5.24
5.19
5.06
5.01
5.09
5.16
5.16
5.14
5.14
5.11
5.12
5.17
5.16
5.15
5.14
5.12
5.14
5.15
5.15
5.18
5.25
5.21
5.25
5.25
5.26
5.28
5.3
5.28
5.29
5.36
5.41
5.47
5.5
5.63
5.75
5.78
5.81
5.91
6.0
6.03
6.04
6.11
6.18
6.12
6.1
6.13
6.16
6.16
6.24
6.28
6.33
6.35
6.4
6.42
6.38
6.37
6.38
6.4
6.47
6.47
6.4
6.42
6.42
6.42
6.44
6.39
6.42
6.42
6.39
6.38
6.38
6.38
6.42
6.39
6.37
6.38
6.37
6.36
6.36
6.34
6.33
6.36
6.33
6.33
6.28
6.21
6.22
6.19
6.2
6.23
6.23
6.2
6.16
6.2
6.21
6.2
6.18
6.15
6.12
6.12
6.09
6.08
6.09
6.1
6.11
6.12
6.13
6.15
6.12
6.12
6.07
6.04
6.05
6.07
6.12
6.03
6.03
6.02
6.03
6.02
6.01
6.02
6.04
6.02
6.02
6.02
5.98
5.85
5.88
5.92
5.91
5.9
5.93
5.88
5.8
5.64
5.57
5.47
5.33
5.43
5.5
5.53
5.46
5.43
5.47
5.5
5.5
5.61
5.56
5.55
5.56
5.57
5.59
5.61
5.56
5.53
5.54
5.56
5.53
5.47
5.44
5.43
5.51
5.43
5.37
5.39
5.35
5.36
5.4
5.5
5.56
5.65
5.69
5.79
5.93
6.16
6.35
6.54
6.81
6.83
6.8
6.5
6.4
6.36
6.3
6.33
6.29
6.28
6.28
6.27
6.26
6.24
6.22
6.32
6.3
6.19
6.27
6.31
6.26
6.26
6.37
6.23
6.17
6.26
6.2
6.19
6.17
6.12
6.1
6.05
6.0
5.97
5.95
5.89
5.85
5.81
5.79
5.75
5.72
5.7
5.67
5.64
5.64
5.63
5.62
5.61
5.58
5.59
5.58
5.57
5.59
5.61
5.61
5.6
5.58
5.57
5.56
5.55
5.51
5.52
5.54
5.53
5.51
5.49
5.46
5.46
5.5
5.49
5.47
5.49
5.48
5.47
5.46
5.43
5.43
5.45
5.45
5.44
5.44
5.49
5.49
5.54
5.54
5.53
5.57
5.62
5.65
5.7
5.72
5.76
5.82
5.85
5.86
5.85
5.88
5.9
5.91
5.93
5.93
5.94
5.96
5.98
6.01
6.02
6.03
6.04
6.06
6.06
6.1
6.12
6.14
6.15
6.17
6.19
6.25
6.25
6.25
6.27
6.31
6.37
6.42
6.43
6.45
6.49
6.51
6.53
6.56
6.6
6.65
6.68
6.7
6.73
6.81
6.94
7.06
7.13
7.23
7.27
7.31
7.34
7.41
7.35
7.27
7.28
7.29
7.35
7.41
7.51
7.63
7.75
7.85
7.77
7.63
7.62
7.61
7.57
7.51
7.68
7.73
7.69
7.66
7.63
7.65
7.68
7.69
7.66
7.7
7.71
7.73
7.74
7.83
7.83
7.81
7.78
7.78
7.82
7.81
7.81
7.59
7.16
6.94
6.86
6.78
6.72
6.65
6.59
6.55
6.51
6.51
6.53
6.54
6.51
6.47
6.41
6.39
6.36
6.33
6.27
6.22
6.18
6.16
6.2
6.15
6.08
6.05
6.0
5.93
5.88
5.85
5.86
5.9
6.01
6.04
5.87
5.74
5.66
5.6
5.61
5.64
5.62
5.59
5.59
5.52
5.51
5.43
5.34
5.32
5.31
5.32
5.24
5.27
5.35
5.33
5.28
5.26
5.18
5.14
5.1
5.15
5.06
5.1
5.04
4.82
4.8
4.93
4.81
4.64
4.65
4.79
4.9
4.85
4.72
4.8
4.78
4.72
4.78
4.83
4.85
4.84
4.86
4.88
4.92
4.99
5.01
4.98
4.97
4.96
5.08
5.17
5.21
5.25
5.32
5.28
5.32
5.52
5.76
5.98
6.33
6.24
6.34
6.66
6.26
6.2
6.16
6.13
6.1
6.06
6.06
6.11
6.15
6.13
6.15
6.22
6.09
6.05
6.0
5.92
5.94
5.98
5.92
5.98
5.95
5.97
6.02
6.12
6.18
6.28
6.39
6.41
6.42
6.43
6.42
6.45
6.42
6.4
6.43
6.41
6.43
6.51
6.55
6.52
6.51
6.44
6.4
6.37
6.35
6.34
6.35
6.34
6.32
6.28
6.22
6.15
6.14
6.12
6.11
6.1
6.11
6.1
6.11
6.12
6.13
6.15
6.17
6.2
6.21
6.21
6.22
6.24
6.26
6.28
6.28
6.27
6.27
6.27
6.26
6.26
6.31
6.34
6.34
6.35
6.33
6.34
6.36
6.36
6.34
6.36
6.38
6.39
6.4
6.42
6.42
6.46
6.48
6.5
6.52
6.53
6.49
6.47
6.46
6.43
6.39
6.38
6.38
6.37
6.35
6.35
6.35
6.34
6.34
6.33
6.35
6.34
6.37
6.38
6.43
6.46
6.45
6.44
6.44
6.5
6.54
6.59
6.62
6.61
6.61
6.6
6.6
6.59
6.59
6.59
6.61
6.63
6.64
6.64
6.61
6.63
6.67
6.72
6.77
6.82
6.81
6.81
6.78
6.77
6.81
6.75
6.7
6.7
6.68
6.73
6.74
6.77
6.74
6.75
6.78
6.84
6.91
6.82
6.79
6.75
6.65
6.69
6.66
6.68
6.67
6.7
6.71
6.65
6.65
6.62
6.68
6.71
6.71
6.6
6.61
6.65
6.72
6.73
6.64
6.68
6.7
6.73
6.72
6.7
6.75
6.77
6.78
6.8
6.82
6.86
6.91
6.89
6.86
6.85
6.79
6.72
6.75
6.76
6.69
6.69
6.66
6.6
6.57
6.57
6.58
6.6
6.6
6.6
6.59
6.58
6.58
6.61
6.6
6.58
6.57
6.59
6.58
6.57
6.6
6.6
6.58
6.58
6.57
6.54
6.5
6.48
6.48
6.47
6.49
6.48
6.49
6.51
6.53
6.54
6.57
6.55
6.54
6.54
6.56
6.53
6.51
6.51
6.48
6.49
6.49
6.53
6.53
6.51
6.51
6.48
6.5
6.49
6.5
6.5
6.48
6.48
6.45
6.38
6.41
6.43
6.39
6.38
6.37
6.41
6.39
6.35
6.36
6.37
6.36
6.33
6.36
6.32
6.28
6.26
6.32
6.37
6.43
6.47
6.55
6.58
6.57
6.53
6.52
6.48
6.59
