3.99
4.01
4.04
4.04
4.1
4.04
4.04
4.1
4.02
4.02
4.09
4.08
4.07
4.08
4.12
4.24
4.23
4.19
4.16
4.12
4.16
4.11
4.12
4.16
4.16
4.14
4.15
4.14
4.14
4.16
4.13
4.15
4.11
4.1
4.08
4.08
4.09
4.07
4.07
4.05
4.05
4.05
4.04
4.01
4.0
4.01
4.0
4.0
3.99
3.98
3.94
3.93
3.92
3.89
3.86
3.85
3.88
3.87
3.87
3.87
3.85
3.84
3.85
3.84
3.82
3.82
3.82
3.81
3.82
3.83
3.83
3.81
3.8
3.8
3.8
3.8
3.82
3.83
3.84
3.84
3.84
3.86
3.88
3.9
3.92
3.91
3.93
3.92
3.91
3.93
3.95
3.93
3.92
3.91
3.89
3.88
3.79
3.71
3.69
3.68
3.68
3.68
3.66
3.6
3.57
3.56
3.59
3.57
3.57
3.57
3.54
3.52
3.46
3.41
3.44
3.42
3.4
3.37
3.36
3.33
3.28
3.3
3.34
3.38
3.41
3.38
3.43
3.45
3.48
3.51
3.55
3.57
3.57
3.57
3.58
3.58
3.58
3.6
3.59
3.61
3.61
3.61
3.61
3.62
3.63
3.62
3.64
3.63
3.65
3.63
3.61
3.59
3.56
3.56
3.57
3.56
3.57
3.59
3.58
3.57
3.57
3.57
3.58
3.59
3.57
3.54
3.51
3.49
3.49
3.49
3.51
3.52
3.55
3.55
3.54
3.53
3.54
3.54
3.54
3.54
3.55
3.54
3.52
3.51
3.48
3.47
3.45
3.43
3.4
3.34
3.31
3.3
3.3
3.31
3.31
3.31
3.31
3.32
3.32
3.31
3.31
3.3
3.31
3.33
3.32
3.33
3.35
3.35
3.36
3.35
3.36
3.34
3.35
3.33
3.34
3.39
3.34
3.34
3.35
3.38
3.31
3.37
3.24
3.18
3.2
3.19
3.18
3.18
3.22
3.2
3.21
3.2
3.21
3.21
3.21
3.17
3.19
3.2
3.18
3.17
3.16
3.15
3.16
3.15
3.08
3.06
3.06
3.02
3.02
3.0
2.99
3.02
3.04
3.02
3.01
3.01
3.02
3.04
3.03
3.02
3.02
3.0
3.0
2.99
2.99
3.0
3.01
3.01
3.04
3.02
3.01
3.09
3.1
3.11
3.13
3.14
3.14
3.16
3.17
3.16
3.17
3.18
3.16
3.18
3.17
3.2
3.23
3.21
3.22
3.23
3.25
3.26
3.29
3.27
3.28
3.28
3.31
3.31
3.33
3.35
3.33
3.33
3.32
3.34
3.35
3.34
3.35
3.34
3.38
3.37
3.35
3.34
3.36
3.42
3.4
3.42
3.39
3.37
3.37
3.38
3.37
3.37
3.4
3.42
3.42
3.37
3.35
3.34
3.33
3.33
3.36
3.37
3.35
3.38
3.42
3.39
3.39
3.39
3.29
3.28
3.29
3.31
3.28
3.26
3.3
3.38
3.42
3.45
3.48
3.53
3.57
3.58
3.61
3.59
3.59
3.62
3.66
3.64
3.67
3.66
3.69
3.7
3.7
3.69
3.67
3.67
3.66
3.64
3.65
3.66
3.67
3.68
3.7
3.71
3.7
3.71
3.71
3.71
3.7
3.7
3.7
3.69
3.7
3.7
3.72
3.74
3.76
3.77
3.77
3.78
3.8
3.82
3.81
3.79
3.79
3.75
3.69
3.6
3.58
3.56
3.55
3.55
3.54
3.53
3.53
3.51
3.5
3.45
3.41
3.41
3.42
3.42
3.43
3.39
3.36
3.38
3.38
3.37
3.35
3.31
3.3
3.29
3.25
3.25
3.23
3.2
3.2
3.16
3.15
3.16
3.16
3.13
3.12
3.08
3.07
3.05
3.07
3.07
3.07
3.07
3.08
3.07
3.06
3.05
3.02
3.02
3.03
3.02
3.02
3.02
2.99
2.99
3.0
2.99
2.97
2.97
2.97
2.98
2.98
2.97
2.97
2.97
2.97
2.98
2.97
2.98
2.97
2.96
2.96
2.94
2.95
2.95
2.96
2.95
2.94
2.95
2.94
2.94
2.93
2.92
2.93
2.94
2.95
2.95
2.93
2.93
2.92
2.9
2.89
2.88
2.87
2.87
2.88
2.87
2.87
2.86
2.87
2.85
2.84
2.84
2.82
2.8
2.79
2.78
2.77
2.72
2.67
2.66
2.64
2.65
2.67
2.69
2.7
2.71
2.72
2.76
2.78
2.77
2.79
2.78
2.73
2.71
2.7
2.69
2.75
2.82
2.81
2.78
2.71
2.71
2.71
2.66
2.69
2.7
2.61
2.53
2.51
2.48
2.44
2.37
2.33
2.34
2.39
2.41
2.45
2.5
2.51
2.5
2.55
2.6
2.63
2.64
2.64
2.68
2.71
2.71
2.7
2.68
2.66
2.65
2.64
2.64
2.62
2.64
2.68
2.7
2.69
2.64
2.62
2.62
2.6
2.6
2.58
2.58
2.59
2.61
2.65
2.62
2.59
2.56
2.54
2.52
2.51
2.52
2.53
2.54
2.54
2.56
2.58
2.59
2.6
2.62
2.61
2.61
2.61
2.59
2.59
2.56
2.57
2.57
2.56
2.54
2.52
2.5
2.49
2.47
2.47
2.47
2.47
2.48
2.48
2.49
2.48
2.48
2.49
2.48
2.48
2.48
2.47
2.46
2.45
2.45
2.44
2.44
2.45
2.46
2.45
2.45
2.44
2.42
2.4
2.38
2.37
2.36
2.36
2.38
2.38
2.37
2.37
2.35
2.36
2.37
2.38
2.39
2.42
2.48
2.48
2.39
2.34
2.29
2.24
2.24
2.27
2.26
2.26
2.27
2.26
2.26
2.27
2.33
2.39
2.43
2.47
2.41
2.35
2.27
2.25
2.23
2.21
2.19
2.19
2.19
2.21
2.25
2.28
2.24
2.23
2.29
2.37
2.44
2.45
2.33
2.3
2.27
2.27
2.29
2.29
2.27
2.28
2.29
2.27
2.26
2.22
2.2
2.19
2.16
2.16
2.17
2.19
2.21
2.24
2.26
2.29
2.31
2.33
2.33
2.34
2.34
2.36
2.36
2.37
2.38
2.38
2.38
2.38
2.38
2.38
2.36
2.36
2.35
2.34
2.35
2.37
2.38
2.38
2.38
2.38
2.37
2.38
2.38
2.37
2.37
2.37
2.39
2.39
2.38
2.37
2.35
2.33
2.32
2.29
2.29
2.31
2.32
2.3
2.32
2.34
2.32
2.32
2.31
2.33
2.34
2.35
2.33
2.31
2.26
2.24
2.24
2.23
2.25
2.26
2.26
2.28
2.29
2.29
2.3
2.3
2.29
2.29
2.29
2.28
2.27
2.25
2.24
2.25
2.27
2.28
2.28
2.28
2.28
2.28
2.28
2.28
2.29
2.29
2.3
2.3
2.31
2.31
2.31
2.31
2.31
2.31
2.31
2.31
2.32
2.31
2.33
2.33
2.32
2.28
2.25
2.26
2.26
2.27
2.25
2.25
2.28
2.31
2.36
2.36
2.32
2.25
2.2
2.17
2.16
2.08
2.07
2.03
2.0
1.94
1.88
1.9
1.94
1.99
1.98
1.96
1.98
2.02
2.03
2.02
2.03
2.04
2.05
2.07
2.06
2.05
2.08
2.17
2.19
2.2
2.21
2.23
2.26
2.27
2.28
2.27
2.25
2.27
2.26
2.27
2.3
2.3
2.3
2.3
2.31
2.32
2.34
2.36
2.37
2.38
2.39
2.4
2.41
2.42
2.42
2.42
2.42
2.42
2.42
2.43
2.43
2.44
2.45
2.45
2.46
2.47
2.47
2.47
2.46
2.45
2.44
2.44
2.46
2.47
2.46
2.45
2.45
2.45
2.46
2.46
2.44
2.44
2.45
2.45
2.45
2.45
2.46
2.47
2.47
2.47
2.47
2.46
2.45
2.44
2.43
2.46
2.47
2.47
2.48
2.48
2.48
2.48
2.46
2.45
2.45
2.44
2.42
2.41
2.41
2.39
2.38
2.37
2.37
2.37
2.37
2.38
2.38
2.38
2.39
2.39
2.38
2.38
2.38
2.38
2.39
2.39
2.39
2.39
2.39
2.39
2.39
2.39
2.4
2.39
2.39
2.4
2.4
2.4
2.41
2.4
2.41
2.43
2.43
2.44
2.44
2.45
2.47
2.47
2.46
2.45
2.45
2.46
2.46
2.47
2.49
2.51
2.54
2.54
2.53
2.54
2.52
2.51
2.51
2.51
2.5
2.52
2.51
2.5
2.49
2.49
2.5
2.5
2.51
2.51
2.52
2.53
2.55
2.57
2.58
2.58
2.59
2.6
2.61
2.63
2.65
2.65
2.66
2.67
2.69
2.7
2.72
2.74
2.75
2.77
2.79
2.81
2.83
2.86
2.86
2.87
2.89
2.9
2.91
2.92
2.94
2.96
2.97
2.98
3.0
3.0
3.0
3.02
3.02
3.03
3.04
3.05
3.06
3.06
3.06
3.08
3.07
3.09
3.1
3.12
3.12
3.11
3.12
3.14
3.13
3.15
3.15
3.17
3.16
3.17
3.17
3.17
3.17
3.17
3.18
3.19
3.19
3.2
3.21
3.21
3.22
3.22
3.23
3.23
3.23
3.23
3.27
3.26
3.26
3.25
3.29
3.28
3.3
3.33
3.31
3.3
3.31
3.33
3.32
3.33
3.35
3.4
3.41
3.42
3.48
3.48
3.48
3.51
3.54
3.53
3.53
3.56
3.59
3.51
3.43
3.4
3.41
3.43
3.49
3.53
3.53
3.5
3.5
3.5
3.47
3.47
3.48
3.48
3.5
3.52
3.55
3.59
3.57
3.61
3.62
3.63
3.65
3.65
3.65
3.65
3.65
3.66
3.66
3.67
3.68
3.68
3.69
3.69
3.7
3.7
3.7
3.71
3.71
3.71
3.73
3.74
3.73
3.74
3.74
3.75
3.76
3.76
3.77
3.77
3.77
3.78
3.79
3.79
3.81
3.79
3.8
3.79
3.79
3.79
3.8
3.81
3.8
3.79
3.79
3.78
3.77
3.77
3.77
3.77
3.77
3.77
3.77
3.78
3.79
3.8
3.8
3.79
3.79
3.79
3.79
3.8
3.81
3.81
3.81
3.82
3.83
3.81
3.81
3.8
3.78
3.78
3.78
3.78
3.79
3.78
3.78
3.79
3.79
3.8
3.81
3.81
3.83
3.83
3.84
3.84
3.84
3.84
3.82
3.81
3.82
