8.67
8.67
8.63
8.64
8.62
8.73
8.71
8.66
8.58
8.55
8.53
8.52
8.52
8.51
8.52
8.48
8.48
8.48
8.48
8.48
8.5
8.5
8.49
8.5
8.51
8.54
8.51
8.5
8.52
8.55
8.6
8.61
8.62
8.65
8.66
8.67
8.72
8.81
8.85
8.85
8.9
8.97
9.06
9.15
9.14
9.19
9.33
9.49
9.61
9.6
9.59
9.52
9.15
9.13
9.07
8.96
8.99
9.03
9.15
9.27
9.28
9.31
9.34
9.43
9.46
9.46
9.5
9.43
9.45
9.39
9.45
9.39
9.19
9.17
9.11
9.03
9.08
9.14
9.43
9.42
9.37
9.31
9.38
9.56
9.69
9.44
9.35
9.3
9.36
9.4
9.34
9.47
9.69
9.66
9.36
9.19
9.46
9.72
10.0
10.22
10.19
9.86
9.62
9.88
10.41
10.72
10.24
9.93
9.52
9.08
8.71
7.77
7.74
7.76
7.72
7.72
7.75
8.51
8.52
8.21
8.23
8.24
7.92
8.1
8.03
8.55
8.9
8.45
8.29
8.17
8.13
8.39
8.56
8.55
8.49
8.39
8.17
8.17
8.28
8.34
8.38
8.36
8.26
8.21
8.16
8.13
8.11
8.11
8.12
8.08
8.06
8.04
8.0
8.01
8.01
8.02
8.03
8.01
8.01
8.0
7.98
7.98
8.0
8.05
8.01
8.05
8.11
8.15
8.18
8.2
8.21
8.45
8.4
8.37
8.53
8.53
8.54
8.57
8.79
8.85
8.76
8.8
8.89
8.99
9.07
9.22
9.24
9.28
9.28
9.31
9.35
9.46
9.64
9.89
10.02
9.72
8.95
8.62
8.39
8.34
8.41
8.53
8.63
8.61
8.79
8.7
8.89
8.95
8.89
8.96
8.91
8.87
8.89
8.83
8.92
9.07
9.1
9.08
9.19
9.28
9.34
9.36
9.51
9.45
9.47
9.52
9.5
9.64
9.68
9.57
9.7
9.8
9.5
9.46
9.57
9.61
9.73
9.65
9.48
9.31
9.37
9.43
9.54
9.62
9.66
9.67
9.58
9.34
9.4
9.04
9.0
8.95
8.9
8.88
8.85
8.84
8.82
8.83
8.83
8.84
8.86
8.85
8.85
8.89
8.87
8.86
8.87
8.89
8.95
8.91
8.84
8.85
8.9
8.96
9.0
9.02
8.96
8.94
9.0
9.04
9.1
8.95
9.0
9.09
9.19
9.11
9.15
9.33
9.36
9.23
9.18
9.19
9.17
9.17
9.2
9.25
9.08
9.08
9.07
9.0
8.93
8.91
8.87
8.84
8.88
8.93
8.98
8.99
9.02
9.08
9.14
9.19
9.21
9.23
9.34
9.39
9.36
9.42
9.48
9.51
9.54
9.65
9.69
9.77
9.85
9.91
9.9
9.89
9.9
9.92
9.9
9.89
9.99
9.89
9.96
9.82
9.71
9.75
9.76
9.88
9.85
9.99
10.02
9.99
9.96
9.7
9.62
9.82
9.62
9.62
9.19
9.06
9.33
9.37
9.53
9.53
9.39
9.49
9.56
9.63
9.56
9.58
9.56
9.43
9.64
9.68
9.35
9.28
9.61
9.44
9.48
9.42
9.4
9.29
9.42
9.52
9.69
9.76
9.83
10.0
9.69
9.66
9.58
9.57
9.48
9.69
9.83
9.89
9.85
9.77
9.83
9.89
10.0
10.17
10.27
10.27
10.23
10.2
10.2
10.15
10.15
10.15
10.04
10.05
10.08
10.06
10.02
10.0
9.96
10.02
10.03
9.94
9.96
9.94
9.95
9.87
9.82
9.81
9.77
9.69
9.67
9.75
9.75
9.43
9.39
9.49
9.54
9.44
9.2
9.2
9.26
9.2
9.19
9.19
9.23
9.2
9.05
9.13
9.09
9.02
8.97
8.89
8.89
8.83
8.73
8.66
8.65
8.72
8.69
8.67
8.69
8.7
8.7
8.71
8.74
8.75
8.77
8.81
8.96
9.03
9.49
9.91
10.22
10.28
9.75
9.83
9.83
9.88
10.07
10.31
10.26
10.07
10.04
10.15
10.26
10.11
10.19
10.09
9.84
9.46
8.81
8.69
8.15
8.12
8.38
7.61
7.02
7.46
7.81
7.58
7.57
7.55
7.46
7.05
7.45
7.27
7.33
7.36
7.55
7.42
7.61
7.39
7.47
7.53
7.57
7.56
7.57
7.64
7.92
7.92
7.82
8.01
7.95
7.7
7.91
7.86
7.91
7.91
7.98
8.1
8.22
8.39
8.42
8.77
8.87
8.59
8.58
8.46
8.54
8.25
8.21
8.45
8.45
8.38
8.35
8.29
8.36
8.37
8.36
8.55
8.64
8.8
8.92
8.93
8.93
9.04
9.06
8.99
8.86
8.64
8.79
8.95
9.08
9.04
8.92
8.73
8.45
8.56
8.64
8.7
8.75
8.69
8.66
8.67
8.65
8.66
8.52
8.43
8.51
8.45
8.33
8.36
8.43
8.41
8.41
8.35
8.41
8.41
8.32
8.25
8.23
8.21
8.23
8.27
8.24
8.19
8.21
8.21
8.15
8.14
8.11
8.1
8.07
8.09
8.14
8.14
8.13
8.18
8.3
8.25
8.23
8.25
8.3
8.29
8.37
8.31
8.4
8.41
8.4
8.82
9.07
9.47
9.48
9.51
9.69
9.61
9.75
9.94
10.21
10.22
10.2
10.09
10.18
10.33
10.29
10.33
10.29
10.32
10.3
10.51
10.55
10.65
10.61
10.5
10.64
10.83
11.01
11.1
11.23
11.48
11.55
11.58
11.63
11.74
11.87
11.81
11.85
11.88
11.92
11.96
12.16
11.99
11.74
11.37
11.0
10.14
10.3
10.21
10.22
10.25
10.05
10.0
10.3
10.48
10.45
10.62
10.64
10.96
10.87
10.86
10.72
10.74
10.84
10.77
10.73
10.81
10.89
10.86
10.85
10.84
10.81
10.83
10.8
10.79
10.72
10.69
10.62
10.67
10.8
10.77
10.79
10.75
10.75
10.79
10.77
10.72
10.65
10.56
10.5
10.4
10.33
10.38
10.4
10.26
10.14
10.16
10.19
10.08
10.03
10.02
10.0
9.72
9.62
9.6
9.68
9.69
9.71
9.6
9.5
9.51
9.36
9.33
9.45
9.7
9.76
9.36
9.21
9.44
9.4
9.3
9.29
9.28
9.18
9.2
9.25
9.3
9.34
9.38
9.27
9.26
9.44
9.72
9.75
9.64
9.64
9.8
9.84
9.68
9.68
9.68
9.7
9.83
9.92
9.97
10.01
9.97
10.02
10.06
10.1
10.13
10.25
10.5
10.55
10.59
10.65
10.79
10.97
10.99
10.94
10.85
10.81
10.76
10.8
10.81
10.87
10.92
11.08
10.98
10.99
11.06
11.05
11.04
11.12
11.16
11.27
11.27
11.23
11.21
11.25
11.41
11.47
11.37
11.39
11.5
11.63
11.75
12.04
12.57
12.73
13.29
12.88
12.55
12.45
11.94
11.72
11.58
11.66
11.69
11.85
12.03
10.94
10.63
10.57
10.59
10.7
10.82
10.98
11.11
11.2
11.18
11.18
11.19
11.17
11.1
11.06
10.95
10.84
10.76
10.77
10.75
10.82
10.94
10.98
10.78
10.74
10.8
10.85
10.73
10.76
10.74
10.71
10.78
10.74
10.68
10.69
10.63
10.57
10.6
10.63
10.63
10.71
10.71
10.66
10.57
10.56
10.56
10.56
10.51
10.45
10.42
10.47
10.48
10.48
10.47
10.45
10.45
10.48
10.46
10.44
10.45
10.4
10.33
10.25
10.24
10.24
10.26
10.27
10.21
10.18
10.18
10.16
10.18
10.1
10.0
9.83
9.87
9.96
10.01
10.09
10.1
10.31
10.75
10.85
10.76
10.5
10.16
10.0
10.07
10.01
10.07
10.11
10.02
10.01
10.02
10.01
10.21
10.27
10.17
9.96
10.0
10.07
10.21
10.3
10.39
10.47
10.49
10.58
10.58
10.65
10.65
10.71
10.75
10.72
10.53
10.66
10.74
10.72
10.72
10.63
10.9
11.04
10.84
10.88
10.94
11.1
11.04
10.95
10.98
11.17
11.31
11.45
11.49
11.43
11.35
11.18
11.15
10.49
10.57
10.78
10.86
11.18
11.18
10.67
10.05
9.82
9.17
9.06
9.23
9.59
9.93
9.81
9.92
9.41
9.36
9.48
9.54
9.42
9.12
9.28
9.69
9.95
9.95
9.95
10.01
10.04
9.86
9.7
9.79
9.8
9.81
9.75
9.79
9.83
9.74
9.66
9.7
9.6
9.54
9.53
9.56
9.69
9.67
9.59
9.57
9.55
9.59
9.67
9.71
9.65
9.6
9.57
9.66
9.72
9.7
9.68
9.61
9.59
9.69
9.71
9.66
9.65
9.62
9.61
9.6
9.54
9.51
9.49
9.46
9.41
9.39
9.37
9.36
9.41
9.48
9.53
9.53
9.52
9.52
9.52
9.53
9.49
9.48
9.5
9.52
9.52
9.51
9.49
9.53
9.66
9.89
10.21
10.25
9.99
9.87
9.96
9.8
9.5
9.42
9.5
9.53
9.42
9.41
9.24
9.23
9.3
9.31
9.39
9.4
9.42
9.45
9.54
9.45
9.41
9.49
9.43
9.53
9.5
9.56
9.63
9.67
9.85
9.67
9.69
9.75
9.74
9.65
9.62
9.78
9.84
9.82
9.78
9.7
9.68
9.79
9.59
9.47
9.65
9.68
9.46
9.27
9.13
9.32
9.35
9.37
9.54
9.43
9.73
9.85
9.77
9.81
9.74
9.84
9.74
9.85
10.04
10.1
9.93
9.91
9.94
9.94
9.92
9.92
9.96
9.89
9.87
9.89
9.87
9.87
9.88
9.86
9.89
9.92
9.89
9.85
9.85
9.83
9.82
9.74
9.66
9.72
9.76
9.7
9.67
9.65
9.64
9.61
9.57
9.54
9.51
9.51
9.47
9.46
9.45
9.42
9.43
9.44
9.43
9.36
9.33
9.34
9.35
9.37
9.39
9.36
9.41
9.45
9.45
9.46
9.46
9.45
9.45
9.48
9.5
9.47
9.43
9.41
9.43
9.43
9.46
9.48
9.49
9.52
9.52
9.51
9.51
9.52
9.53
9.55
9.59
9.6
9.61
9.6
9.61
9.65
9.67
9.68
9.67
9.69
9.72
9.74
9.8
9.81
9.87
9.88
9.93
9.98
10.04
10.08
10.11
10.15
