3.25
3.25
3.28
3.27
3.28
3.23
3.19
3.22
3.24
3.22
3.22
3.23
3.24
3.13
3.2
3.02
2.91
2.9
2.89
2.88
2.87
2.88
2.9
2.9
2.91
2.93
2.97
2.98
3.05
3.11
3.09
3.02
2.96
2.95
2.89
2.9
2.93
2.97
3.0
3.04
3.07
3.08
3.11
3.11
3.18
3.16
3.07
2.96
3.17
3.21
3.17
3.23
3.33
3.34
3.37
3.42
3.57
3.8
4.01
4.18
4.05
3.93
3.29
2.86
2.72
2.85
2.77
2.96
2.78
2.79
2.8
2.8
2.85
2.89
2.89
2.88
2.94
2.98
2.97
2.93
2.9
3.02
3.09
3.05
3.0
2.98
3.0
2.98
2.84
2.92
2.95
2.99
3.05
3.03
2.91
3.0
3.01
2.99
2.98
2.99
2.98
2.99
3.02
3.0
2.98
2.98
2.96
2.95
2.96
2.98
2.98
2.97
2.97
2.98
3.0
3.01
3.03
3.05
3.06
3.09
3.1
3.1
3.09
3.11
3.11
3.12
3.12
3.12
3.13
3.13
3.11
3.12
3.14
3.16
3.24
3.19
3.17
3.14
3.12
3.12
3.07
3.05
3.02
3.03
3.02
3.02
3.02
2.99
2.97
2.99
2.98
2.98
2.95
2.94
2.92
2.92
2.93
2.94
2.93
2.88
2.89
2.89
2.87
2.86
2.83
2.83
2.86
2.82
2.82
2.84
2.89
2.95
2.99
2.98
3.01
3.04
3.09
3.1
3.13
3.15
3.2
3.22
3.29
3.3
3.33
3.4
3.43
3.48
3.53
3.56
3.45
3.41
3.46
3.38
3.38
3.38
3.44
3.38
3.4
3.5
3.44
3.34
3.39
3.37
3.42
3.39
3.35
3.36
3.36
3.38
3.3
3.29
3.23
3.25
3.32
3.48
3.36
3.29
3.45
3.34
3.32
3.27
3.13
3.18
3.22
3.2
3.14
3.21
3.19
3.06
3.1
3.09
3.08
3.11
3.18
3.23
3.17
3.18
3.27
3.25
3.18
3.2
3.25
3.32
3.43
3.49
3.52
3.54
3.52
3.53
3.51
3.44
3.38
3.35
3.36
3.36
3.38
3.4
3.45
3.47
3.52
3.56
3.61
3.64
3.67
3.69
3.71
3.73
3.75
3.79
3.83
3.87
3.91
3.93
3.96
4.0
4.03
4.06
4.09
4.12
4.11
4.03
4.02
4.04
4.05
4.04
4.04
4.06
4.09
4.1
4.08
4.04
4.09
4.11
4.19
4.23
4.27
4.27
4.27
4.24
4.23
4.17
4.18
4.26
4.37
4.44
4.46
4.48
4.48
4.52
4.53
4.53
4.53
4.54
4.57
4.62
4.66
4.71
4.74
4.79
4.83
4.87
4.9
4.92
4.96
4.99
5.02
5.03
5.03
5.0
4.98
4.99
4.97
4.95
5.01
4.99
5.04
4.97
4.87
4.92
4.93
4.97
4.83
4.76
4.87
4.89
4.94
4.93
4.94
4.88
4.91
4.92
4.95
4.93
4.98
5.01
5.08
5.14
5.2
5.17
5.2
5.34
5.39
5.37
5.44
5.4
5.47
5.45
5.37
5.41
5.41
5.43
5.49
5.48
5.53
5.54
5.56
5.6
5.64
5.65
5.65
5.63
5.61
5.55
5.52
5.49
5.49
5.48
5.46
5.41
5.38
5.36
5.36
5.35
5.31
5.26
5.23
5.21
5.2
5.21
5.2
5.21
5.22
5.22
5.24
5.25
5.25
5.24
5.24
5.26
5.25
5.28
5.25
5.25
5.25
5.25
5.25
5.25
5.28
5.29
5.25
5.26
5.27
5.24
5.23
5.23
5.23
5.25
5.25
5.24
5.25
5.22
5.25
5.27
5.25
5.25
5.28
5.26
5.28
5.28
5.26
5.28
5.27
5.28
5.28
5.28
5.27
5.28
5.28
5.29
5.28
5.29
5.27
5.25
5.26
5.25
5.28
5.23
5.21
5.24
5.21
5.08
5.05
5.0
5.0
4.96
4.95
4.94
4.97
4.98
4.98
4.97
4.97
5.01
5.04
5.06
5.13
5.2
5.24
5.27
5.33
5.39
5.5
5.48
5.51
5.51
5.57
5.65
5.75
5.72
5.89
5.83
5.82
5.87
5.89
5.86
5.86
5.93
5.96
6.0
6.04
5.99
5.9
5.98
5.92
6.01
6.08
6.16
6.23
6.34
6.29
6.31
6.24
6.2
6.3
6.28
6.33
6.32
6.34
6.32
6.34
6.28
6.32
6.31
6.34
6.35
6.35
6.37
6.38
6.43
6.49
6.47
6.49
6.48
6.47
6.48
6.46
6.41
6.39
6.35
6.3
6.29
6.27
6.23
6.21
6.2
6.2
6.15
6.08
6.05
6.02
6.0
5.98
5.94
5.88
5.87
5.87
5.77
5.7
5.7
5.69
5.71
5.71
5.69
5.6
5.62
5.61
5.56
5.54
5.54
5.46
5.45
5.41
5.32
5.38
5.39
5.45
5.5
5.49
5.4
5.22
5.16
5.22
5.3
5.09
5.09
5.18
5.29
5.17
5.17
4.91
5.0
5.09
5.13
5.09
5.03
5.02
5.05
4.9
4.98
4.98
4.84
4.86
4.83
4.93
5.02
5.01
5.05
5.08
5.14
5.13
5.21
5.35
5.39
5.42
5.48
5.58
5.68
5.76
5.88
5.98
6.1
6.13
6.15
6.13
6.11
6.11
6.16
5.96
5.98
5.95
5.91
6.03
5.96
5.99
6.01
6.03
6.03
6.0
5.98
6.02
5.95
6.03
5.96
6.05
6.01
5.93
5.94
6.05
6.01
6.01
5.97
6.0
5.97
5.85
5.86
5.7
5.75
5.79
5.79
5.85
5.89
5.99
5.98
5.89
5.87
5.91
5.92
5.91
5.92
5.91
5.96
5.96
5.96
5.95
5.95
5.99
5.97
6.01
6.02
6.03
6.03
6.03
6.04
6.08
6.05
6.02
5.98
6.0
5.88
5.83
5.84
5.85
5.82
5.7
5.59
5.59
5.57
5.31
5.24
5.45
5.49
5.46
5.46
5.22
5.14
5.16
5.25
5.29
5.25
5.22
5.2
5.18
5.16
5.13
5.13
5.08
5.08
5.07
5.06
5.02
4.9
4.96
4.93
4.93
4.92
4.9
4.89
4.89
4.95
4.99
4.97
4.93
4.92
4.9
4.89
4.88
4.84
4.83
4.8
4.79
4.78
4.77
4.77
4.77
4.78
4.8
4.81
4.85
4.9
4.96
4.96
5.04
5.09
5.12
5.2
5.29
5.33
5.41
5.5
5.53
5.61
5.66
5.7
5.83
5.86
5.86
5.87
5.72
5.48
5.49
5.59
5.59
5.61
5.69
5.67
5.62
5.79
5.81
5.64
5.61
5.67
5.63
5.61
5.53
5.54
5.48
5.45
5.48
5.53
5.66
5.56
5.61
5.69
5.71
5.67
5.67
5.74
5.84
5.69
5.76
5.79
5.76
5.81
5.79
5.79
5.84
5.95
6.0
6.02
5.89
5.71
5.64
5.69
5.77
5.84
5.88
5.97
6.05
6.04
6.06
6.08
6.12
6.13
6.16
6.19
6.23
6.25
6.27
6.27
6.18
6.27
6.34
6.35
6.33
6.31
6.28
6.26
6.25
6.25
6.26
6.26
6.25
6.25
6.26
6.27
6.29
6.3
6.29
6.29
6.27
6.26
6.26
6.35
5.96
5.86
5.75
5.63
5.33
5.15
4.65
4.53
4.47
4.42
4.43
4.45
4.46
4.41
4.29
4.19
4.22
4.24
4.14
4.01
3.91
3.91
3.99
3.98
3.91
3.87
3.84
3.74
3.66
3.61
3.54
3.5
3.42
3.41
3.46
3.4
3.42
3.51
3.52
3.57
3.63
3.64
3.67
3.69
3.71
3.73
3.69
3.71
3.66
3.53
3.48
3.51
2.96
2.88
3.28
3.34
3.19
3.09
3.08
3.11
3.15
3.16
3.2
3.28
3.39
3.48
3.49
3.62
3.88
3.89
4.02
4.11
4.09
4.11
3.97
4.13
4.16
4.16
4.22
4.17
4.12
4.09
4.1
4.09
4.08
4.09
4.28
4.18
4.18
4.21
4.16
4.21
4.3
4.37
4.42
4.4
4.51
4.62
4.6
4.74
4.81
4.82
4.85
4.9
4.92
4.96
5.0
5.08
5.1
5.17
5.22
5.27
5.29
5.3
5.25
5.21
5.14
5.11
5.06
5.02
4.97
4.96
4.93
4.86
4.83
4.81
4.8
4.78
4.76
4.75
4.73
4.7
4.73
4.76
4.9
4.94
4.93
4.93
4.93
4.94
4.95
4.96
4.96
4.98
4.99
4.98
5.0
5.0
5.0
5.01
5.03
5.04
5.05
5.04
5.04
5.04
5.06
5.06
5.06
5.06
5.06
5.07
5.08
5.09
5.12
5.18
5.28
5.35
5.42
5.46
5.47
5.46
5.46
5.47
5.45
5.42
5.41
5.41
5.42
5.41
5.4
5.36
5.22
5.14
5.05
4.98
4.98
4.99
4.96
4.88
4.84
4.81
4.78
4.75
4.72
4.55
4.5
4.45
4.36
4.26
4.19
4.15
4.1
4.08
4.1
4.15
4.13
4.11
4.02
3.95
4.08
4.0
4.14
4.27
4.02
3.88
3.89
3.6
3.57
3.66
3.6
3.58
3.5
3.5
3.64
3.48
3.36
3.42
3.4
3.38
3.42
3.31
3.29
3.22
3.28
3.2
3.24
3.27
3.44
3.41
3.38
3.39
3.42
3.45
3.46
3.47
3.5
3.49
3.42
3.39
3.37
3.4
3.44
3.52
3.58
3.59
3.56
3.56
3.56
3.53
3.51
3.48
3.44
3.41
3.41
3.4
3.4
3.38
3.37
3.38
3.48
3.42
3.41
3.58
3.5
3.36
3.38
3.48
3.45
3.39
3.44
3.5
3.48
3.46
3.48
3.48
3.48
3.48
3.49
3.47
3.41
3.37
3.37
3.39
3.42
3.43
3.44
3.43
3.46
3.45
3.43
3.43
3.39
3.38
3.37
3.37
3.37
3.37
3.38
3.38
3.35
3.35
3.32
3.32
3.32
3.29
3.28
3.28
3.3
3.29
3.27
3.26
3.28
3.31
3.3
3.31
3.36
3.37
3.38
3.42
3.47
3.5
3.57
3.62
3.65
3.71
3.79
3.91
4.01
4.06
4.09
4.08
4.18
4.17
4.08
4.07
