4.09
4.12
4.13
4.03
3.85
3.76
3.76
3.6
3.55
3.54
3.55
3.57
3.63
3.66
3.61
3.61
3.69
3.7
3.58
3.4
3.35
3.28
3.2
3.07
2.94
2.93
2.93
2.91
2.91
2.92
2.89
2.86
2.82
2.76
2.73
2.73
2.77
2.79
2.78
2.77
2.79
2.79
2.81
2.77
2.77
2.77
2.78
2.78
2.83
2.93
2.98
3.0
3.05
3.02
2.95
2.91
2.87
2.9
2.9
2.88
2.86
2.84
2.81
2.77
2.77
2.78
2.81
2.83
2.84
2.91
2.98
3.03
3.03
3.06
3.08
3.07
3.02
3.0
3.0
2.92
2.9
2.95
2.99
2.99
3.02
3.1
3.19
3.19
3.16
3.14
3.04
2.88
2.8
2.8
2.78
2.75
2.78
2.77
2.77
2.82
2.85
2.87
2.86
2.9
2.97
3.04
3.08
3.13
3.2
3.3
3.36
3.42
3.39
3.34
3.35
3.42
3.48
3.48
3.44
3.33
3.26
3.36
3.45
3.46
3.39
3.31
3.28
3.18
3.09
3.1
3.12
3.11
3.13
3.16
3.13
3.08
3.06
2.98
2.97
2.99
3.02
3.17
3.27
3.38
3.35
3.33
3.34
3.37
3.4
3.43
3.42
3.36
3.25
3.09
3.06
3.11
3.14
3.15
3.1
3.05
3.01
3.0
2.98
2.97
2.95
2.95
2.97
2.98
2.96
2.95
2.92
2.93
2.9
2.87
2.87
2.86
2.86
2.88
2.93
2.9
2.87
2.85
2.84
2.85
2.84
2.85
2.85
2.84
2.86
2.87
2.91
2.97
2.98
2.99
3.0
3.0
3.01
3.03
3.06
3.09
3.09
3.1
3.15
3.23
3.32
3.4
3.46
3.48
3.44
3.41
3.37
3.36
3.36
3.37
3.4
3.45
3.51
3.54
3.48
3.44
3.47
3.46
3.5
3.51
3.55
3.59
3.62
3.64
3.67
3.71
3.7
3.76
3.77
3.78
3.78
3.76
3.75
3.73
3.69
3.68
3.68
3.66
3.65
3.64
3.63
3.6
3.59
3.57
3.54
3.54
3.54
3.54
3.55
3.58
3.58
3.57
3.61
3.66
3.69
3.74
3.75
3.77
3.75
3.76
3.76
3.77
3.78
3.77
3.78
3.8
3.84
3.87
3.89
3.9
3.93
3.95
3.94
3.96
3.98
3.99
4.02
4.03
4.05
4.06
4.09
4.11
4.13
4.14
4.15
4.17
4.18
4.18
4.19
4.22
4.24
4.27
4.3
4.33
4.34
4.32
4.31
4.29
4.3
4.3
4.29
4.28
4.29
4.29
4.31
4.32
4.33
4.34
4.36
4.38
4.39
4.4
4.4
4.41
4.41
4.4
4.39
4.39
4.39
4.38
4.39
4.41
4.4
4.41
4.41
4.42
4.42
4.41
4.41
4.4
4.4
4.39
4.39
4.38
4.38
4.38
4.37
4.37
4.36
4.36
4.36
4.35
4.34
4.34
4.33
4.34
4.35
4.36
4.36
4.37
4.38
4.4
4.42
4.46
4.44
4.43
4.42
4.41
4.43
4.5
4.5
4.46
4.5
4.51
4.5
4.49
4.5
4.52
4.52
4.53
4.5
4.48
4.48
4.49
4.49
4.47
4.46
4.45
4.44
4.46
4.48
4.49
4.48
4.5
4.52
4.52
4.53
4.53
4.53
4.52
4.53
4.52
4.52
4.52
4.53
4.53
4.55
4.56
4.58
4.57
4.53
4.52
4.51
4.49
4.49
4.49
4.51
4.51
4.52
4.53
4.55
4.57
4.57
4.59
4.61
4.62
4.63
4.64
4.66
4.68
4.69
4.72
4.75
4.78
4.79
4.8
4.81
4.83
4.85
4.86
4.88
4.9
4.92
4.93
4.94
4.94
4.96
4.98
5.0
5.02
5.03
5.05
5.05
5.04
5.03
5.02
5.01
5.0
4.99
4.99
4.99
5.0
5.01
5.03
5.04
5.03
5.01
5.02
5.02
5.01
5.02
5.02
5.01
5.01
5.02
5.0
4.99
4.97
4.96
4.95
4.95
4.94
4.93
4.93
4.92
4.92
4.91
4.92
4.92
4.9
4.9
4.89
4.87
4.87
4.86
4.86
4.87
4.88
4.89
4.94
5.07
5.18
5.25
5.28
5.31
5.3
5.31
5.39
5.42
5.41
5.37
5.36
5.34
5.3
5.28
5.3
5.34
5.36
5.36
5.37
5.34
5.34
5.35
5.35
5.36
5.35
5.33
5.35
5.35
5.36
5.37
5.38
5.41
5.4
5.39
5.39
5.4
5.4
5.41
5.42
5.44
5.46
5.51
5.53
5.51
5.51
5.5
5.51
5.52
5.53
5.53
5.55
5.56
5.59
5.59
5.59
5.6
5.61
5.63
5.65
5.65
5.65
5.65
5.65
5.66
5.69
5.73
5.75
5.75
5.77
5.77
5.74
5.75
5.76
5.74
5.76
5.77
5.8
5.83
5.86
5.89
5.9
5.9
5.93
5.94
5.96
5.96
5.99
5.98
5.99
5.98
5.93
5.92
5.94
5.94
5.96
5.96
5.93
5.93
5.92
5.94
5.96
5.98
5.92
5.91
5.91
5.93
5.97
5.99
6.0
5.99
5.99
5.97
6.0
6.01
5.99
6.0
5.98
5.99
6.04
6.0
5.99
5.99
5.96
5.94
5.95
5.98
5.99
6.02
5.98
5.99
5.99
5.98
5.99
6.01
6.05
6.01
5.98
6.0
6.01
6.08
6.13
6.12
6.02
6.02
6.03
6.09
6.23
6.23
6.19
6.11
6.1
6.12
6.24
6.32
6.28
6.25
6.28
6.28
6.39
6.38
6.36
6.33
6.3
6.33
6.33
6.34
6.31
6.33
6.29
6.3
6.28
6.26
6.28
6.27
6.24
6.25
6.29
6.29
6.27
6.29
6.31
6.28
6.28
6.28
6.28
6.28
6.29
6.29
6.28
6.26
6.23
6.23
6.22
6.24
6.25
6.24
6.27
6.27
6.29
6.27
6.26
6.22
6.25
6.22
6.22
6.21
6.21
6.21
6.19
6.18
6.12
6.06
5.98
5.98
6.0
5.98
6.02
5.93
5.89
5.91
5.88
5.85
5.88
5.9
5.78
5.72
5.75
5.69
5.54
5.47
5.46
5.44
5.41
5.42
5.41
5.35
5.3
5.27
5.27
5.23
5.2
5.21
5.23
5.2
5.22
5.2
5.16
5.12
5.14
5.12
5.12
5.12
5.12
5.09
5.06
5.06
5.06
5.09
5.1
5.11
5.11
5.11
5.05
5.04
5.01
4.94
4.78
4.67
4.68
4.58
4.55
4.46
4.41
4.32
4.32
4.32
4.18
4.14
4.11
4.07
4.08
4.07
4.05
4.0
3.98
4.03
4.07
4.14
4.18
4.26
4.35
4.41
4.46
4.47
4.42
4.46
4.46
4.62
4.67
4.5
4.59
4.68
4.69
4.73
4.77
4.77
4.84
4.76
4.81
5.02
5.03
4.99
5.04
5.12
5.07
5.01
5.01
5.03
5.03
5.06
5.1
5.13
5.15
5.18
5.28
5.25
5.2
5.17
5.18
5.15
5.12
5.16
5.12
5.07
5.03
5.03
5.06
5.07
5.04
5.05
5.06
5.01
5.0
4.95
4.95
4.94
4.94
4.92
4.93
4.9
4.87
4.84
4.82
4.83
4.83
4.84
4.85
4.86
4.83
4.82
4.78
4.67
4.66
4.65
4.64
4.62
4.56
4.55
4.55
4.53
4.5
4.49
4.48
4.46
4.44
4.41
4.38
4.36
4.33
4.32
4.28
4.26
4.21
4.15
4.12
4.11
4.13
4.13
4.1
4.06
4.03
4.0
3.97
3.95
3.94
3.95
3.94
3.92
3.9
3.89
3.89
3.87
3.84
3.8
3.78
3.76
3.78
3.77
3.76
3.71
3.68
3.66
3.68
3.67
3.63
3.63
3.64
3.64
3.66
3.66
3.65
3.65
3.61
3.56
3.52
3.52
3.5
3.52
3.53
3.56
3.56
3.56
3.56
3.54
3.52
3.54
3.55
3.57
3.58
3.58
3.59
3.59
3.63
3.66
3.66
3.69
3.7
3.72
3.74
3.82
3.95
4.28
4.41
4.48
4.52
4.54
4.7
4.88
5.06
5.18
5.42
5.36
5.46
5.25
5.16
5.03
5.0
4.94
4.9
4.91
4.87
4.92
4.8
4.64
4.55
4.52
4.5
4.27
4.28
4.31
4.3
4.22
4.1
4.09
4.11
4.02
3.94
3.97
3.95
4.04
4.1
4.15
4.11
4.07
4.02
3.99
3.98
3.93
3.82
3.81
3.75
3.81
3.83
3.84
3.83
3.81
3.8
3.71
3.72
3.69
3.72
3.73
3.71
3.72
3.72
3.66
3.64
3.65
3.69
3.66
3.63
3.68
3.64
3.67
3.64
3.51
3.48
3.47
3.49
3.51
3.49
3.48
3.48
3.46
3.45
3.47
3.46
3.45
3.42
3.38
3.37
3.39
3.46
3.5
3.43
3.42
3.37
3.35
3.34
3.29
3.26
3.26
3.26
3.24
3.18
3.29
3.31
3.35
3.32
3.24
3.28
3.25
3.27
3.23
3.26
3.23
3.19
3.13
3.12
3.12
3.1
3.08
3.08
3.12
3.22
3.23
3.24
3.26
3.29
3.47
3.58
3.68
3.72
3.75
3.78
3.88
3.98
4.0
4.07
4.16
4.23
4.31
4.45
4.59
4.64
4.72
4.86
4.92
4.99
4.91
4.71
4.57
4.41
4.36
4.33
4.39
4.45
4.45
4.44
4.39
4.4
4.34
4.31
4.22
4.12
4.06
4.06
4.06
4.04
3.99
3.91
3.98
3.91
3.92
3.91
3.9
3.87
3.86
3.88
3.87
3.82
3.81
3.8
3.78
3.7
3.64
3.59
3.58
3.59
3.59
3.56
3.48
3.49
3.52
3.4
3.36
3.37
3.38
3.34
3.35
3.36
3.34
3.34
3.36
3.36
3.28
3.32
3.26
3.24
3.2
3.19
3.19
3.21
3.19
3.19
3.13
3.14
3.14
3.16
3.15
3.1
3.08
3.02
2.99
2.96
2.98
2.95
2.97
3.01
2.96
2.94
2.9
2.96
2.92
2.92
2.95
2.94
2.94
2.95
2.92
2.91
2.96
2.93
2.98
3.06
3.04
3.07
3.14
3.02
2.92
2.89
2.89
2.92
2.91
2.94
