8.17
8.11
7.98
7.94
8.04
7.95
8.04
7.84
7.77
7.71
7.67
7.86
7.84
7.76
7.74
7.74
7.77
7.9
7.9
7.98
7.87
7.94
7.96
7.88
7.83
7.92
8.0
7.92
8.03
7.95
7.92
7.82
7.92
8.08
7.96
8.03
8.04
7.99
8.02
7.98
7.98
8.01
8.08
8.23
8.26
8.26
8.22
8.15
7.94
7.86
7.87
7.85
7.84
7.84
7.86
7.84
7.88
7.82
7.88
7.88
7.79
7.79
7.8
7.82
7.79
7.73
7.76
7.71
7.73
7.72
7.7
7.68
7.69
7.69
7.66
7.62
7.61
7.57
7.57
7.59
7.56
7.48
7.45
7.39
7.37
7.33
7.31
7.27
7.24
7.23
7.19
7.17
7.15
7.15
7.15
7.12
7.11
7.06
7.05
7.06
7.06
7.08
7.12
7.07
7.06
7.04
7.04
7.05
7.05
7.04
7.04
7.07
7.02
7.04
7.07
7.07
7.08
7.1
7.07
7.08
7.17
7.35
7.3
7.41
7.36
7.36
7.41
7.53
7.52
7.59
7.67
7.69
7.67
7.72
7.66
7.76
7.77
7.55
7.47
7.11
6.97
7.11
6.96
6.75
6.83
6.82
6.88
6.94
6.82
6.72
6.73
6.81
6.83
6.99
6.96
6.91
7.03
6.95
6.94
6.81
6.89
6.77
6.69
6.8
6.85
6.68
6.62
6.75
6.71
6.71
6.69
6.58
6.61
6.46
6.52
6.53
6.42
6.47
6.53
6.56
6.55
6.52
6.54
6.53
6.52
6.51
6.57
6.72
6.67
6.73
6.74
6.77
6.86
6.95
7.0
7.09
7.1
7.19
7.15
7.22
7.27
7.3
7.31
7.25
7.16
7.02
7.17
7.12
7.16
7.19
7.11
7.01
7.05
7.09
7.12
7.07
7.0
6.9
6.92
6.92
6.95
6.95
6.91
6.88
6.82
6.84
6.84
6.88
6.84
6.79
6.64
6.69
6.71
6.69
6.68
6.66
6.57
6.55
6.55
6.52
6.52
6.5
6.48
6.52
6.68
6.67
6.58
6.51
6.53
6.52
6.5
6.39
6.25
6.25
6.28
6.21
6.17
6.18
6.16
6.28
6.39
6.5
6.6
6.66
6.65
6.76
6.75
6.84
6.89
6.92
6.99
7.05
7.14
7.26
7.32
7.41
7.5
7.54
7.68
7.83
7.97
8.06
8.1
8.16
8.21
8.3
8.14
8.33
8.27
8.3
8.32
8.34
8.1
7.95
7.63
7.62
7.68
7.79
7.74
7.84
7.88
7.88
7.95
7.92
7.85
7.81
7.87
7.95
8.09
8.09
7.95
7.95
8.02
8.07
8.01
7.95
8.03
8.1
8.27
8.19
8.19
8.21
8.26
8.29
8.31
8.32
8.33
8.35
8.33
8.37
8.4
8.35
8.39
8.43
8.4
8.36
8.36
8.37
8.37
8.21
8.22
8.21
8.08
7.97
8.0
7.93
7.91
7.91
7.98
7.91
7.89
7.9
7.91
7.93
7.93
7.81
7.7
7.67
7.73
7.75
7.61
7.63
7.54
7.43
7.44
7.43
7.46
7.47
7.4
7.37
7.55
7.44
7.33
7.25
7.21
7.22
7.21
7.12
7.09
7.13
6.98
6.91
6.87
6.85
6.84
6.79
6.74
6.7
6.64
6.65
6.63
6.59
6.56
6.52
6.47
6.4
6.34
6.29
6.22
6.23
6.23
6.25
6.19
6.16
6.18
6.22
6.36
6.45
6.46
6.51
6.7
7.1
7.38
7.59
7.98
8.37
8.61
8.49
8.04
7.58
7.69
7.79
7.87
7.98
8.06
8.15
8.2
8.2
8.19
8.18
8.17
8.16
8.2
8.07
7.85
7.91
7.89
7.86
7.77
7.87
7.63
7.81
7.82
7.66
7.84
7.47
7.61
7.74
7.68
7.69
7.53
7.57
7.56
7.44
7.44
7.43
7.33
7.41
7.5
7.42
7.22
7.31
7.2
7.19
7.3
7.01
6.88
6.85
6.87
6.96
7.7
7.7
7.5
7.69
7.69
7.63
7.67
7.4
7.32
7.3
7.41
7.54
7.66
7.77
7.8
7.84
7.81
7.76
7.63
7.58
7.99
7.7
7.79
7.49
7.33
7.53
7.73
7.74
7.69
7.73
7.8
7.83
7.74
7.65
7.6
7.52
7.38
7.53
7.54
7.53
7.54
7.49
7.33
7.35
7.38
7.41
7.38
7.3
7.14
7.23
7.26
7.27
7.3
7.29
7.15
7.12
7.03
7.1
7.17
6.94
6.95
6.93
6.95
6.94
6.93
6.94
6.88
6.84
6.86
6.85
6.82
6.8
6.76
6.72
6.72
6.77
6.78
6.9
6.94
7.0
7.01
7.13
7.18
7.32
7.4
7.33
7.32
7.37
7.49
7.53
7.58
7.71
7.76
7.82
7.84
7.87
7.92
7.91
8.05
8.17
8.45
8.49
8.44
8.4
8.57
8.77
8.85
8.97
9.04
9.07
9.13
9.2
9.23
9.08
9.01
9.05
9.07
9.07
9.09
9.06
9.08
9.07
8.91
8.95
9.03
9.07
9.08
9.1
9.1
9.08
9.12
9.18
9.2
9.22
9.21
9.28
9.34
9.33
9.26
9.28
9.18
9.21
9.15
9.19
9.16
9.27
9.39
9.58
9.56
9.49
9.5
9.52
9.54
9.53
9.48
9.4
9.37
9.42
9.41
9.37
9.35
9.36
9.35
9.37
9.43
9.39
9.41
9.47
9.43
9.41
9.43
9.41
9.36
9.28
9.24
9.08
9.15
9.22
9.23
9.21
9.22
9.23
9.25
9.24
9.01
8.86
8.94
8.88
8.86
8.91
8.95
8.97
8.97
8.92
8.82
8.82
8.87
8.92
8.83
8.9
8.83
8.81
8.76
8.76
8.74
8.78
8.75
8.64
8.63
8.62
8.61
8.67
8.61
8.66
8.69
8.59
8.37
8.33
8.36
8.4
8.5
8.5
8.61
8.47
8.44
8.47
8.49
8.56
8.78
8.83
8.74
8.84
8.98
9.01
9.12
9.13
9.21
9.43
9.47
9.57
9.59
9.63
9.67
9.69
9.76
9.54
9.52
9.54
9.49
9.33
9.49
9.5
9.53
9.4
9.37
9.5
9.45
9.4
9.36
9.14
9.09
9.05
9.18
9.09
9.18
9.3
9.24
9.15
9.29
9.05
8.95
8.97
8.83
8.8
8.83
8.97
8.96
8.89
8.9
8.93
8.93
8.95
8.76
8.78
8.72
8.7
8.73
8.69
8.74
8.71
8.75
8.75
8.79
8.85
8.82
8.73
8.66
8.72
8.79
8.71
8.78
8.91
8.96
8.97
8.89
8.73
8.79
8.83
8.79
8.59
8.59
8.7
8.6
8.53
8.56
8.5
8.45
8.34
8.28
8.27
8.28
8.26
8.24
8.26
8.25
8.16
8.12
8.08
8.05
8.01
7.98
7.99
8.06
8.06
8.08
7.96
7.9
7.86
7.86
7.8
7.77
7.78
7.76
7.73
7.72
7.68
7.65
7.59
7.54
7.51
7.47
7.51
7.54
7.53
7.57
7.53
7.48
7.45
7.43
7.41
7.36
7.34
7.36
7.38
7.43
7.49
7.49
7.5
7.59
7.57
7.74
7.97
8.04
8.17
8.29
8.51
8.8
9.1
9.14
9.05
9.19
9.24
9.21
9.03
8.85
8.67
8.39
8.32
8.32
8.11
8.09
7.83
7.5
7.39
7.72
7.94
8.09
8.14
8.19
8.15
8.25
8.31
8.42
8.35
8.47
8.48
8.52
8.54
8.57
8.65
8.65
8.66
8.72
8.69
8.71
8.71
8.61
8.59
8.66
8.65
8.52
8.48
8.45
8.48
8.52
8.51
8.43
8.36
8.28
8.23
8.2
8.14
8.15
8.17
8.17
8.19
8.18
8.21
8.2
8.2
8.18
8.15
8.16
8.16
8.14
8.14
8.16
8.19
8.23
8.24
8.26
8.27
8.29
8.29
8.3
8.32
8.31
8.31
8.28
8.26
8.25
8.26
8.24
8.25
8.26
8.24
8.23
8.2
8.18
8.17
8.16
8.13
8.15
8.16
8.18
8.13
8.13
8.12
8.1
8.09
8.11
8.1
8.12
8.1
8.09
8.07
8.08
8.09
8.11
8.09
8.07
8.12
8.17
8.17
8.22
8.21
8.22
8.19
8.17
8.15
8.17
8.16
8.15
8.17
8.16
8.16
8.15
8.18
8.18
8.23
8.21
8.26
8.22
8.27
8.43
8.52
8.61
8.65
8.65
8.68
8.78
8.76
8.61
8.19
8.21
8.34
8.65
8.58
8.49
8.51
8.62
8.52
8.6
8.73
8.63
8.45
8.29
8.37
8.51
8.65
8.45
8.09
8.07
8.56
8.45
8.6
8.68
8.52
8.4
8.24
8.36
8.43
8.44
8.48
8.47
8.47
8.54
8.52
8.54
8.56
8.75
8.72
8.8
8.73
8.75
8.75
8.82
8.83
8.88
8.91
8.9
8.84
8.87
8.9
8.93
8.94
8.93
8.92
8.92
8.9
8.89
8.88
8.86
8.85
8.83
8.8
8.77
8.73
8.72
8.69
8.7
8.69
8.67
8.65
8.64
8.64
8.62
8.6
8.6
8.59
8.56
8.55
8.53
8.53
8.51
8.49
8.48
8.45
8.42
8.4
8.38
8.35
8.32
8.32
8.32
8.33
8.33
8.33
8.28
8.29
8.29
8.33
8.36
8.35
8.32
8.3
8.3
8.32
8.34
8.36
8.37
8.4
8.4
8.41
8.39
8.38
8.37
8.39
8.4
8.39
8.39
8.39
8.42
8.45
8.49
8.54
8.5
8.48
8.44
8.29
8.29
8.27
8.18
8.12
8.1
8.09
8.06
8.14
7.95
7.96
7.89
7.94
7.92
7.94
7.97
8.02
7.96
7.9
7.99
8.16
7.99
8.04
8.07
8.15
8.17
8.26
8.3
8.31
8.25
8.24
8.26
8.36
8.38
8.38
8.47
8.6
8.54
8.51
8.44
8.4
8.28
8.22
8.44
8.57
8.64
8.73
8.83
8.99
9.01
9.02
9.03
9.06
9.11
9.12
9.0
8.66
8.24
8.17
8.31
8.48
8.65
8.73
8.74
8.76
8.77
8.81
8.82
8.82
8.88
8.91
8.9
9.01
9.01
8.93
8.84
8.82
8.7
8.66
8.65
8.61
