2.13
2.14
2.16
2.16
2.11
2.1
2.09
2.08
2.1
2.14
2.16
2.17
2.12
2.14
2.12
2.14
2.13
2.14
2.19
2.18
2.15
2.14
2.17
2.17
2.16
2.17
2.18
2.16
2.14
2.16
2.13
2.12
2.11
2.14
2.14
2.11
2.11
2.08
2.04
2.01
1.99
1.98
1.97
1.97
1.95
1.95
1.95
1.95
1.93
1.93
1.93
1.93
1.93
1.92
1.92
1.89
1.87
1.87
1.85
1.84
1.83
1.82
1.81
1.8
1.78
1.78
1.76
1.75
1.74
1.73
1.72
1.73
1.73
1.73
1.72
1.72
1.71
1.71
1.7
1.7
1.69
1.68
1.69
1.68
1.68
1.66
1.64
1.64
1.63
1.63
1.61
1.61
1.59
1.58
1.58
1.57
1.55
1.54
1.54
1.53
1.52
1.51
1.5
1.49
1.48
1.47
1.47
1.47
1.46
1.45
1.45
1.44
1.43
1.42
1.42
1.41
1.4
1.39
1.39
1.38
1.37
1.35
1.34
1.33
1.32
1.32
1.3
1.28
1.27
1.24
1.23
1.22
1.21
1.2
1.2
1.19
1.18
1.18
1.19
1.2
1.21
1.21
1.23
1.21
1.19
1.17
1.14
1.14
1.16
1.14
1.13
1.13
1.13
1.13
1.13
1.14
1.16
1.16
1.17
1.18
1.18
1.19
1.2
1.19
1.21
1.22
1.22
1.23
1.23
1.23
1.22
1.23
1.23
1.21
1.21
1.2
1.2
1.2
1.19
1.19
1.19
1.17
1.16
1.16
1.16
1.16
1.16
1.15
1.14
1.13
1.13
1.12
1.12
1.12
1.11
1.11
1.1
1.1
1.09
1.08
1.08
1.08
1.08
1.05
1.04
1.07
1.08
1.06
1.05
1.06
1.04
1.03
1.02
1.03
1.03
1.03
1.01
1.01
0.99
0.98
1.01
1.0
0.97
0.96
0.98
1.0
0.98
0.94
0.93
0.93
0.91
0.9
0.88
0.88
0.88
0.88
0.89
0.88
0.87
0.87
0.86
0.85
0.85
0.85
0.86
0.86
0.84
0.82
0.83
0.83
0.83
0.82
0.82
0.82
0.81
0.8
0.79
0.8
0.81
0.8
0.8
0.81
0.82
0.83
0.82
0.83
0.82
0.8
0.79
0.8
0.81
0.82
0.82
0.82
0.83
0.84
0.83
0.83
0.82
0.81
0.83
0.84
0.84
0.86
0.88
0.9
0.96
0.97
0.96
0.96
0.97
0.99
1.01
1.02
1.03
1.05
1.09
1.13
1.14
1.17
1.18
1.21
1.22
1.23
1.26
1.28
1.28
1.3
1.32
1.35
1.38
1.41
1.43
1.44
1.46
1.47
1.49
1.53
1.56
1.57
1.58
1.59
1.61
1.63
1.66
1.7
1.67
1.65
1.66
1.6
1.57
1.49
1.38
1.32
1.28
1.28
1.29
1.29
1.31
1.3
1.27
1.25
1.24
1.25
1.28
1.29
1.31
1.32
1.33
1.36
1.4
1.43
1.43
1.43
1.42
1.44
1.53
1.58
1.71
1.82
1.91
1.89
2.0
2.19
2.21
2.19
2.18
2.15
2.13
2.12
2.11
2.09
2.09
2.16
2.24
2.3
2.37
2.4
2.43
2.45
2.51
2.55
2.53
2.49
2.45
2.43
2.43
2.49
2.53
2.48
2.45
2.47
2.54
2.59
2.64
2.68
2.76
2.79
2.76
2.78
2.83
2.91
2.94
2.92
2.9
2.9
2.91
2.94
2.95
2.96
2.96
2.94
2.95
2.97
2.96
2.98
3.01
3.05
3.06
3.06
3.06
3.06
3.06
3.06
3.06
3.06
3.07
3.07
3.07
3.08
3.09
3.09
3.11
3.15
3.17
3.22
3.29
3.28
3.25
3.21
3.19
3.18
3.18
3.18
3.18
3.14
3.17
3.2
3.21
3.22
3.24
3.22
3.24
3.3
3.29
3.3
3.4
3.45
3.42
3.44
3.41
3.33
3.29
3.26
3.23
3.21
3.22
3.29
3.26
3.25
3.23
3.18
3.17
3.22
3.24
3.24
3.22
3.21
3.25
3.25
3.2
3.18
3.2
3.3
3.36
3.39
3.39
3.37
3.36
3.38
3.39
3.38
3.34
3.3
3.28
3.27
3.28
3.26
3.23
3.21
3.19
3.16
3.16
3.18
3.18
3.16
3.2
3.22
3.22
3.23
3.22
3.18
3.15
3.1
3.05
3.02
3.01
2.99
2.97
2.97
2.96
2.96
2.95
2.95
2.95
2.97
2.99
3.01
3.0
2.99
2.98
2.98
2.99
2.99
2.98
2.99
2.99
3.03
3.03
3.01
2.97
2.95
2.91
2.9
2.89
2.88
2.86
2.85
2.83
2.83
2.81
2.81
2.82
2.83
2.86
2.89
2.96
3.04
3.06
3.06
3.05
3.02
3.02
3.03
3.07
3.12
3.17
3.22
3.25
3.27
3.28
3.31
3.31
3.33
3.34
3.34
3.36
3.39
3.42
3.47
3.53
3.57
3.55
3.43
3.35
3.34
3.33
3.3
3.27
3.27
3.25
3.21
3.19
3.19
3.21
3.22
3.22
3.19
3.18
3.2
3.21
3.23
3.27
3.28
3.3
3.28
3.22
3.2
3.17
3.15
3.1
3.06
3.07
3.08
3.1
3.12
3.16
3.19
3.22
3.24
3.25
3.26
3.28
3.29
3.3
3.31
3.32
3.34
3.36
3.37
3.38
3.38
3.39
3.39
3.4
3.41
3.42
3.43
3.44
3.45
3.47
3.48
3.48
3.49
3.51
3.53
3.55
3.54
3.54
3.55
3.56
3.55
3.56
3.58
3.58
3.58
3.61
3.6
3.53
3.5
3.46
3.46
3.45
3.44
3.43
3.4
3.38
3.36
3.35
3.35
3.33
3.26
3.19
3.13
3.07
2.99
2.88
2.81
2.82
2.8
2.74
2.67
2.67
2.67
2.63
2.6
2.62
2.64
2.67
2.69
2.7
2.73
2.72
2.69
2.67
2.64
2.63
2.63
2.63
2.61
2.57
2.55
2.53
2.47
2.44
2.46
2.48
2.5
2.55
2.59
2.61
2.58
2.56
2.56
2.56
2.53
2.53
2.57
2.58
2.55
2.5
2.48
2.47
2.47
2.49
2.52
2.58
2.62
2.67
2.71
2.78
2.84
2.86
2.86
2.85
2.86
2.86
2.91
2.94
2.95
2.93
2.94
2.94
2.93
2.93
2.95
2.95
2.92
2.9
2.91
2.93
2.96
2.96
2.99
2.93
2.85
2.87
2.9
2.88
2.75
2.62
2.58
2.46
2.32
2.22
2.19
2.16
2.16
2.14
2.14
2.14
2.13
2.12
2.11
2.1
2.09
2.09
2.09
2.08
2.05
2.05
2.05
2.05
2.05
2.05
2.06
2.06
2.06
2.07
2.07
2.09
2.1
2.12
2.12
2.12
2.14
2.14
2.15
2.14
2.11
2.11
2.11
2.11
2.1
2.1
2.13
2.15
2.12
2.11
2.11
2.1
2.1
2.09
2.08
2.07
2.07
2.08
2.11
2.15
2.11
2.09
2.09
2.09
2.1
2.09
2.07
2.08
2.12
2.11
2.06
2.06
2.06
2.03
2.05
2.02
1.97
1.95
1.95
1.9
1.89
1.88
1.86
1.82
1.78
1.77
1.76
1.77
1.77
1.76
1.74
1.73
1.7
1.71
1.72
1.72
1.74
1.81
1.85
1.82
1.8
1.8
1.81
1.83
1.86
1.89
1.9
1.95
2.02
2.13
2.18
2.22
2.24
2.25
2.24
2.29
2.31
2.34
2.34
2.35
2.38
2.43
2.49
2.53
2.54
2.55
2.63
2.66
2.63
2.63
2.66
2.69
2.72
2.73
2.72
2.71
2.68
2.68
2.67
2.71
2.76
2.79
2.82
2.82
2.71
2.69
2.62
2.63
2.61
2.56
2.51
2.49
2.45
2.41
2.38
2.34
2.31
2.29
2.27
2.27
2.25
2.24
2.22
2.21
2.22
2.21
2.22
2.21
2.19
2.17
2.18
2.17
2.15
2.16
2.15
2.16
2.18
2.19
2.2
2.19
2.16
2.16
2.15
2.13
2.1
2.12
2.17
2.19
2.16
2.18
2.19
2.23
2.23
2.29
2.36
2.36
2.34
2.34
2.36
2.4
2.42
2.42
2.41
2.41
2.42
2.41
2.41
2.42
2.42
2.42
2.44
2.45
2.47
2.46
2.47
2.48
2.49
2.51
2.52
2.53
2.53
2.53
2.53
2.52
2.51
2.49
2.46
2.44
2.43
2.42
2.43
2.44
2.45
2.46
2.45
2.44
2.42
2.41
2.41
2.41
2.43
2.44
2.46
2.49
2.5
2.49
2.47
2.48
2.48
2.48
2.49
2.49
2.49
2.48
2.47
2.49
2.51
2.54
2.53
2.52
2.52
2.55
2.53
2.53
2.54
2.56
2.6
2.57
2.55
2.57
2.58
2.54
2.52
2.52
2.53
2.53
2.54
2.54
2.53
2.53
2.52
2.55
2.55
2.54
2.52
2.52
2.51
2.51
2.51
2.51
2.49
2.49
2.5
2.5
2.5
2.49
2.5
2.51
2.54
2.57
2.59
2.62
2.65
2.65
2.64
2.62
2.61
2.59
2.56
2.54
2.52
2.5
2.48
2.5
2.53
2.55
2.6
2.63
2.62
2.58
2.55
2.53
2.53
2.52
2.51
2.49
2.48
2.49
2.51
2.53
2.54
2.57
2.62
2.68
2.74
2.8
2.84
2.88
2.94
2.97
2.99
3.02
3.0
2.94
2.88
2.79
2.75
2.72
2.65
2.59
2.54
2.49
2.43
2.33
2.21
2.11
2.06
2.03
2.0
1.96
1.94
1.92
1.92
1.92
1.92
1.91
1.9
1.89
1.88
1.87
1.87
1.87
1.85
1.86
1.86
1.87
1.88
1.88
1.88
1.88
1.88
1.88
1.89
1.89
1.9
1.89
1.89
1.89
1.93
1.95
1.95
1.97
1.98
2.01
2.05
2.07
2.09
2.12
2.18
2.24
2.29
2.32
2.39
2.44
2.47
2.5
2.52
2.55
2.54
2.55
2.55
2.57
2.57
2.56
2.58
2.61
2.62
2.64
2.66
2.67
2.69
2.7
2.72
2.74
2.76
2.78
2.78
2.8
2.78
2.79
2.79
2.79
2.81
2.84
2.86
2.87
2.89
2.91
2.92
2.92
2.94
