6.0
5.98
5.99
5.98
6.0
6.01
6.02
6.03
6.04
6.06
6.12
6.15
6.16
6.2
6.25
6.25
6.22
6.1
5.94
6.05
6.16
6.14
6.14
6.2
6.25
6.28
6.33
6.35
6.27
6.34
6.34
6.13
6.12
6.18
6.24
6.32
6.41
6.37
6.27
6.24
6.29
6.31
6.32
6.37
6.38
6.38
6.39
6.44
6.47
6.49
6.45
6.44
6.47
6.51
6.53
6.49
6.47
6.39
6.41
6.4
6.38
6.4
6.42
6.37
6.35
6.27
6.25
6.23
6.23
6.22
6.19
6.23
6.41
6.37
6.28
6.17
6.17
6.13
6.08
6.04
6.01
6.06
6.09
6.05
6.05
6.06
6.09
6.06
6.06
6.07
6.09
6.07
6.05
6.03
6.01
6.0
5.98
5.97
5.89
5.87
5.9
5.87
5.75
5.69
5.69
5.68
5.72
5.71
5.68
5.55
5.54
5.54
5.46
5.37
5.34
5.33
5.31
5.27
5.26
5.22
5.15
5.05
5.02
4.95
4.88
4.86
4.82
4.75
4.75
4.76
4.74
4.68
4.66
4.7
4.75
4.75
4.74
4.71
4.71
4.71
4.69
4.66
4.64
4.63
4.6
4.53
4.55
4.56
4.52
4.53
4.52
4.69
4.94
5.14
5.24
5.55
5.52
5.54
5.61
5.69
5.78
5.89
6.08
6.42
6.8
7.03
7.2
7.25
7.21
6.72
6.11
6.07
6.08
6.12
6.2
6.22
6.25
6.21
6.28
6.45
6.43
6.58
6.55
6.31
6.33
6.35
6.26
6.19
6.23
6.21
6.23
6.24
6.21
6.32
6.46
6.54
6.56
6.58
6.59
6.63
6.69
6.77
6.84
6.85
6.91
6.96
6.98
6.97
6.97
6.97
6.96
6.96
6.96
6.97
6.97
6.98
7.0
6.99
7.01
7.02
7.06
7.14
7.16
7.17
7.25
7.26
7.34
7.39
7.44
7.45
7.43
7.35
7.35
7.38
7.39
7.44
7.5
7.53
7.54
7.56
7.62
7.73
7.84
7.82
7.78
7.78
7.81
7.86
7.94
7.99
8.03
8.1
8.13
8.13
8.13
8.2
8.22
8.26
8.23
8.23
8.24
8.26
8.27
8.28
8.28
8.28
8.3
8.33
8.32
8.34
8.46
8.67
8.9
9.06
9.13
9.12
9.12
9.21
9.22
9.19
9.21
9.2
9.16
9.15
9.14
9.15
9.16
9.14
8.86
8.73
8.75
8.78
8.79
8.82
8.79
8.8
8.84
8.96
8.88
8.87
8.96
9.08
9.11
9.27
9.49
9.67
9.66
9.62
9.58
9.63
9.62
9.61
9.68
9.65
9.63
9.62
9.63
9.67
9.65
9.6
9.61
9.6
9.64
9.63
9.64
9.67
9.7
9.68
9.68
9.7
9.74
9.74
9.74
9.77
9.8
9.8
9.76
9.76
9.75
9.74
9.48
9.15
9.14
9.18
9.15
9.12
9.07
9.14
8.93
8.74
8.68
8.61
8.59
8.48
8.46
8.52
8.56
8.53
8.49
8.46
8.46
8.5
8.45
8.41
8.42
8.41
8.41
8.41
8.41
8.42
8.39
8.35
8.34
8.32
8.33
8.29
8.28
8.32
8.3
8.3
8.28
8.28
8.29
8.28
8.29
8.24
8.23
8.27
8.32
8.36
8.43
8.38
8.56
8.55
8.58
8.65
8.73
8.78
8.78
8.76
8.78
8.78
8.73
8.74
8.71
8.7
8.78
8.78
8.76
8.76
8.75
8.75
8.73
8.68
8.69
8.68
8.62
8.53
8.47
8.3
8.22
8.17
8.21
8.17
8.17
8.17
8.18
8.21
8.21
8.22
8.24
8.24
8.23
8.23
8.24
8.25
8.24
8.23
8.24
8.27
8.31
8.35
8.35
8.36
8.37
8.36
8.34
8.35
8.36
8.37
8.4
8.41
8.44
8.44
8.48
8.5
8.49
8.44
8.42
8.48
8.44
8.34
8.23
8.22
8.19
8.21
8.2
8.25
8.37
8.37
8.29
8.27
8.15
8.18
8.16
8.2
8.11
8.18
8.15
8.12
8.18
8.24
8.3
8.33
8.37
8.38
8.4
8.44
8.47
8.49
8.49
8.51
8.52
8.56
8.57
8.6
8.57
8.58
8.56
8.56
8.57
8.57
8.57
8.57
8.56
8.56
8.56
8.54
8.54
8.51
8.51
8.53
8.62
8.63
8.62
8.6
8.62
8.59
8.59
8.57
8.56
8.56
8.51
8.46
8.48
8.46
8.39
8.35
8.31
8.22
8.18
8.11
8.06
8.01
8.01
8.11
8.08
7.96
7.93
7.99
7.99
7.93
7.91
7.89
7.88
7.93
8.0
8.04
7.8
7.38
7.28
7.43
7.44
7.33
7.21
7.24
7.32
7.45
7.73
7.19
7.52
8.18
7.64
7.49
7.56
7.26
7.05
7.1
7.16
7.22
7.47
7.43
7.23
7.07
7.07
7.03
6.99
7.02
7.08
7.04
7.56
8.25
8.26
8.13
8.09
8.06
8.07
8.05
8.07
8.11
8.23
8.31
8.33
8.41
8.43
8.4
8.47
8.54
8.69
8.85
9.01
9.22
9.31
9.41
9.44
9.44
9.54
9.46
9.47
9.49
9.4
9.43
9.49
9.43
9.46
9.45
9.49
9.54
9.55
9.45
9.33
9.45
9.26
9.09
8.8
8.75
8.82
9.1
8.95
8.76
8.72
8.79
8.84
8.89
8.91
8.92
8.94
8.87
8.75
8.7
8.66
8.63
8.53
8.42
8.38
8.39
8.35
8.17
8.04
7.98
7.93
7.92
7.92
7.93
7.91
7.89
7.92
7.98
8.0
8.03
8.03
8.0
7.96
7.94
7.91
7.91
7.92
7.94
7.96
8.02
8.08
8.09
8.11
8.12
8.13
8.13
8.11
8.08
8.05
8.05
8.05
8.04
8.0
7.97
7.94
7.9
7.88
7.84
7.83
7.82
7.79
7.81
7.77
7.78
7.7
7.7
7.68
7.71
7.71
7.69
7.68
7.63
7.6
7.61
7.62
7.61
7.59
7.56
7.53
7.52
7.54
7.53
7.53
7.52
7.54
7.55
7.53
7.54
7.53
7.52
7.53
7.54
7.55
7.54
7.55
7.6
7.64
7.62
7.62
7.62
7.64
7.65
7.7
7.71
7.77
7.83
7.89
7.91
7.95
7.97
8.08
8.12
8.18
8.35
8.47
8.52
8.73
8.86
8.87
8.88
8.87
8.82
8.75
8.75
8.86
8.88
8.88
8.91
8.96
9.0
8.99
8.86
8.87
9.0
8.95
8.88
8.92
8.77
8.64
8.55
8.57
8.65
8.69
8.72
8.7
8.72
8.75
8.76
8.75
8.77
8.8
8.82
8.86
8.89
8.92
8.97
8.98
8.98
8.96
8.95
8.95
8.96
8.96
8.96
8.98
8.99
8.97
8.96
8.95
8.94
8.94
8.85
8.79
8.73
8.63
8.55
8.52
8.49
8.47
8.44
8.41
8.41
8.4
8.4
8.4
8.4
8.4
8.43
8.44
8.46
8.47
8.47
8.46
8.44
8.41
8.4
8.37
8.35
8.32
8.3
8.28
8.28
8.27
8.25
8.24
8.22
8.21
8.17
8.17
8.14
8.14
8.13
8.12
8.13
8.11
8.11
8.09
8.07
8.04
7.98
7.95
7.9
7.92
7.93
7.94
7.91
7.92
7.9
7.92
7.91
7.89
7.86
7.84
7.78
7.83
7.82
7.76
7.77
7.84
7.92
7.86
7.79
7.83
7.95
8.01
8.09
8.2
8.24
8.3
8.33
8.34
8.39
8.38
8.28
8.23
8.24
8.3
8.38
8.26
8.21
8.15
8.16
8.13
8.09
8.1
8.11
8.13
8.07
8.08
8.03
8.01
8.01
7.95
7.93
7.85
7.87
7.91
7.87
7.96
7.93
8.03
8.41
8.69
8.73
8.77
8.74
8.77
8.92
8.94
8.9
8.93
8.91
8.81
8.62
8.51
8.43
8.33
8.2
8.14
8.19
8.21
8.15
8.06
8.02
8.04
8.06
8.02
8.03
7.99
8.0
8.06
8.1
8.11
8.11
8.05
7.96
8.11
7.92
7.95
7.75
7.86
7.83
7.79
7.73
7.69
7.77
7.77
7.67
7.52
7.5
7.55
7.54
7.59
7.45
7.46
7.38
7.28
7.04
6.89
6.9
6.86
6.77
6.75
6.77
6.71
6.65
6.69
6.7
6.72
6.7
6.65
6.66
6.68
6.67
6.64
6.6
6.61
6.58
6.49
6.45
6.35
6.33
6.33
6.3
6.35
6.29
6.29
6.17
6.13
6.14
6.18
6.18
6.14
6.08
5.96
6.05
6.1
6.09
6.07
6.07
6.07
6.08
6.08
6.09
6.07
6.16
6.18
6.24
6.25
6.28
6.38
6.54
6.64
6.61
6.77
6.97
7.0
7.12
7.33
7.53
7.59
7.72
8.0
8.26
8.37
8.48
8.56
8.64
8.8
8.9
8.58
8.27
8.32
8.35
8.39
8.54
8.62
8.62
8.72
8.8
8.86
8.85
8.85
8.82
8.61
8.52
8.51
8.55
8.52
8.54
8.57
8.59
8.51
8.51
8.48
8.42
8.56
8.72
8.79
8.82
8.8
8.81
8.79
8.84
8.79
8.7
8.69
8.48
8.42
8.55
8.69
8.62
8.55
8.45
8.29
8.4
8.45
8.42
8.4
8.38
8.35
8.32
8.27
8.23
8.16
8.13
8.11
8.06
8.03
8.03
8.03
8.04
8.05
8.07
8.13
8.11
8.12
8.14
8.15
8.16
8.14
8.11
8.12
8.12
8.11
8.12
8.12
8.12
8.14
8.14
8.15
8.14
8.15
8.15
8.16
8.19
8.17
8.17
8.16
8.17
8.2
8.18
8.15
8.13
8.12
8.11
8.11
8.1
8.1
8.09
8.09
8.14
8.14
8.14
8.12
8.11
8.14
8.31
8.43
8.51
8.49
8.42
8.39
8.42
8.45
8.65
8.89
8.84
8.88
8.89
8.85
8.78
8.76
8.77
8.87
8.98
9.1
9.16
9.18
9.17
9.22
9.37
9.45
9.6
9.8
9.9
9.8
9.72
9.74
9.74
9.74
9.73
9.74
9.8
9.8
9.73
9.76
9.76
9.71
9.82
9.83
9.82
9.81
9.76
9.77
9.78
9.74
9.71
9.72
9.74
