2.72
2.71
2.72
2.72
2.73
2.73
2.72
2.71
2.7
2.69
2.72
2.72
2.72
2.74
2.73
2.73
2.71
2.71
2.77
2.81
2.81
2.83
2.88
2.87
2.88
2.87
2.88
2.86
2.85
2.86
2.83
2.84
2.82
2.81
2.78
2.72
2.75
2.79
2.79
2.78
2.8
2.79
2.78
2.8
2.8
2.77
2.76
2.75
2.77
2.74
2.73
2.72
2.71
2.69
2.73
2.73
2.81
2.82
2.76
2.82
2.81
2.79
2.78
2.77
2.77
2.76
2.76
2.76
2.73
2.75
2.75
2.76
2.77
2.79
2.8
2.79
2.79
2.81
2.81
2.81
2.79
2.77
2.77
2.76
2.75
2.75
2.74
2.72
2.72
2.72
2.71
2.71
2.71
2.67
2.71
2.74
2.73
2.74
2.72
2.65
2.69
2.63
2.67
2.65
2.6
2.59
2.58
2.6
2.59
2.62
2.57
2.56
2.59
2.59
2.53
2.47
2.5
2.51
2.53
2.52
2.5
2.48
2.5
2.48
2.43
2.4
2.4
2.39
2.35
2.37
2.39
2.39
2.37
2.36
2.33
2.35
2.3
2.27
2.29
2.33
2.33
2.38
2.33
2.31
2.32
2.33
2.29
2.26
2.24
2.28
2.26
2.27
2.24
2.2
2.2
2.19
2.22
2.29
2.31
2.34
2.32
2.35
2.35
2.4
2.43
2.47
2.51
2.54
2.56
2.6
2.65
2.64
2.7
2.74
2.78
2.8
2.85
2.89
2.98
3.0
3.04
3.03
3.05
3.03
3.07
3.07
3.05
3.07
3.04
3.03
3.04
3.05
3.08
3.05
3.07
3.02
3.02
3.05
3.03
2.98
2.93
2.93
2.92
2.88
2.88
2.88
2.87
2.85
2.85
2.83
2.8
2.75
2.74
2.68
2.66
2.66
2.64
2.63
2.64
2.65
2.71
2.7
2.67
2.69
2.75
2.77
2.8
2.77
2.77
2.74
2.73
2.76
2.75
2.76
2.73
2.73
2.75
2.75
2.76
2.77
2.76
2.77
2.76
2.76
2.76
2.75
2.75
2.75
2.75
2.76
2.77
2.78
2.78
2.79
2.79
2.8
2.8
2.79
2.8
2.8
2.79
2.8
2.8
2.81
2.82
2.83
2.86
2.85
2.85
2.86
2.85
2.86
2.85
2.86
2.87
2.88
2.89
2.88
2.89
2.89
2.89
2.91
2.92
2.93
2.94
2.96
2.97
2.97
2.95
2.97
2.96
2.97
2.98
2.99
2.98
3.01
3.0
3.01
3.02
3.0
3.0
2.98
2.97
2.94
2.91
2.9
2.94
2.96
2.95
2.96
2.96
2.95
3.07
3.24
3.38
3.48
3.54
3.63
3.67
3.71
3.75
3.78
3.8
3.8
3.84
3.86
3.88
3.88
3.9
3.9
3.91
3.91
3.95
3.97
4.0
4.03
4.04
4.03
4.05
4.07
4.13
4.16
4.19
4.22
4.21
4.22
4.23
4.24
4.22
4.23
4.23
4.23
4.22
4.22
4.24
4.21
4.21
4.25
4.28
4.28
4.26
4.24
4.23
4.24
4.26
4.27
4.3
4.3
4.31
4.31
4.31
4.32
4.33
4.35
4.37
4.4
4.42
4.45
4.46
4.48
4.48
4.48
4.52
4.55
4.58
4.59
4.61
4.64
4.64
4.65
4.68
4.7
4.74
4.76
4.78
4.82
4.81
4.82
4.83
4.85
4.87
4.85
4.89
4.89
4.88
4.87
4.88
4.89
4.87
4.9
4.91
4.91
4.91
4.93
4.94
4.94
4.95
4.96
4.97
4.98
4.97
4.98
4.98
5.0
5.0
5.0
4.99
5.0
4.99
5.02
5.04
5.04
5.05
5.08
5.09
5.09
5.11
5.12
5.14
5.12
5.12
5.12
5.14
5.14
5.16
5.18
5.2
5.22
5.25
5.28
5.3
5.34
5.39
5.42
5.46
5.48
5.48
5.49
5.49
5.49
5.44
5.45
5.48
5.52
5.52
5.52
5.55
5.59
5.66
5.67
5.67
5.67
5.69
5.74
5.84
5.86
5.89
5.97
5.99
6.05
6.1
6.26
6.23
6.28
6.4
6.35
6.33
6.28
6.27
6.32
6.33
6.35
6.36
6.36
6.38
6.36
6.38
6.35
6.33
6.34
6.34
6.35
6.32
6.31
6.39
6.36
6.33
6.3
6.33
6.36
6.39
6.46
6.43
6.42
6.41
6.42
6.44
6.43
6.41
6.39
6.33
6.39
6.36
6.37
6.45
6.44
6.44
6.5
6.49
6.49
6.49
6.5
6.46
6.43
6.39
6.36
6.33
6.32
6.37
6.4
6.44
6.47
6.47
6.44
6.38
6.33
6.31
6.28
6.26
6.25
6.24
6.23
6.18
6.11
6.08
6.01
6.02
6.0
6.0
5.95
5.91
5.92
5.9
5.89
5.89
5.87
5.86
5.84
5.83
5.79
5.78
5.77
5.75
5.75
5.74
5.76
5.77
5.76
5.73
5.74
5.75
5.77
5.8
5.79
5.78
5.75
5.71
5.7
5.72
5.73
5.76
5.77
5.79
5.83
5.88
5.99
6.05
6.09
6.19
6.3
6.35
6.41
6.45
6.51
6.55
6.63
6.57
6.56
6.59
6.62
6.64
6.61
6.61
6.6
6.54
6.46
6.35
6.31
6.26
6.26
6.26
6.3
6.33
6.33
6.34
6.34
6.35
6.36
6.35
6.34
6.33
6.35
6.37
6.36
6.36
6.35
6.3
6.25
6.2
6.17
6.15
6.11
6.07
6.06
6.06
6.08
6.08
6.1
6.09
6.07
6.05
6.06
6.09
6.1
6.14
6.16
6.17
6.18
6.18
6.18
6.16
6.15
6.13
6.13
6.12
6.08
6.02
6.01
6.02
6.06
6.1
6.12
6.11
6.1
6.08
6.06
6.04
6.05
6.06
6.08
6.08
6.12
6.16
6.16
6.13
6.11
6.1
6.07
6.04
6.02
6.01
6.02
6.02
6.02
6.01
6.02
6.03
6.07
6.11
6.14
6.19
6.23
6.23
6.25
6.25
6.24
6.24
6.26
6.27
6.3
6.29
6.26
6.24
6.24
6.26
6.28
6.36
6.38
6.37
6.36
6.38
6.46
6.53
6.59
6.61
6.61
6.61
6.59
6.56
6.51
6.44
6.39
6.43
6.49
6.48
6.47
6.52
6.58
6.64
6.65
6.68
6.75
6.81
6.76
6.66
6.68
6.8
6.69
6.69
6.66
6.71
6.72
6.66
6.61
6.57
6.26
6.01
6.09
6.22
6.32
6.39
6.51
6.47
6.44
6.41
6.45
6.42
6.45
6.43
6.39
6.4
6.34
6.37
6.38
6.29
6.18
6.12
6.14
6.14
6.1
6.06
6.01
5.84
5.63
5.44
5.31
5.23
5.19
5.17
5.09
5.08
5.07
5.03
4.97
4.97
5.02
5.03
5.0
4.99
4.96
4.93
4.87
4.7
4.66
4.75
4.88
4.92
4.85
4.81
4.81
4.81
4.8
4.79
4.75
4.73
4.74
4.75
4.72
4.67
4.64
4.61
4.59
4.58
4.57
4.56
4.53
4.5
4.5
4.51
4.51
4.51
4.53
4.56
4.58
4.6
4.6
4.61
4.64
4.65
4.67
4.68
4.71
4.71
4.71
4.7
4.72
4.73
4.74
4.75
4.76
4.75
4.76
4.76
4.79
4.8
4.81
4.82
4.83
4.83
4.81
4.82
4.83
4.85
4.88
4.89
4.93
4.95
4.94
4.94
4.95
4.96
4.93
4.94
4.95
4.96
4.98
4.97
4.99
5.02
5.04
5.07
5.08
5.1
5.14
5.17
5.21
5.22
5.25
5.28
5.3
5.34
5.34
5.35
5.37
5.34
5.34
5.3
5.24
5.19
5.16
5.14
5.13
5.14
5.17
5.19
5.2
5.23
5.23
5.24
5.27
5.32
5.31
5.28
5.38
5.39
5.28
5.18
5.11
5.13
5.14
5.16
5.14
5.12
5.13
5.12
5.07
5.05
5.07
5.08
5.05
5.08
5.02
5.02
5.01
4.96
4.95
4.9
4.83
4.79
4.74
4.73
4.69
4.65
4.61
4.52
4.48
4.49
4.47
4.46
4.45
4.46
4.41
4.4
4.37
4.35
4.3
4.35
4.33
4.31
4.3
4.29
4.26
4.25
4.25
4.24
4.23
4.23
4.23
4.23
4.19
4.19
4.19
4.2
4.2
4.21
4.21
4.22
4.21
4.21
4.18
4.2
4.19
4.19
4.19
4.19
4.2
4.2
4.21
4.18
4.18
4.18
4.2
4.21
4.22
4.23
4.22
4.23
4.26
4.26
4.28
4.28
4.3
4.3
4.3
4.29
4.3
4.31
4.31
4.32
4.32
4.32
4.3
4.3
4.27
4.25
4.26
4.27
4.27
4.24
4.22
4.2
4.19
4.17
4.14
4.12
4.08
4.07
4.03
4.03
4.0
3.99
4.01
4.01
3.98
3.99
3.96
3.88
3.9
3.95
3.99
4.03
4.14
4.15
4.24
4.29
4.37
4.42
4.53
4.58
4.6
4.62
4.55
4.58
4.61
4.54
4.55
4.63
4.67
4.63
4.52
4.39
4.43
4.48
4.5
4.55
4.56
4.54
4.55
4.59
4.62
4.65
4.66
4.65
4.65
4.65
4.66
4.66
4.66
4.68
4.69
4.71
4.73
4.75
4.77
4.78
4.8
4.82
4.82
4.83
4.83
4.83
4.84
4.85
4.86
4.87
4.88
4.88
4.9
4.9
4.9
4.9
4.91
4.89
4.9
4.9
4.89
4.89
4.89
4.88
4.88
4.85
4.75
4.69
4.63
4.68
4.7
4.7
4.68
4.67
4.67
4.67
4.68
4.68
4.7
4.72
4.72
4.72
4.71
4.71
4.73
4.71
4.71
4.68
4.7
4.66
4.62
4.59
4.6
4.58
4.56
4.53
4.55
4.54
4.52
4.49
4.49
4.47
4.47
4.49
4.52
4.52
4.5
4.49
4.46
4.44
4.43
4.44
4.43
4.41
4.41
4.41
4.4
4.38
4.39
4.41
4.41
4.4
4.4
4.38
4.36
4.34
4.35
4.34
4.34
4.34
4.31
4.29
4.33
4.33
4.4
4.43
4.45
4.4
4.39
4.39
4.42
4.44
4.48
4.49
4.45
4.45
4.51
4.54
4.49
4.54
4.54
4.55
4.6
4.65
4.66
