5.35
5.41
5.35
5.36
5.7
5.58
5.53
5.49
5.54
5.61
5.48
5.37
5.41
5.49
5.47
5.37
5.51
5.27
4.91
4.88
5.19
5.36
5.34
5.57
5.45
5.11
5.1
5.47
5.57
5.56
5.44
5.68
5.66
5.64
5.67
5.69
5.66
5.64
5.66
5.78
5.77
5.73
5.43
5.41
5.42
5.51
5.65
5.74
5.7
5.56
5.56
5.49
5.55
5.65
5.73
5.84
5.93
5.94
5.85
5.75
5.72
5.76
5.77
5.77
5.79
5.81
5.83
5.87
5.9
5.93
5.95
5.99
6.02
6.05
6.06
6.09
6.11
6.11
6.08
6.03
5.94
5.88
5.87
5.87
5.85
5.83
5.81
5.89
5.94
5.91
5.88
5.86
5.85
5.85
5.83
5.78
5.77
5.76
5.73
5.72
5.71
5.72
5.71
5.76
5.77
5.74
5.71
5.75
5.77
5.83
5.86
5.87
5.9
5.91
6.0
6.1
6.18
6.24
6.29
6.33
6.35
6.35
6.33
6.23
6.23
6.23
6.22
6.17
6.05
5.92
5.8
5.72
5.71
5.76
5.74
5.83
5.91
5.9
5.82
5.81
5.73
5.76
5.78
5.89
5.94
5.9
6.1
6.03
6.11
6.13
5.97
5.96
6.07
6.18
6.1
6.18
6.16
6.16
6.2
6.3
6.25
6.17
6.36
6.24
6.26
6.23
6.24
6.12
6.18
6.21
6.17
6.11
6.15
6.13
6.16
6.19
6.13
6.2
6.15
6.05
6.04
6.09
6.15
6.31
6.27
6.25
6.14
6.14
6.12
6.08
6.09
6.14
6.13
6.14
6.16
6.21
6.33
6.33
6.28
6.22
6.19
6.18
6.18
6.19
6.15
6.06
5.99
5.95
5.94
5.96
6.04
6.07
6.14
6.09
6.11
6.13
5.98
5.9
5.97
5.93
5.72
5.62
5.52
5.43
5.44
5.43
5.53
5.47
5.63
5.51
5.47
5.52
5.37
5.48
5.46
5.34
5.2
5.23
5.33
5.29
5.16
5.18
5.19
5.14
5.17
5.17
5.12
5.09
5.08
5.07
5.01
5.01
4.97
4.98
5.05
5.08
5.11
5.15
5.34
5.34
5.2
5.25
5.29
5.34
5.45
5.48
5.46
5.62
5.65
5.69
5.77
5.84
5.98
5.97
5.96
6.03
6.13
6.2
6.24
6.31
6.43
6.49
6.5
6.56
6.61
6.7
6.84
6.71
6.63
6.55
6.42
6.27
6.26
6.34
6.29
5.97
6.33
6.25
6.16
5.85
6.02
6.14
6.28
6.01
6.08
6.22
6.04
6.2
6.37
6.63
6.81
6.73
6.83
6.72
6.56
6.55
6.52
6.6
6.67
6.48
6.53
6.61
6.6
6.71
6.73
6.67
6.64
6.63
6.73
6.75
6.54
6.31
6.37
6.54
6.67
6.68
6.81
6.77
6.74
6.77
6.81
6.8
6.84
6.89
6.92
6.96
7.01
6.99
6.92
6.95
6.97
6.89
6.88
6.87
6.9
6.96
6.91
6.9
6.91
6.94
7.02
6.92
6.89
6.88
6.87
6.84
6.83
6.8
6.76
6.78
6.77
6.72
6.67
6.65
6.67
6.63
6.63
6.59
6.52
6.47
6.45
6.4
6.39
6.4
6.37
6.36
6.33
6.31
6.26
6.22
6.13
6.06
6.01
5.98
5.93
5.87
5.91
6.05
6.15
6.26
6.31
6.28
6.24
6.27
6.23
6.31
6.27
6.22
6.28
6.4
6.38
6.43
6.51
6.63
6.76
6.84
6.89
7.01
7.13
7.26
7.36
7.43
7.44
7.54
7.53
7.31
7.01
6.92
6.88
7.01
6.88
6.84
6.82
6.72
6.94
6.96
6.97
6.79
6.78
7.07
6.86
6.53
6.43
6.51
6.61
6.52
6.84
6.8
6.82
6.75
6.86
6.65
6.27
6.51
6.79
6.61
6.43
6.72
6.76
6.89
6.71
6.67
6.88
7.0
7.02
6.95
6.81
6.69
6.58
6.56
6.74
6.91
6.95
6.88
6.94
6.9
6.84
6.7
6.72
6.96
6.98
7.0
7.05
7.15
7.19
7.24
7.23
7.18
7.15
7.19
7.22
7.24
7.25
7.21
7.26
7.29
7.29
7.32
7.33
7.35
7.42
7.45
7.44
7.44
7.54
7.55
7.57
7.47
7.43
7.4
7.34
7.35
7.33
7.38
7.48
7.4
7.43
7.4
7.45
7.42
7.36
7.4
7.35
7.36
7.42
7.47
7.41
7.36
7.28
7.27
7.34
7.3
7.27
7.33
7.41
7.44
7.49
7.49
7.43
7.4
7.35
7.27
7.22
7.33
7.44
7.51
7.51
7.38
7.5
7.67
7.72
7.77
7.79
7.9
7.95
8.06
8.03
8.04
8.09
8.07
8.17
8.17
8.28
8.32
8.46
8.47
8.28
8.03
7.69
7.38
6.86
6.63
6.85
6.81
6.8
6.79
6.73
6.7
6.68
6.93
6.95
6.86
7.06
7.06
7.08
7.14
7.11
7.05
6.94
7.14
6.99
7.13
7.13
7.21
7.23
7.18
7.16
7.18
7.28
7.32
7.43
7.31
7.46
7.41
7.55
7.51
7.42
7.61
7.63
7.55
7.66
7.72
7.68
7.71
7.78
7.86
7.89
7.86
7.9
7.92
8.04
8.03
8.01
8.06
8.05
8.05
8.13
8.3
8.32
8.27
8.25
8.17
8.07
8.33
8.43
8.49
8.45
8.39
8.37
8.35
8.37
8.38
8.28
8.36
8.47
8.45
8.47
8.45
8.31
8.35
8.26
8.19
8.21
8.17
8.11
8.08
8.15
8.18
8.11
8.02
8.05
8.01
7.97
7.95
7.94
7.96
7.9
7.81
7.78
7.83
7.8
7.8
7.79
7.84
7.82
7.76
7.69
7.75
7.76
7.73
7.74
7.71
7.69
7.71
7.75
7.63
7.53
7.54
7.6
7.63
7.63
7.7
7.75
7.77
7.8
7.77
7.85
7.87
7.85
8.08
8.24
8.17
8.25
8.23
8.36
8.51
8.65
8.81
8.92
8.88
8.96
8.97
9.09
9.31
9.43
9.59
9.54
9.41
9.02
8.9
8.96
8.91
9.05
9.13
9.2
9.19
9.14
8.8
9.03
9.11
8.99
8.98
9.09
8.9
8.79
8.75
8.92
9.53
10.08
9.57
9.5
9.41
9.67
9.92
10.2
10.32
10.27
9.46
9.63
9.75
9.57
9.52
9.51
9.5
9.55
9.64
9.65
9.64
9.86
10.19
10.04
9.85
10.18
9.9
9.91
9.8
10.01
9.98
10.01
10.01
9.85
9.78
9.83
9.86
9.92
9.96
10.0
10.05
10.13
10.2
10.24
10.24
10.24
10.25
10.22
10.12
9.98
9.94
9.85
9.82
9.75
9.53
9.44
9.31
9.08
8.92
8.74
8.64
8.65
8.62
8.52
8.27
8.18
7.96
7.95
7.83
7.76
7.69
7.59
7.57
7.62
7.6
7.61
7.56
7.43
7.36
7.33
7.27
7.27
7.25
7.21
7.21
7.16
7.09
7.08
7.05
7.03
7.08
6.99
6.96
7.07
7.49
7.53
7.49
7.21
7.3
7.41
7.49
7.54
7.6
7.62
7.6
7.63
7.66
7.7
7.81
7.88
7.92
7.92
8.0
8.05
8.16
8.26
8.26
8.26
8.28
8.36
8.3
8.33
8.32
8.05
8.01
7.91
7.53
7.49
7.46
7.52
7.54
7.7
7.7
7.56
7.47
7.44
7.55
7.6
7.61
7.65
7.55
7.62
7.43
7.53
7.69
7.54
7.43
7.4
7.47
7.47
7.3
7.26
7.26
7.45
7.36
7.47
7.61
7.47
7.48
7.38
7.54
7.69
7.62
7.68
7.61
7.51
7.59
7.67
7.73
7.73
7.71
7.66
7.71
7.8
7.7
7.7
7.69
7.71
7.72
7.73
7.64
7.57
7.69
7.69
7.63
7.56
7.53
7.54
7.58
7.58
7.59
7.58
7.58
7.58
7.59
7.59
7.56
7.57
7.61
7.63
7.59
7.57
7.59
7.59
7.59
7.61
7.57
7.59
7.53
7.5
7.45
7.47
7.46
7.42
7.33
7.34
7.29
7.24
7.25
7.27
7.24
7.18
7.16
7.08
7.14
7.15
7.16
7.11
7.07
7.02
7.01
7.04
6.99
6.95
6.96
6.91
6.98
7.19
7.27
7.2
7.01
7.11
7.21
7.2
7.29
7.34
7.41
7.46
7.53
7.54
7.67
7.74
7.75
7.84
7.9
7.97
8.02
8.0
8.17
8.2
8.36
8.55
8.49
8.38
8.31
8.29
8.37
8.43
8.6
8.52
8.33
8.4
8.45
8.28
8.01
7.95
7.86
7.89
7.99
8.01
8.06
8.15
8.2
8.1
8.04
8.18
8.22
8.33
8.36
8.29
8.28
8.35
8.28
8.31
8.23
8.25
8.24
8.18
8.17
8.3
8.19
8.18
8.25
8.19
8.13
8.13
8.15
8.19
8.16
8.23
8.15
8.19
8.07
7.98
8.02
7.95
7.9
7.93
7.79
7.77
7.72
7.67
7.58
7.54
7.58
7.57
7.5
7.45
7.5
7.52
7.55
7.59
7.64
7.68
7.65
7.65
7.68
7.69
7.66
7.65
7.62
7.63
7.64
7.81
7.86
7.76
7.71
7.71
7.67
7.68
7.67
7.6
7.68
7.59
7.44
7.34
7.32
7.25
7.26
7.29
7.37
7.21
7.16
7.13
7.13
7.25
7.29
7.23
7.18
7.17
7.16
7.11
7.06
7.05
7.04
7.02
7.08
7.06
7.08
7.06
7.13
7.36
7.4
7.32
7.24
7.34
7.49
7.55
7.61
7.56
7.62
7.63
7.65
7.66
7.77
7.89
8.0
8.07
8.21
8.23
8.23
8.22
8.18
8.13
8.47
8.34
8.34
8.29
7.93
7.99
7.95
7.88
7.93
7.98
8.01
8.05
7.94
7.93
7.62
7.64
7.66
7.63
7.59
7.62
7.68
7.8
7.84
7.84
7.98
8.09
8.09
8.06
8.16
8.13
8.13
8.18
8.25
8.2
8.31
8.34
8.4
8.44
8.52
8.47
8.57
8.66
8.67
8.62
8.73
8.78
8.84
8.84
8.91
8.85
8.76
8.78
8.86
8.86
8.85
8.85
8.8
8.77
8.74
