1.79
1.82
1.85
1.85
1.86
1.88
1.9
1.92
1.94
1.93
1.97
1.98
1.98
1.98
2.0
2.01
2.02
2.04
2.05
2.09
2.1
2.11
2.14
2.17
2.2
2.23
2.23
2.24
2.27
2.29
2.3
2.32
2.35
2.32
2.36
2.4
2.41
2.42
2.45
2.49
2.52
2.56
2.59
2.62
2.67
2.72
2.77
2.8
2.85
2.89
2.9
2.94
2.99
3.07
3.09
3.14
3.14
3.14
3.15
3.26
3.31
3.42
3.57
3.7
3.78
3.8
3.78
3.72
3.63
3.56
3.51
3.48
3.46
3.45
3.43
3.41
3.4
3.4
3.4
3.38
3.37
3.37
3.35
3.33
3.32
3.33
3.34
3.36
3.34
3.33
3.35
3.33
3.31
3.31
3.29
3.29
3.25
3.26
3.25
3.21
3.18
3.16
3.14
3.19
3.16
3.14
3.14
3.1
3.09
3.1
3.11
3.11
3.12
3.15
3.13
3.1
3.08
3.04
2.99
2.97
2.95
2.95
2.92
2.88
2.9
2.86
2.85
2.82
2.82
2.8
2.71
2.69
2.66
2.6
2.58
2.56
2.58
2.6
2.63
2.65
2.67
2.74
2.7
2.68
2.63
2.67
2.69
2.7
2.68
2.72
2.77
2.72
2.84
2.88
2.88
2.88
2.86
2.86
2.86
2.87
2.87
2.88
2.9
2.91
2.93
2.93
2.94
2.97
2.99
3.02
3.04
3.06
3.08
3.09
3.03
3.12
3.17
3.19
3.11
3.13
3.25
3.21
3.28
3.38
3.41
3.45
3.49
3.52
3.55
3.57
3.59
3.61
3.64
3.65
3.66
3.68
3.68
3.67
3.68
3.7
3.7
3.7
3.7
3.72
3.75
3.8
3.81
3.8
3.81
3.81
3.81
3.79
3.81
3.81
3.79
3.79
3.79
3.77
3.8
3.82
3.82
3.82
3.83
3.82
3.82
3.81
3.8
3.79
3.8
3.77
3.75
3.72
3.71
3.73
3.75
3.75
3.74
3.72
3.69
3.68
3.66
3.65
3.64
3.61
3.59
3.56
3.54
3.54
3.54
3.54
3.54
3.53
3.51
3.5
3.5
3.5
3.51
3.51
3.5
3.46
3.43
3.4
3.35
3.33
3.31
3.28
3.27
3.27
3.25
3.25
3.26
3.26
3.27
3.28
3.26
3.24
3.22
3.2
3.18
3.16
3.12
3.12
3.12
3.11
3.09
3.06
3.05
3.04
3.07
3.07
3.09
3.11
3.11
3.09
3.06
3.04
3.06
3.08
3.09
3.08
3.08
3.08
3.08
3.07
3.04
3.03
3.01
3.02
3.03
3.04
3.05
3.06
3.06
3.06
3.11
3.13
3.11
3.13
3.11
3.11
3.09
3.09
3.08
3.08
3.1
3.12
3.13
3.14
3.13
3.12
3.08
3.06
3.08
3.11
3.16
3.15
3.14
3.1
3.05
3.03
3.03
3.03
3.03
3.08
3.06
2.99
2.98
3.0
2.99
2.97
2.94
2.91
2.9
2.89
2.88
2.88
2.87
2.86
2.87
2.89
2.9
2.89
2.89
2.91
2.92
3.0
3.15
3.22
3.23
3.19
3.17
3.15
3.14
3.12
3.11
3.1
3.09
3.07
3.06
3.03
3.01
3.01
2.99
2.96
2.93
2.91
2.91
2.93
2.98
2.97
2.94
2.93
2.93
2.94
2.94
2.94
2.93
2.92
2.93
2.93
2.94
2.94
2.94
2.94
2.95
2.96
2.99
3.01
3.02
3.02
3.03
3.03
3.03
3.02
3.0
2.99
2.99
3.0
3.0
2.99
2.99
2.99
2.98
2.99
3.01
3.03
3.04
3.04
3.04
3.04
3.03
3.04
3.05
3.05
3.05
3.04
3.02
3.01
3.01
3.01
3.02
3.03
3.04
3.03
3.02
3.01
3.0
2.98
2.96
2.95
2.94
2.95
3.02
3.08
3.12
3.19
3.17
3.16
3.14
3.11
3.07
3.04
3.02
2.99
2.98
2.98
2.99
2.98
2.98
2.97
2.98
2.99
2.98
2.96
2.96
2.93
2.89
2.93
2.99
3.01
3.03
3.04
3.03
2.98
2.96
2.96
2.92
2.94
2.9
2.89
2.9
2.95
2.96
2.92
2.9
2.91
2.95
2.95
2.93
2.94
2.95
2.93
2.89
2.84
2.78
2.76
2.74
2.73
2.71
2.71
2.66
2.66
2.63
2.64
2.68
2.67
2.67
2.68
2.69
2.68
2.68
2.65
2.64
2.63
2.63
2.62
2.63
2.64
2.63
2.6
2.61
2.62
2.57
2.54
2.55
2.54
2.5
2.49
2.52
2.48
2.47
2.48
2.47
2.42
2.42
2.46
2.5
2.49
2.5
2.53
2.47
2.5
2.49
2.48
2.49
2.5
2.49
2.5
2.49
2.45
2.47
2.47
2.46
2.45
2.43
2.46
2.47
2.43
2.43
2.4
2.39
2.35
2.35
2.36
2.32
2.35
2.33
2.32
2.33
2.33
2.32
2.29
2.31
2.27
2.26
2.31
2.29
2.18
2.16
2.13
2.12
2.12
2.11
2.15
2.15
2.06
2.0
1.99
1.94
1.92
1.93
1.99
1.91
1.86
1.86
1.9
1.89
1.92
1.87
1.92
1.93
1.92
1.92
1.93
1.96
2.0
2.0
2.02
2.03
2.04
2.09
2.12
2.14
2.16
2.25
2.26
2.29
2.3
2.29
2.3
2.29
2.3
2.33
2.35
2.35
2.37
2.4
2.46
2.48
2.47
2.48
2.48
2.49
2.47
2.49
2.49
2.52
2.51
2.51
2.47
2.43
2.42
2.42
2.4
2.36
2.35
2.35
2.34
2.32
2.31
2.29
2.29
2.29
2.28
2.27
2.25
2.23
2.22
2.2
2.18
2.15
2.14
2.12
2.13
2.13
2.08
2.08
2.04
2.02
2.0
2.01
1.99
2.01
2.0
1.97
1.95
1.96
1.96
1.95
1.94
1.89
1.86
1.83
1.86
1.81
1.79
1.79
1.77
1.74
1.69
1.72
1.73
1.74
1.76
1.73
1.75
1.71
1.75
1.7
1.7
1.72
1.78
1.75
1.64
1.72
1.74
1.74
1.73
1.7
1.71
1.71
1.76
1.79
1.8
1.82
1.84
1.85
1.86
1.87
1.91
1.89
1.9
1.91
1.91
1.92
1.91
1.93
1.93
1.92
1.92
1.87
1.83
1.77
1.78
1.78
1.76
1.76
1.7
1.68
1.66
1.67
1.67
1.68
1.67
1.64
1.65
1.67
1.64
1.65
1.64
1.61
1.62
1.58
1.59
1.62
1.62
1.61
1.65
1.67
1.69
1.71
1.76
1.76
1.76
1.77
1.82
1.85
1.9
1.92
1.94
1.97
1.98
1.98
1.97
1.96
1.97
1.97
1.97
1.96
1.95
1.95
1.96
1.97
1.98
1.98
1.98
1.98
1.98
1.98
1.97
1.96
1.94
1.94
1.93
1.93
1.94
1.93
1.91
1.91
1.91
1.91
1.9
1.9
1.91
1.91
1.9
1.89
1.89
1.89
1.89
1.88
1.88
1.87
1.86
1.86
1.86
1.87
1.87
1.86
1.85
1.85
1.84
1.84
1.84
1.84
1.85
1.86
1.89
1.9
1.91
1.92
1.94
1.95
1.95
1.98
2.0
2.04
2.08
2.08
2.11
2.14
2.13
2.12
2.12
2.13
2.13
2.13
2.13
2.14
2.15
2.15
2.16
2.17
2.2
2.21
2.25
2.27
2.28
2.31
2.35
2.4
2.42
2.42
2.41
2.43
2.47
2.51
2.55
2.59
2.64
2.66
2.67
2.68
2.7
2.7
2.71
2.72
2.75
2.81
2.87
2.9
2.97
3.03
3.11
3.16
3.2
3.25
3.27
3.28
3.29
3.3
3.31
3.32
3.31
3.33
3.37
3.4
3.44
3.46
3.47
3.47
3.49
3.53
3.56
3.6
3.65
3.7
3.75
3.81
3.82
3.85
3.89
3.95
4.04
4.11
4.1
4.06
4.06
4.07
4.09
4.16
4.18
4.23
4.32
4.4
4.39
4.43
4.46
4.41
4.34
4.33
4.41
4.46
4.45
4.45
4.46
4.47
4.46
4.47
4.48
4.48
4.47
4.46
4.47
4.49
4.53
4.57
4.56
4.53
4.5
4.47
4.49
4.49
4.5
4.56
4.6
4.64
4.65
4.7
4.72
4.75
4.78
4.8
4.79
4.78
4.77
4.77
4.86
4.94
5.04
5.2
5.27
5.37
5.34
5.32
5.33
5.37
5.39
5.34
5.41
5.5
5.53
5.6
5.62
5.6
5.61
5.6
5.53
5.37
5.32
5.29
5.44
5.58
5.68
5.69
5.67
5.66
5.65
5.63
5.63
5.66
5.65
5.66
5.64
5.6
5.57
5.54
5.53
5.52
5.54
5.57
5.54
5.55
5.53
5.36
5.23
5.21
5.16
5.2
5.24
5.19
5.2
5.21
5.2
5.3
5.39
5.41
5.36
5.23
5.22
5.18
5.14
5.23
5.26
5.22
5.27
5.23
5.25
5.25
5.19
5.0
4.91
4.96
5.02
4.96
4.94
4.91
4.91
5.0
5.12
4.93
4.82
4.79
4.84
4.91
4.99
5.01
4.95
5.13
5.08
5.09
5.11
4.98
4.9
4.98
5.06
5.18
5.37
5.44
5.4
5.34
5.35
5.5
5.49
5.41
5.32
5.28
5.23
5.24
5.2
5.31
5.33
5.32
5.36
5.37
5.39
5.41
5.39
5.35
5.32
5.33
5.35
5.3
5.26
5.48
5.6
5.62
5.23
5.16
5.31
5.41
5.31
5.21
5.21
5.21
5.29
5.3
5.35
5.38
5.45
5.51
5.57
5.58
5.71
5.77
5.75
5.68
5.7
5.76
5.84
5.86
5.86
5.87
5.8
5.94
5.77
5.8
5.64
5.61
5.58
5.56
5.72
5.72
5.63
5.64
5.74
5.63
5.58
5.54
5.53
5.58
5.49
5.51
5.54
5.54
5.44
5.43
5.48
5.52
5.43
5.45
5.53
5.54
5.46
5.56
5.65
5.54
5.53
5.52
5.61
5.8
5.83
5.73
5.51
5.51
5.56
5.57
5.52
5.47
5.55
5.76
5.77
5.82
5.83
5.85
5.82
5.86
5.91
5.95
5.92
5.97
6.08
6.08
6.05
5.87
5.82
5.86
5.87
5.92
5.88
