3.49
3.59
3.66
3.74
3.71
3.75
3.81
3.85
3.86
3.85
3.87
3.94
3.93
3.9
3.86
3.85
3.94
3.92
3.92
3.92
3.93
3.95
3.98
3.95
3.98
3.97
4.0
4.04
4.05
4.09
4.1
4.1
4.1
4.15
4.12
4.12
4.11
4.03
3.97
3.92
3.91
3.87
3.85
3.86
3.81
3.76
3.75
3.74
3.74
3.73
3.73
3.72
3.71
3.71
3.7
3.7
3.7
3.69
3.69
3.68
3.67
3.66
3.64
3.65
3.66
3.66
3.64
3.59
3.59
3.6
3.59
3.61
3.51
3.49
3.44
3.4
3.33
3.36
3.33
3.33
3.29
3.28
3.3
3.3
3.28
3.28
3.28
3.25
3.19
3.15
3.14
3.14
3.13
3.13
3.16
3.16
3.19
3.13
3.05
3.1
3.11
3.1
3.09
3.12
3.03
2.99
3.0
2.97
2.93
2.95
2.91
2.91
2.87
2.9
2.87
2.89
2.86
2.85
2.87
2.84
2.9
2.89
2.94
2.91
2.83
2.82
2.86
2.87
2.87
2.92
2.94
2.89
2.84
2.81
2.9
2.98
3.05
3.13
3.03
3.06
3.05
3.11
3.06
3.06
3.13
3.16
3.22
3.29
3.38
3.46
3.54
3.54
3.53
3.59
3.6
3.63
3.57
3.62
3.61
3.64
3.65
3.66
3.66
3.68
3.67
3.68
3.69
3.67
3.64
3.62
3.61
3.57
3.57
3.56
3.56
3.53
3.56
3.52
3.53
3.53
3.53
3.53
3.52
3.53
3.52
3.52
3.53
3.53
3.56
3.52
3.54
3.53
3.54
3.53
3.53
3.53
3.54
3.54
3.53
3.53
3.56
3.57
3.59
3.59
3.57
3.59
3.61
3.58
3.59
3.6
3.59
3.6
3.59
3.58
3.6
3.58
3.58
3.59
3.61
3.61
3.6
3.62
3.6
3.59
3.57
3.58
3.57
3.58
3.59
3.61
3.6
3.59
3.6
3.6
3.6
3.61
3.61
3.6
3.62
3.59
3.61
3.6
3.59
3.62
3.61
3.62
3.64
3.64
3.62
3.63
3.6
3.61
3.63
3.66
3.63
3.68
3.65
3.65
3.63
3.64
3.64
3.67
3.63
3.65
3.63
3.65
3.64
3.64
3.65
3.65
3.64
3.64
3.64
3.63
3.65
3.66
3.65
3.65
3.66
3.68
3.69
3.68
3.73
3.74
3.73
3.75
3.79
3.82
3.87
3.89
3.91
3.95
3.98
3.98
3.99
3.99
4.01
4.0
3.99
3.99
3.99
3.97
3.97
3.98
3.98
3.97
4.02
3.99
4.01
3.99
3.96
3.95
3.86
3.89
3.94
3.94
3.98
3.96
3.96
3.91
3.89
3.93
3.81
3.76
3.77
3.78
3.79
3.79
3.81
3.78
3.77
3.75
3.76
3.73
3.72
3.69
3.67
3.68
3.7
3.63
3.6
3.62
3.62
3.56
3.55
3.53
3.48
3.5
3.5
3.5
3.46
3.45
3.44
3.36
3.3
3.3
3.29
3.23
3.21
3.19
3.11
3.13
3.11
3.13
3.13
3.1
3.06
3.08
3.06
3.1
3.12
3.1
3.12
3.13
3.12
3.12
3.12
3.1
3.09
3.05
3.05
3.03
3.02
3.01
2.97
2.95
2.93
2.93
2.92
2.86
2.84
2.91
2.92
2.93
2.94
2.95
2.83
2.77
2.81
2.8
2.74
2.72
2.72
2.71
2.69
2.65
2.75
2.81
2.79
2.83
2.83
2.82
2.77
2.81
2.81
2.83
2.82
2.85
2.83
2.84
2.84
2.87
2.9
2.99
2.99
2.96
3.03
3.06
3.03
3.01
3.06
3.1
3.14
3.14
3.2
3.22
3.27
3.32
3.35
3.46
3.49
3.53
3.51
3.5
3.49
3.51
3.5
3.49
3.5
3.48
3.47
3.41
3.32
3.27
3.28
3.3
3.24
3.45
3.55
3.56
3.56
3.53
3.48
3.49
3.48
3.51
3.53
3.48
3.41
3.37
3.31
3.28
3.28
3.26
3.22
3.16
3.08
3.03
3.01
2.98
2.98
2.96
2.92
2.89
2.86
2.82
2.8
2.8
2.8
2.79
2.79
2.78
2.78
2.78
2.77
2.75
2.75
2.76
2.76
2.75
2.74
2.72
2.7
2.71
2.71
2.7
2.68
2.68
2.67
2.66
2.65
2.66
2.64
2.65
2.63
2.63
2.62
2.6
2.57
2.58
2.6
2.58
2.59
2.63
2.62
2.6
2.59
2.6
2.61
2.6
2.6
2.62
2.61
2.61
2.58
2.56
2.59
2.61
2.59
2.59
2.62
2.59
2.62
2.63
2.64
2.66
2.65
2.65
2.64
2.64
2.66
2.71
2.71
2.72
2.73
2.74
2.79
2.79
2.78
2.81
2.84
2.87
2.89
2.94
3.01
3.1
3.14
3.19
3.2
3.22
3.26
3.35
3.4
3.44
3.5
3.59
3.67
3.72
3.75
3.79
3.83
3.85
3.84
3.88
3.95
3.98
4.05
4.12
4.18
4.19
4.14
4.14
4.13
4.14
4.14
4.18
4.14
4.18
4.12
4.02
4.07
4.04
4.07
4.11
4.15
4.17
4.15
4.15
4.18
4.16
4.14
4.09
4.07
4.08
4.08
4.11
4.12
4.16
4.17
4.17
4.18
4.2
4.2
4.19
4.18
4.16
4.15
4.14
4.14
4.14
4.14
4.11
4.1
4.08
4.06
4.01
3.99
3.97
3.94
3.92
3.9
3.87
3.83
3.81
3.8
3.78
3.75
3.74
3.72
3.7
3.67
3.63
3.63
3.61
3.56
3.54
3.5
3.46
3.44
3.42
3.37
3.34
3.29
3.25
3.22
3.21
3.19
3.18
3.15
3.13
3.09
3.07
3.05
3.03
3.01
3.0
2.99
2.98
2.97
2.97
2.96
2.96
2.95
2.95
2.99
2.99
3.0
3.0
2.98
2.99
3.0
3.0
2.99
2.99
2.99
2.99
3.01
3.0
3.01
3.01
2.96
2.95
2.94
2.94
2.95
2.96
2.98
2.96
2.98
2.98
3.02
3.08
3.16
3.21
3.26
3.33
3.35
3.38
3.45
3.52
3.6
3.7
3.74
3.78
3.84
3.95
4.0
4.07
4.13
4.18
4.18
4.2
4.21
4.26
4.31
4.29
4.28
4.25
4.22
4.19
4.2
4.2
4.22
4.24
4.29
4.35
4.32
4.31
4.3
4.24
4.24
4.28
4.43
4.49
4.38
4.25
4.26
4.3
4.31
4.34
4.31
4.19
4.08
4.02
4.01
3.99
3.98
4.03
4.1
4.11
4.14
4.13
4.16
4.18
4.18
4.19
4.17
4.17
4.15
4.13
4.12
4.07
4.05
3.97
3.91
3.86
3.85
3.8
3.75
3.78
3.71
3.68
3.66
3.72
3.73
3.73
3.72
3.68
3.66
3.64
3.66
3.69
3.65
3.62
3.57
3.59
3.61
3.6
3.58
3.59
3.59
3.58
3.47
3.43
3.42
3.39
3.39
3.39
3.38
3.37
3.32
3.32
3.32
3.22
3.25
3.25
3.26
3.17
3.23
3.33
3.33
3.35
3.24
3.22
3.15
3.14
3.2
3.18
3.18
3.15
3.1
3.08
3.06
3.08
3.09
3.05
3.02
3.07
3.06
3.05
3.04
3.02
2.97
3.01
3.0
3.04
3.08
3.11
3.14
3.15
3.11
3.11
3.14
3.14
3.17
3.18
3.23
3.33
3.36
3.42
3.5
3.52
3.65
3.62
3.69
3.68
3.7
3.75
3.7
3.66
3.65
3.65
3.68
3.68
3.68
3.64
3.55
3.52
3.49
3.49
3.5
3.48
3.41
3.29
3.28
3.32
3.35
3.37
3.4
3.42
3.5
3.53
3.5
3.5
3.51
3.51
3.5
3.52
3.53
3.51
3.46
3.43
3.42
3.41
3.42
3.42
3.42
3.41
3.38
3.37
3.37
3.36
3.35
3.33
3.27
3.28
3.27
3.27
3.27
3.24
3.14
3.12
3.14
3.1
3.11
3.14
3.12
3.09
3.04
3.07
3.05
3.07
3.03
3.07
3.05
2.95
3.02
3.02
3.08
3.1
3.08
3.02
3.02
3.07
3.12
3.12
3.12
2.98
2.88
2.94
3.06
3.08
3.1
3.0
2.99
3.03
3.01
3.06
3.05
3.09
3.06
3.07
3.16
3.14
3.21
3.27
3.19
3.21
3.24
3.32
3.34
3.32
3.29
3.28
3.31
3.35
3.36
3.37
3.35
3.37
3.38
3.39
3.4
3.4
3.41
3.41
3.42
3.37
3.36
3.32
3.28
3.26
3.25
3.22
3.22
3.22
3.25
3.27
3.29
3.3
3.33
3.35
3.38
3.41
3.48
3.45
3.41
3.36
3.3
3.3
3.31
3.32
3.36
3.45
3.54
3.64
3.69
3.77
3.79
3.83
3.91
3.88
3.9
3.93
3.93
3.93
3.94
3.97
3.98
4.01
4.01
4.01
4.0
3.99
3.99
3.97
3.96
3.93
3.89
3.85
3.85
3.87
3.9
3.92
3.87
3.79
3.81
3.81
3.81
3.79
3.8
3.79
3.81
3.81
3.82
3.83
3.84
3.84
3.85
3.87
3.88
3.88
3.85
3.85
3.85
3.85
3.85
3.83
3.85
3.82
3.81
3.86
3.86
3.82
3.84
3.85
3.85
3.87
3.88
3.93
3.94
3.9
3.88
3.89
3.87
3.86
3.84
3.86
3.86
3.86
3.87
3.76
3.83
4.06
4.01
4.03
4.08
4.04
4.08
4.12
4.05
4.05
4.15
4.19
4.17
4.16
4.15
4.18
4.16
4.12
4.07
4.01
3.98
3.96
3.95
3.93
3.91
3.89
3.86
3.85
3.83
3.8
3.77
3.75
3.71
3.7
3.66
3.63
3.65
3.66
3.66
3.68
3.7
3.76
3.85
3.8
3.76
3.72
3.73
3.76
3.78
3.79
3.76
3.81
3.83
3.86
3.84
3.81
3.78
3.78
3.77
3.72
3.66
3.61
3.66
3.68
3.63
3.57
3.55
3.57
3.57
3.58
3.47
3.49
3.48
3.52
3.49
3.49
3.53
3.57
3.57
3.59
3.59
3.6
3.59
3.6
3.63
3.66
3.67
3.69
3.71
3.72
3.74
3.74
3.76
3.75
3.74
3.73
3.73
3.72
