9.19
9.1
8.94
8.97
8.98
8.85
8.87
8.91
8.84
9.06
9.0
8.95
8.96
8.9
8.91
8.82
8.84
8.79
8.73
8.76
8.69
8.78
8.89
8.89
8.84
8.8
8.61
8.6
8.84
8.84
8.98
9.13
9.2
9.21
9.25
9.17
9.25
9.54
9.76
9.62
9.46
9.53
9.73
9.98
10.1
10.32
10.51
10.65
10.54
10.36
10.2
10.15
9.91
9.72
9.65
9.6
9.54
9.6
9.62
9.64
9.57
9.51
9.51
9.53
9.53
9.66
9.65
9.59
9.63
9.66
9.72
9.72
9.71
9.76
9.77
9.76
9.77
9.86
9.73
9.37
9.37
9.39
9.39
9.38
9.35
9.33
9.29
9.28
9.24
9.2
9.14
9.09
9.06
9.02
9.01
9.01
9.01
9.03
9.05
9.09
9.1
9.09
9.1
9.1
9.08
9.07
9.06
9.01
9.02
9.07
9.21
9.27
9.36
9.39
9.33
9.49
9.54
9.59
9.46
9.43
9.53
9.56
9.54
9.59
9.59
9.57
9.39
9.3
9.36
9.3
9.25
9.27
9.34
9.32
9.36
9.34
9.44
9.34
9.39
9.32
9.4
9.49
9.31
9.22
9.46
9.4
9.33
9.26
9.16
9.13
9.17
9.12
8.93
8.98
9.03
9.18
9.19
9.2
9.22
9.32
9.23
9.3
9.33
9.18
9.13
9.08
9.08
8.89
8.93
8.98
8.98
9.12
9.17
9.51
9.68
9.85
10.02
10.19
10.35
10.34
10.45
10.52
10.51
10.51
10.72
10.79
10.7
10.53
10.59
10.58
10.65
10.59
10.59
10.61
10.63
10.56
10.6
10.59
10.57
10.58
10.55
10.5
10.45
10.39
10.37
10.43
10.43
10.38
10.4
10.45
10.49
10.54
10.59
10.6
10.61
10.61
10.65
10.64
10.7
10.71
10.68
10.7
10.65
10.65
10.65
10.67
10.64
10.7
10.71
10.67
10.68
10.7
10.71
10.69
10.67
10.68
10.73
10.76
10.75
10.79
10.78
10.82
10.86
10.93
10.87
10.92
10.96
10.99
11.05
11.05
11.04
10.93
10.84
10.76
10.69
10.64
10.62
10.61
10.61
10.62
10.58
10.61
10.62
10.64
10.67
10.7
10.75
10.79
10.85
10.92
10.91
10.94
10.99
10.99
11.04
11.02
11.06
11.08
11.06
11.19
11.3
11.27
11.15
11.07
11.05
11.06
11.06
11.02
11.06
11.1
11.12
11.04
11.04
11.08
11.09
11.07
11.14
11.08
11.07
11.18
11.15
11.53
11.58
11.51
11.29
11.16
11.09
11.14
11.2
11.22
11.18
11.63
11.71
11.72
11.58
11.97
12.32
12.28
12.39
12.58
12.16
12.04
12.09
11.95
11.56
11.37
11.46
11.6
11.72
11.81
11.92
11.73
11.59
11.47
11.36
11.37
11.29
11.19
11.03
10.97
10.73
10.84
10.91
10.89
10.91
10.91
10.91
10.93
10.96
10.94
10.9
10.81
10.77
10.72
10.7
10.59
10.51
10.45
10.43
10.46
10.61
10.69
10.72
10.7
10.65
10.56
10.51
10.46
10.45
10.47
10.51
10.52
10.52
10.52
10.51
10.49
10.51
10.49
10.48
10.46
10.44
10.4
10.37
10.32
10.3
10.28
10.24
10.23
10.22
10.2
10.16
10.16
10.14
10.16
10.17
10.17
10.21
10.25
10.24
10.25
10.27
10.26
10.26
10.26
10.25
10.2
10.17
10.15
10.09
9.98
9.94
9.92
9.79
9.78
9.83
9.68
9.38
9.38
9.38
9.48
9.46
9.5
9.42
9.47
9.48
9.49
9.55
9.63
9.8
9.82
9.78
9.9
9.76
9.83
9.6
9.44
9.48
9.63
9.5
9.47
8.9
8.84
9.0
9.01
9.01
8.85
8.89
9.05
8.99
8.93
9.03
8.81
9.02
8.95
9.01
8.87
8.96
8.9
8.92
8.92
9.13
8.88
8.72
8.92
9.04
9.08
9.11
9.04
9.0
8.97
9.05
9.0
8.89
8.97
9.08
9.12
9.06
9.11
9.06
9.06
9.15
9.29
9.18
9.17
9.09
9.23
9.26
9.23
9.23
9.25
9.28
9.31
9.28
9.25
9.37
9.39
9.43
9.4
9.41
9.42
9.36
9.47
9.47
9.5
9.43
9.44
9.43
9.35
9.33
9.34
9.36
9.36
9.41
9.44
9.52
9.58
9.79
10.13
10.45
10.53
10.6
10.81
10.87
10.8
10.72
10.88
10.94
10.97
10.84
10.79
11.07
11.13
11.05
10.92
11.03
11.03
11.01
10.91
10.83
10.78
10.84
10.92
10.88
10.81
10.9
10.99
11.09
11.05
11.07
11.12
11.19
11.3
11.43
11.58
11.58
11.82
11.91
12.1
12.26
12.46
12.33
12.02
12.13
12.06
12.22
12.02
11.82
11.86
11.8
11.85
11.83
11.8
11.78
11.57
11.5
11.53
11.53
11.43
11.52
11.56
11.46
11.22
10.83
10.02
10.44
10.03
9.93
9.89
9.61
9.83
9.7
9.68
9.62
9.78
9.91
9.62
9.71
9.73
9.74
9.8
9.84
9.79
9.83
9.88
9.93
10.09
9.99
10.02
10.13
10.1
10.14
10.11
10.0
10.11
10.05
10.02
10.12
10.17
10.21
10.3
10.35
10.25
10.21
10.25
10.25
10.22
10.32
10.23
10.06
10.04
9.97
9.92
9.94
9.87
9.83
9.76
9.71
9.67
9.62
9.6
9.56
9.54
9.56
9.61
9.57
9.61
9.54
9.57
9.88
9.76
9.76
9.8
9.78
9.85
9.83
9.79
9.48
9.53
9.37
9.38
9.31
9.49
9.47
9.33
9.32
9.53
9.59
9.61
9.67
9.64
9.59
9.59
9.59
9.6
9.6
9.57
9.55
9.61
9.57
9.37
9.55
9.63
9.6
9.57
9.54
9.52
9.53
9.57
9.58
9.57
9.55
9.56
9.6
9.64
9.66
9.79
9.82
9.93
10.01
10.14
10.25
10.34
10.43
10.52
10.61
10.73
10.85
10.86
10.88
11.09
11.5
11.49
11.48
11.62
11.69
11.83
11.87
11.95
11.93
12.0
12.24
12.17
12.28
12.51
12.24
12.3
12.5
12.73
12.67
12.83
12.81
12.94
12.78
12.01
11.68
11.73
12.29
12.4
12.26
11.92
11.59
11.09
10.54
10.72
10.55
10.22
10.19
10.21
10.13
9.81
9.65
9.74
9.93
9.96
9.98
10.13
10.22
10.37
10.46
10.75
10.84
10.96
10.99
11.02
10.86
10.75
10.55
10.39
10.37
10.35
10.35
10.5
10.47
10.41
10.09
9.53
9.59
9.64
9.62
9.57
9.64
9.63
9.68
9.63
9.51
9.35
9.24
9.23
9.16
9.23
9.2
9.44
9.9
9.89
10.07
10.22
10.28
10.03
9.88
9.87
9.85
9.59
9.57
9.59
9.57
9.49
9.5
9.85
9.95
9.95
9.88
9.78
9.82
9.94
10.0
9.79
9.83
9.87
9.83
9.86
9.89
9.91
9.9
9.87
9.85
9.82
9.82
9.77
9.79
9.92
9.86
9.86
9.78
9.72
10.01
10.0
9.79
9.85
9.78
9.8
10.03
10.21
10.5
10.75
10.84
10.89
10.88
10.88
10.89
11.01
10.99
10.97
11.07
11.19
11.28
11.44
11.56
11.58
11.64
11.7
11.83
12.06
12.13
12.17
12.19
12.09
12.39
12.32
12.17
12.2
12.38
12.42
12.35
12.42
12.5
12.35
12.27
12.21
12.28
12.07
12.07
12.13
11.83
11.36
11.02
10.71
10.8
10.89
10.96
10.46
10.52
10.62
10.64
10.8
10.85
10.92
11.03
10.95
11.01
11.05
11.07
11.2
11.24
11.33
11.92
11.66
11.45
12.12
12.51
12.62
12.54
12.76
12.76
12.93
12.93
12.77
12.77
12.87
12.95
13.04
13.14
12.97
12.92
12.83
12.78
12.77
12.77
12.84
12.97
13.0
13.02
13.21
13.32
13.44
13.5
13.52
13.65
13.72
13.67
13.67
13.65
13.54
13.63
13.58
13.62
13.6
13.55
13.38
13.32
13.29
13.18
13.15
13.12
13.1
12.95
12.8
12.75
12.74
12.75
12.64
12.68
12.7
12.58
12.57
12.55
12.39
12.44
12.51
12.51
12.53
12.47
12.48
12.49
12.48
12.45
12.5
12.56
12.61
12.64
12.47
12.36
12.41
12.38
12.54
12.67
12.67
12.55
12.49
12.56
12.7
12.69
12.79
12.84
12.91
13.02
13.01
13.01
12.92
13.04
13.26
13.67
13.83
14.2
14.22
14.18
14.42
14.76
15.01
14.76
14.26
14.21
13.97
13.72
13.57
13.33
12.87
12.62
12.49
12.34
12.39
12.49
12.24
11.87
11.59
12.0
11.59
11.67
11.56
11.43
11.26
11.27
11.15
10.97
10.78
10.69
10.89
10.91
10.89
11.06
11.09
11.27
11.16
11.05
10.95
10.23
10.28
10.39
12.21
12.39
12.42
12.46
12.57
12.42
12.56
12.46
12.49
12.68
12.86
12.71
12.71
12.66
12.55
12.63
12.65
12.71
12.75
12.77
12.79
12.73
12.72
12.71
12.63
12.44
12.36
12.16
12.07
11.96
11.78
11.7
11.58
11.45
11.44
11.44
11.33
11.11
11.06
10.96
10.91
10.9
10.87
10.83
10.54
10.43
10.37
10.37
10.35
10.38
10.42
10.43
10.42
10.36
10.32
10.46
10.47
10.44
10.4
10.38
10.37
10.3
10.26
10.25
10.15
10.1
10.07
10.0
9.96
9.87
9.81
9.86
9.88
9.88
9.83
9.8
9.9
10.05
10.13
10.33
10.58
10.81
10.65
10.43
10.64
10.64
10.74
10.81
10.82
10.8
10.37
10.07
10.18
10.05
10.1
10.2
9.98
10.06
10.22
10.18
10.26
10.37
10.26
10.2
10.4
10.31
10.23
10.32
10.22
10.21
10.33
10.96
11.11
10.96
11.1
11.06
11.15
11.16
11.18
11.17
11.22
11.01
10.8
10.99
11.26
11.33
11.04
11.11
11.26
11.38
11.49
11.58
11.56
11.65
11.7
11.52
11.61
11.74
11.61
11.48
11.73
11.72
11.78
11.73
11.76
11.8
11.93
11.95
11.98
11.98
12.12
12.08
12.14
