4.94
4.89
4.86
4.83
4.8
4.81
4.8
4.8
4.81
4.82
4.84
4.86
4.87
4.89
4.93
4.96
4.97
5.0
5.03
5.06
5.08
5.1
5.13
5.14
5.18
5.22
5.24
5.27
5.28
5.3
5.3
5.28
5.32
5.36
5.33
5.26
5.25
5.31
5.29
5.32
5.24
5.2
5.2
5.17
5.18
5.14
5.08
5.1
5.08
5.04
5.05
4.97
4.92
5.0
5.01
5.01
5.03
4.98
5.01
5.03
5.03
5.05
5.0
5.05
5.05
5.01
4.99
5.01
5.06
5.07
5.05
5.04
5.0
4.99
4.92
4.9
4.89
4.89
4.9
4.91
4.9
4.91
4.9
4.91
4.92
4.93
4.93
4.94
4.94
4.95
4.96
4.97
4.97
4.97
4.98
4.99
4.98
4.98
4.98
4.99
5.0
5.01
4.99
4.98
4.98
4.98
4.99
4.98
4.97
4.97
4.96
4.95
4.95
4.94
4.93
4.92
4.89
4.87
4.85
4.84
4.82
4.81
4.81
4.8
4.79
4.78
4.77
4.77
4.76
4.75
4.74
4.72
4.72
4.71
4.69
4.68
4.64
4.62
4.61
4.62
4.61
4.61
4.6
4.61
4.59
4.59
4.58
4.57
4.55
4.56
4.58
4.59
4.6
4.6
4.63
4.62
4.6
4.62
4.61
4.61
4.63
4.63
4.65
4.66
4.68
4.69
4.69
4.72
4.71
4.72
4.73
4.73
4.76
4.78
4.81
4.8
4.85
4.92
4.91
4.89
4.93
4.85
4.78
4.75
4.72
4.7
4.7
4.62
4.58
4.48
4.44
4.47
4.51
4.53
4.52
4.51
4.54
4.52
4.54
4.48
4.49
4.5
4.5
4.46
4.47
4.47
4.44
4.42
4.45
4.4
4.39
4.38
4.37
4.37
4.33
4.3
4.31
4.34
4.37
4.36
4.39
4.4
4.41
4.4
4.39
4.39
4.39
4.38
4.36
4.38
4.37
4.35
4.36
4.37
4.34
4.33
4.33
4.34
4.35
4.35
4.35
4.35
4.34
4.37
4.42
4.41
4.4
4.39
4.39
4.41
4.43
4.43
4.39
4.36
4.33
4.31
4.31
4.33
4.36
4.38
4.37
4.39
4.38
4.39
4.39
4.39
4.39
4.38
4.38
4.39
4.38
4.37
4.38
4.38
4.39
4.4
4.42
4.41
4.33
4.4
4.49
4.5
4.49
4.48
4.49
4.48
4.48
4.5
4.37
4.23
4.2
4.21
4.19
4.12
4.18
4.19
4.02
4.01
3.99
3.98
3.94
3.93
3.93
3.89
3.89
3.83
3.83
3.85
3.85
3.85
3.84
3.85
3.87
3.86
3.87
3.88
3.9
3.92
3.96
3.96
3.96
3.99
3.97
4.01
4.03
4.06
4.05
4.08
4.11
4.15
4.19
4.18
4.22
4.23
4.3
4.3
4.27
4.31
4.36
4.35
4.38
4.4
4.45
4.47
4.53
4.55
4.53
4.6
4.64
4.61
4.67
4.68
4.78
4.73
4.7
4.7
4.7
4.72
4.78
4.76
4.77
4.78
4.76
4.78
4.8
4.74
4.71
4.73
4.78
4.88
4.93
5.0
5.0
5.01
4.96
4.93
4.9
4.92
4.97
5.0
4.96
4.91
4.9
4.89
4.9
4.85
4.82
4.8
4.8
4.8
4.78
4.73
4.72
4.69
4.57
4.53
4.54
4.53
4.51
4.47
4.39
4.38
4.39
4.41
4.35
4.32
4.31
4.31
4.38
4.35
4.35
4.29
4.18
4.13
4.12
4.02
4.03
4.05
4.03
4.06
3.98
3.95
3.98
3.97
3.95
3.93
3.84
3.84
3.84
3.84
3.86
3.94
3.95
3.88
3.83
3.8
3.75
3.71
3.7
3.69
3.71
3.86
3.78
3.84
3.89
3.83
3.82
3.88
3.94
3.98
4.01
4.03
3.98
3.98
4.07
4.19
4.18
4.23
4.29
4.36
4.39
4.48
4.57
4.61
4.67
4.75
4.85
4.89
5.04
5.19
5.28
5.34
5.42
5.54
5.59
5.63
5.65
5.59
5.54
5.42
5.01
4.72
4.63
4.51
4.31
4.25
4.18
4.11
4.24
4.35
4.42
4.24
4.18
4.14
4.25
4.28
4.25
4.18
4.26
4.21
4.16
4.16
4.19
4.16
4.31
4.35
4.39
4.27
4.2
4.23
4.23
4.2
4.23
4.23
4.27
4.33
4.43
4.5
4.54
4.53
4.51
4.51
4.58
4.61
4.6
4.58
4.6
4.61
4.6
4.6
4.61
4.64
4.65
4.76
4.75
4.75
4.76
4.79
4.8
4.77
4.77
4.79
4.76
4.68
4.66
4.65
4.66
4.73
4.71
4.65
4.65
4.6
4.68
4.7
4.65
4.63
4.64
4.63
4.56
4.51
4.55
4.55
4.56
4.52
4.51
4.51
4.54
4.47
4.43
4.43
4.42
4.42
4.42
4.41
4.33
4.32
4.34
4.29
4.29
4.27
4.29
4.27
4.28
4.27
4.27
4.27
4.26
4.24
4.27
4.32
4.33
4.35
4.34
4.31
4.33
4.4
4.39
4.45
4.53
4.6
4.65
4.74
4.81
4.88
4.94
5.03
5.12
5.2
5.35
5.41
5.5
5.53
5.46
4.99
4.66
4.5
4.52
4.52
4.45
4.44
4.46
4.41
4.34
4.29
4.25
4.35
4.33
4.3
4.43
4.38
4.39
4.49
4.56
4.62
4.61
4.58
4.66
4.73
4.67
4.74
4.79
4.95
5.03
5.08
5.11
5.01
4.98
4.99
4.93
4.66
4.52
4.41
4.33
4.28
4.25
4.26
4.25
4.23
4.18
4.19
4.15
4.11
4.07
3.98
3.9
3.92
3.94
3.98
3.97
3.99
4.01
3.98
3.98
3.99
3.98
3.95
3.94
3.89
3.94
3.95
4.01
4.02
4.05
4.05
4.08
4.13
4.23
4.34
4.42
4.43
4.45
4.47
4.46
4.46
4.47
4.48
4.49
4.49
4.49
4.49
4.48
4.51
4.54
4.57
4.66
4.58
4.57
4.55
4.5
4.54
4.54
4.56
4.63
4.63
4.6
4.51
4.51
4.53
4.6
4.64
4.63
4.61
4.64
4.63
4.62
4.62
4.52
4.56
4.55
4.47
4.41
4.33
4.34
4.36
4.39
4.42
4.47
4.53
4.54
4.58
4.55
4.57
4.52
4.56
4.58
4.58
4.58
4.57
4.64
4.54
4.53
4.52
4.46
4.58
4.75
4.8
4.92
4.98
4.97
4.9
4.97
5.08
5.08
5.11
5.14
5.13
5.2
5.21
5.22
5.22
5.18
5.14
5.21
5.26
5.25
5.17
5.23
5.24
5.24
5.23
5.95
6.15
6.05
6.04
5.93
6.01
6.06
5.96
5.88
5.63
5.56
5.57
5.56
5.61
5.64
5.63
5.62
5.66
5.71
5.75
5.65
5.51
5.52
5.47
5.35
5.24
5.23
5.21
5.19
5.2
5.21
5.24
5.28
5.33
5.31
5.27
5.27
5.27
5.23
5.22
5.23
5.24
5.22
5.21
5.18
5.14
5.14
5.11
5.05
4.98
4.92
4.91
4.87
4.79
4.71
4.64
4.64
4.66
4.65
4.69
4.72
4.75
4.8
4.79
4.76
4.72
4.71
4.69
4.67
4.66
4.67
4.64
4.57
4.55
4.54
4.48
4.29
4.19
4.15
4.12
4.1
4.1
4.08
4.07
4.07
4.07
4.08
4.07
4.07
4.06
4.05
4.05
4.04
4.04
4.0
3.96
3.95
3.94
3.89
3.79
3.7
3.62
3.72
3.82
3.77
3.83
3.93
3.76
3.42
3.33
3.33
3.26
3.23
3.25
3.27
3.34
3.28
3.25
3.29
3.25
3.34
3.27
3.35
3.41
3.45
3.38
3.43
3.48
3.43
3.47
3.49
3.5
3.57
3.52
3.53
3.33
3.26
3.48
3.28
3.24
3.37
3.42
3.43
3.38
3.33
3.37
3.45
3.5
3.44
3.4
3.36
3.24
3.16
3.02
2.89
2.85
2.77
2.64
2.56
2.51
2.39
2.32
2.26
2.23
2.29
2.3
2.34
2.42
2.47
2.52
2.5
2.51
2.57
2.58
2.56
2.53
2.52
2.48
2.53
2.62
2.57
2.58
2.51
2.65
2.63
2.56
2.55
2.54
2.59
2.61
2.57
2.55
2.57
2.62
2.62
2.65
2.72
2.69
2.65
2.72
2.73
2.75
2.68
2.69
2.69
2.73
2.77
2.76
2.76
2.75
2.73
2.72
2.72
2.72
2.7
2.7
2.71
2.71
2.71
2.72
2.73
2.72
2.73
2.71
2.67
2.68
2.69
2.69
2.7
2.7
2.67
2.67
2.68
2.68
2.7
2.7
2.69
2.69
2.67
2.68
2.67
2.67
2.72
2.75
2.79
2.77
2.82
2.84
2.88
2.89
2.9
2.93
2.98
3.04
3.07
3.12
3.18
3.22
3.28
3.36
3.4
3.44
3.49
3.55
3.61
3.65
3.74
3.79
3.88
3.87
3.79
3.8
3.76
3.72
3.64
3.67
3.66
3.63
3.69
3.74
3.76
3.65
3.51
3.52
3.52
3.47
3.49
3.43
3.49
3.41
3.36
3.43
3.41
3.43
3.35
3.23
3.19
3.17
3.19
3.2
3.26
3.24
3.31
3.3
3.32
3.33
3.33
3.31
3.3
3.27
3.23
3.2
3.21
3.26
3.29
3.32
3.34
3.37
3.39
3.38
3.36
3.36
3.36
3.36
3.37
3.37
3.41
3.41
3.44
3.42
3.43
3.41
3.4
3.39
3.48
3.53
3.57
3.59
3.65
3.71
3.75
3.8
3.82
3.81
3.84
3.78
3.79
3.84
3.82
3.91
3.89
3.9
3.93
3.92
3.93
3.99
4.0
4.02
4.05
4.05
4.03
4.01
4.01
3.99
3.98
3.97
3.98
3.94
3.91
3.94
3.91
3.89
3.85
3.86
3.85
3.79
3.8
3.71
3.58
3.63
3.63
3.61
3.59
3.58
3.57
3.57
3.64
3.66
3.6
3.58
3.64
3.67
3.7
3.71
3.75
3.75
3.8
3.83
3.85
3.86
3.9
3.95
4.02
4.05
4.05
4.07
4.12
4.22
4.29
4.39
4.5
4.57
4.64
4.75
4.86
4.87
5.0
5.06
5.13
5.12
