5.03
4.89
4.79
4.69
4.66
4.68
4.75
4.8
4.83
4.85
4.87
4.9
4.9
4.88
4.86
4.83
4.81
4.74
4.7
4.66
4.66
4.68
4.73
4.76
4.77
4.76
4.76
4.76
4.76
4.76
4.76
4.77
4.78
4.78
4.8
4.8
4.77
4.78
4.81
4.8
4.77
4.76
4.75
4.74
4.7
4.67
4.7
4.75
4.74
4.72
4.66
4.67
4.7
4.7
4.68
4.61
4.63
4.65
4.68
4.66
4.68
4.65
4.6
4.56
4.63
4.62
4.51
4.51
4.49
4.53
4.54
4.46
4.46
4.46
4.47
4.43
4.39
4.44
4.48
4.51
4.5
4.5
4.53
4.54
4.52
4.51
4.52
4.52
4.52
4.53
4.51
4.5
4.5
4.51
4.51
4.51
4.53
4.56
4.58
4.6
4.65
4.66
4.73
4.73
4.69
4.64
4.64
4.6
4.57
4.57
4.57
4.52
4.46
4.44
4.4
4.37
4.35
4.33
4.33
4.32
4.32
4.31
4.3
4.29
4.28
4.28
4.27
4.26
4.22
4.23
4.26
4.26
4.25
4.25
4.28
4.28
4.26
4.29
4.31
4.31
4.33
4.36
4.38
4.41
4.43
4.46
4.51
4.56
4.58
4.58
4.58
4.59
4.58
4.57
4.55
4.53
4.52
4.52
4.51
4.5
4.51
4.51
4.49
4.48
4.52
4.5
4.5
4.54
4.57
4.55
4.49
4.47
4.41
4.4
4.42
4.45
4.49
4.51
4.52
4.54
4.59
4.62
4.56
4.46
4.45
4.49
4.44
4.39
4.58
4.59
4.45
4.48
4.37
4.38
4.36
4.29
4.26
4.27
4.34
4.38
4.32
4.23
4.18
4.29
4.39
4.42
4.4
4.43
4.41
4.37
4.38
4.42
4.4
4.23
4.22
4.2
4.24
4.27
4.3
4.31
4.32
4.36
4.42
4.39
4.31
4.25
4.23
4.22
4.21
4.2
4.2
4.18
4.17
4.16
4.14
4.12
4.1
4.08
4.07
4.06
4.04
4.01
4.01
4.0
3.99
4.02
4.03
4.01
3.95
3.93
3.88
3.92
3.95
3.93
3.9
3.85
3.83
3.77
3.76
3.76
3.73
3.71
3.69
3.66
3.66
3.65
3.65
3.65
3.6
3.56
3.53
3.46
3.42
3.39
3.35
3.31
3.35
3.41
3.42
3.42
3.38
3.31
3.28
3.27
3.27
3.28
3.27
3.24
3.2
3.2
3.23
3.2
3.17
3.18
3.19
3.19
3.23
3.22
3.17
3.17
3.17
3.17
3.14
3.13
3.15
3.14
3.14
3.14
3.16
3.17
3.14
3.13
3.14
3.13
3.15
3.2
3.23
3.24
3.29
3.34
3.39
3.44
3.49
3.65
3.92
4.09
4.27
4.41
4.54
4.89
5.11
5.19
5.11
4.85
4.58
4.59
4.61
4.57
4.53
4.5
4.55
4.45
4.49
4.48
4.45
4.38
4.42
4.44
4.48
4.49
4.41
4.34
4.35
4.41
4.41
4.29
4.29
4.21
4.19
4.24
4.24
4.17
4.05
3.96
3.83
3.74
3.84
4.05
4.13
4.16
4.2
4.25
4.27
4.24
4.25
4.22
4.2
4.15
4.09
4.08
4.09
4.06
4.07
4.06
4.0
3.96
3.95
3.94
3.95
3.93
3.89
3.8
3.78
3.82
3.84
3.79
3.78
3.78
3.68
3.61
3.6
3.57
3.54
3.5
3.51
3.45
3.41
3.41
3.43
3.47
3.51
3.58
3.57
3.33
3.3
3.27
3.28
3.21
3.18
3.17
3.12
3.15
3.16
3.17
3.17
3.18
3.09
3.1
3.08
3.06
3.03
3.03
3.03
3.03
3.0
2.98
2.96
2.99
2.99
2.96
2.94
2.92
2.91
2.92
2.91
2.89
2.89
2.84
2.85
2.85
2.84
2.82
2.81
2.8
2.8
2.87
2.88
2.89
2.96
2.98
3.0
3.02
3.12
3.19
3.2
3.23
3.34
3.46
3.57
3.78
3.85
3.94
4.0
4.13
4.34
4.43
4.54
5.03
5.39
5.15
4.48
4.06
3.93
3.89
4.0
3.98
3.89
3.78
3.85
3.83
3.86
3.84
3.86
3.86
3.94
3.94
3.99
3.96
3.96
4.03
4.02
3.97
3.91
3.8
3.83
3.82
3.73
3.8
3.82
3.8
3.8
3.8
3.81
3.82
3.85
3.89
3.94
3.92
3.91
3.91
3.91
3.94
3.94
3.92
3.92
3.92
3.92
3.91
3.91
3.9
3.88
3.86
3.83
3.81
3.78
3.75
3.74
3.7
3.64
3.6
3.58
3.57
3.54
3.53
3.54
3.53
3.52
3.51
3.51
3.51
3.5
3.5
3.5
3.49
3.51
3.5
3.49
3.47
3.47
3.46
3.44
3.46
3.47
3.46
3.47
3.35
3.27
3.37
3.41
3.44
3.37
3.38
3.34
3.31
3.27
3.13
3.01
2.93
3.08
3.08
3.08
3.09
3.12
2.96
3.09
3.23
3.25
3.23
3.18
3.16
3.01
2.99
3.04
3.13
3.13
3.14
3.18
3.2
3.09
3.14
3.19
3.19
3.13
3.2
3.2
3.24
3.31
3.36
3.41
3.5
3.54
3.55
3.64
3.74
3.84
3.93
4.03
4.07
4.13
4.13
4.15
4.15
4.12
4.18
4.15
4.15
4.25
4.26
4.32
4.34
4.36
4.4
4.41
4.44
4.43
4.49
4.45
4.37
4.4
4.43
4.48
4.5
4.52
4.49
4.38
4.28
4.17
4.14
4.18
4.22
4.26
4.31
4.32
4.32
4.33
4.34
4.36
4.37
4.4
4.41
4.42
4.36
4.27
4.24
4.24
4.25
4.25
4.25
4.24
4.24
4.23
4.22
4.21
4.21
4.23
4.24
4.26
4.25
4.23
4.23
4.24
4.24
4.24
4.26
4.25
4.23
4.24
4.21
4.19
4.19
4.18
4.17
4.18
4.18
4.18
4.17
4.17
4.17
4.17
4.18
4.19
4.21
4.21
4.22
4.26
4.26
3.93
3.82
3.86
4.0
3.97
3.94
3.96
4.03
4.06
4.07
4.23
4.28
4.23
4.25
4.37
4.4
4.43
4.43
4.56
4.51
4.58
4.59
4.59
4.53
4.51
4.52
4.49
4.44
4.5
4.52
4.52
4.51
4.48
4.41
4.45
4.43
4.52
4.59
4.57
4.57
4.59
4.59
4.66
4.7
4.72
4.74
4.77
4.84
4.89
4.93
5.01
5.08
5.13
5.14
5.13
5.19
5.26
5.33
5.32
5.34
5.41
5.42
5.38
5.35
5.36
5.46
5.48
5.49
5.51
5.53
5.48
5.55
5.58
5.61
5.55
5.53
5.56
5.54
5.55
5.5
5.48
5.47
5.44
5.48
5.48
5.41
5.34
5.34
5.37
5.33
5.3
5.31
5.33
5.34
5.34
5.34
5.32
5.31
5.3
5.3
5.27
5.25
5.25
5.25
5.25
5.25
5.25
5.25
5.24
5.25
5.25
5.23
5.19
5.18
5.18
5.18
5.17
5.16
5.15
5.16
5.15
5.13
5.16
5.18
5.19
5.17
5.2
5.23
5.27
5.27
5.26
5.26
5.31
5.33
5.31
5.3
5.33
5.38
5.43
5.48
5.52
5.52
5.49
5.49
5.49
5.46
5.44
5.44
5.44
5.44
5.43
5.41
5.36
5.33
5.27
5.22
5.18
5.16
5.11
5.09
5.07
5.05
5.05
5.08
5.04
4.96
4.99
5.0
5.0
5.0
5.0
4.99
5.03
5.02
5.03
5.04
5.08
5.09
5.1
5.12
5.14
5.15
5.16
5.18
5.22
5.18
5.17
5.19
5.19
5.21
5.24
5.27
5.3
5.33
5.35
5.38
5.39
5.43
5.48
5.53
5.55
5.56
5.57
5.49
5.58
5.37
5.29
5.18
5.22
5.22
5.22
5.19
5.08
5.06
5.03
4.97
4.96
5.0
5.02
4.98
4.97
5.04
4.97
4.97
5.08
5.1
5.01
5.01
5.04
5.08
5.08
5.07
5.13
5.21
5.22
5.19
5.14
5.11
5.12
5.13
5.16
5.17
5.19
5.21
5.24
5.24
5.25
5.26
5.25
5.27
5.28
5.33
5.35
5.33
5.34
5.35
5.36
5.36
5.37
5.39
5.39
5.4
5.4
5.42
5.42
5.43
5.44
5.49
5.47
5.49
5.52
5.54
5.53
5.54
5.56
5.59
5.6
5.59
5.59
5.65
5.64
5.61
5.6
5.58
5.58
5.59
5.61
5.62
5.65
5.68
5.7
5.75
5.75
5.74
5.74
5.77
5.79
5.81
5.82
5.82
5.82
5.85
5.86
5.85
5.88
5.88
5.87
5.87
5.89
5.86
5.89
5.9
5.88
5.91
5.9
5.91
5.89
5.9
5.89
5.9
5.88
5.87
5.79
5.73
5.77
5.71
5.73
5.78
5.81
5.82
5.81
5.77
5.78
5.78
5.85
5.87
5.93
5.97
6.01
6.04
6.07
6.12
6.16
6.14
6.19
6.24
6.28
6.26
6.32
6.35
6.31
6.26
6.38
6.45
6.4
6.41
6.42
6.19
6.09
5.77
5.73
5.68
5.66
5.64
5.61
5.59
5.58
5.56
5.58
5.55
5.52
5.56
5.56
5.58
5.63
5.59
5.58
5.59
5.66
5.65
5.7
5.7
5.65
5.61
5.73
5.66
5.69
5.65
5.65
5.64
5.6
5.64
5.73
5.81
5.78
5.79
5.83
5.84
5.87
5.83
5.84
5.83
5.87
5.77
5.63
5.65
5.6
5.57
5.53
5.58
5.58
5.43
5.4
5.43
5.54
5.53
5.59
5.52
5.22
5.03
5.12
5.11
4.95
4.86
5.16
5.05
4.97
5.0
4.84
4.63
4.51
4.51
4.6
4.6
4.58
4.59
4.52
4.49
4.54
4.49
4.43
4.41
4.4
4.43
4.51
4.46
4.42
4.4
4.35
4.36
4.38
4.39
4.41
4.43
4.4
4.38
4.33
4.32
4.35
4.36
4.37
4.35
4.37
4.38
4.38
4.39
4.39
4.33
4.32
4.35
4.43
4.39
4.38
4.44
4.58
4.59
4.71
4.7
4.77
4.83
4.95
5.05
5.16
5.13
5.18
5.33
5.51
5.79
5.76
5.87
6.27
6.8
6.71
6.62
