4.18
4.19
4.18
4.19
4.17
4.16
4.15
4.14
4.06
4.0
3.99
3.99
3.98
3.95
3.95
3.94
3.94
3.93
3.93
3.95
3.97
3.99
4.0
4.03
4.03
4.04
4.05
4.05
4.04
4.01
4.01
4.0
4.0
4.01
3.99
3.98
3.97
3.96
3.95
3.95
3.96
3.95
3.94
3.95
3.95
3.94
3.95
3.95
3.93
3.93
3.95
3.92
3.92
3.92
3.92
3.92
3.93
3.93
3.92
3.92
3.92
3.92
3.9
3.88
3.89
3.89
3.9
3.88
3.89
3.89
3.92
3.92
3.92
3.93
3.95
3.98
3.99
4.0
4.02
4.03
4.04
4.04
4.04
4.07
4.07
4.05
4.05
4.06
4.05
4.05
4.06
4.07
4.07
4.06
4.06
4.05
4.06
4.06
4.03
4.04
4.04
4.02
4.01
4.0
3.99
4.01
4.02
4.02
4.01
3.97
3.97
3.94
3.9
3.89
3.85
3.86
3.85
3.82
3.85
3.83
3.83
3.81
3.81
3.82
3.82
3.81
3.8
3.79
3.78
3.74
3.74
3.72
3.71
3.7
3.66
3.65
3.63
3.63
3.61
3.58
3.56
3.56
3.56
3.56
3.56
3.54
3.51
3.51
3.51
3.5
3.51
3.52
3.54
3.54
3.53
3.54
3.55
3.56
3.57
3.58
3.58
3.59
3.58
3.59
3.6
3.61
3.61
3.62
3.63
3.64
3.64
3.64
3.63
3.64
3.64
3.65
3.65
3.66
3.66
3.67
3.67
3.68
3.69
3.7
3.71
3.72
3.74
3.78
3.82
3.87
3.87
3.86
3.83
3.83
3.83
3.83
3.83
3.84
3.84
3.83
3.83
3.81
3.81
3.81
3.81
3.81
3.81
3.81
3.8
3.8
3.8
3.8
3.79
3.79
3.78
3.78
3.76
3.75
3.74
3.74
3.73
3.73
3.72
3.73
3.72
3.71
3.69
3.7
3.7
3.68
3.65
3.63
3.62
3.63
3.62
3.63
3.6
3.6
3.57
3.59
3.57
3.54
3.51
3.48
3.48
3.45
3.45
3.42
3.41
3.41
3.39
3.38
3.36
3.33
3.32
3.29
3.27
3.26
3.25
3.23
3.22
3.23
3.2
3.17
3.15
3.15
3.16
3.16
3.14
3.14
3.13
3.12
3.12
3.12
3.13
3.13
3.1
3.09
3.08
3.09
3.09
3.09
3.09
3.1
3.08
3.05
3.04
3.05
3.04
3.04
3.04
3.02
3.04
3.04
3.03
3.02
3.01
3.02
3.03
3.0
3.0
3.0
3.02
3.05
3.07
3.08
3.11
3.14
3.18
3.2
3.23
3.24
3.27
3.29
3.28
3.29
3.3
3.31
3.32
3.33
3.33
3.33
3.33
3.32
3.31
3.3
3.29
3.27
3.26
3.25
3.23
3.22
3.21
3.2
3.18
3.17
3.16
3.15
3.15
3.13
3.12
3.1
3.1
3.09
3.09
3.1
3.09
3.09
3.09
3.09
3.09
3.1
3.1
3.1
3.11
3.11
3.09
3.09
3.09
3.09
3.11
3.11
3.12
3.13
3.13
3.12
3.16
3.11
3.12
3.15
3.15
3.13
3.13
3.16
3.17
3.12
3.14
3.13
3.11
3.12
3.14
3.14
3.16
3.16
3.11
3.12
3.18
3.17
3.15
3.16
3.16
3.14
3.24
3.23
3.22
3.22
3.23
3.16
3.17
3.24
3.2
3.27
3.26
3.29
3.24
3.29
3.29
3.31
3.3
3.29
3.26
3.3
3.3
3.27
3.3
3.33
3.31
3.34
3.32
3.3
3.25
3.22
3.19
3.23
3.24
3.25
3.23
3.22
3.21
3.18
3.15
3.13
3.13
3.13
3.13
3.13
3.13
3.14
3.13
3.13
3.13
3.15
3.17
3.21
3.21
3.25
3.21
3.23
3.2
3.17
3.12
3.11
3.12
3.09
3.08
3.09
3.07
3.07
3.07
3.08
3.09
3.11
3.12
3.1
3.12
3.16
3.19
3.17
3.18
3.17
3.2
3.19
3.19
3.21
3.23
3.25
3.29
3.24
3.25
3.27
3.29
3.29
3.3
3.29
3.31
3.3
3.31
3.31
3.3
3.33
3.35
3.37
3.38
3.36
3.34
3.38
3.38
3.36
3.37
3.4
3.43
3.44
3.48
3.53
3.59
3.68
3.78
3.83
3.88
3.93
3.99
3.98
3.96
3.97
3.99
4.02
4.03
4.03
3.99
4.02
4.05
4.04
4.05
4.06
4.09
4.15
4.19
4.24
4.25
4.32
4.36
4.41
4.31
4.28
4.22
4.19
4.17
4.19
4.14
4.11
4.14
4.1
4.12
4.12
4.12
4.14
4.17
4.21
4.22
4.22
4.19
4.26
4.28
4.29
4.35
4.36
4.37
4.38
4.44
4.43
4.4
4.37
4.35
4.36
4.35
4.26
4.23
4.18
4.16
4.17
4.17
4.13
4.1
4.06
4.01
3.97
3.95
3.95
3.94
3.92
3.95
3.95
3.97
4.0
4.02
4.02
4.01
4.02
4.03
4.05
4.06
4.07
4.04
3.98
3.94
3.91
3.9
3.89
3.89
3.86
3.85
3.85
3.82
3.8
3.79
3.79
3.77
3.73
3.69
3.66
3.59
3.54
3.53
3.53
3.51
3.53
3.56
3.57
3.59
3.6
3.6
3.62
3.63
3.64
3.65
3.67
3.68
3.69
3.67
3.65
3.63
3.63
3.63
3.64
3.65
3.64
3.63
3.62
3.62
3.6
3.61
3.61
3.6
3.6
3.6
3.61
3.59
3.57
3.55
3.55
3.53
3.53
3.52
3.52
3.52
3.53
3.53
3.55
3.63
3.6
3.54
3.53
3.51
3.45
3.44
3.46
3.47
3.48
3.46
3.47
3.45
3.49
3.46
3.43
3.43
3.44
3.33
3.33
3.36
3.46
3.35
3.33
3.28
3.31
3.33
3.36
3.4
3.37
3.4
3.45
3.44
3.51
3.47
3.47
3.47
3.48
3.5
3.53
3.56
3.58
3.56
3.51
3.46
3.46
3.53
3.59
3.63
3.66
3.69
3.72
3.76
3.76
3.75
3.74
3.73
3.75
3.77
3.78
3.79
3.79
3.8
3.77
3.77
3.76
3.77
3.77
3.78
3.75
3.75
3.71
3.73
3.69
3.67
3.62
3.6
3.58
3.5
3.43
3.42
3.4
3.39
3.38
3.4
3.38
3.4
3.35
3.34
3.33
3.32
3.33
3.37
3.4
3.43
3.4
3.43
3.42
3.41
3.38
3.4
3.4
3.36
3.36
3.32
3.35
3.3
3.28
3.31
3.28
3.3
3.25
3.25
3.23
3.26
3.21
3.2
3.16
3.15
3.13
3.18
3.16
3.13
3.16
3.09
3.12
3.09
3.08
3.08
3.07
3.05
3.08
3.06
3.02
3.08
3.08
3.14
3.14
3.17
3.2
3.27
3.3
3.35
3.36
3.42
3.47
3.48
3.52
3.55
3.63
3.67
3.75
3.81
3.84
3.82
3.83
3.86
3.88
3.93
3.96
4.02
4.1
4.09
4.1
4.12
4.11
4.13
4.06
4.08
4.1
4.1
4.07
4.1
4.09
4.04
3.98
4.0
3.99
4.04
3.94
3.88
3.98
3.99
3.99
4.05
4.03
3.98
4.05
4.19
4.19
4.16
4.15
4.23
4.24
4.26
4.24
4.22
4.21
4.19
4.13
4.13
4.11
4.08
4.07
4.12
4.13
4.12
4.08
4.07
4.05
4.02
4.01
4.04
4.02
3.98
3.98
3.98
3.98
3.9
3.89
3.86
3.84
3.88
3.87
3.84
3.7
3.77
3.79
3.79
3.73
3.7
3.7
3.68
3.68
3.62
3.57
3.57
3.58
3.58
3.58
3.58
3.5
3.43
3.5
3.56
3.56
3.57
3.53
3.31
3.39
3.4
3.36
3.36
3.33
3.31
3.23
3.26
3.2
3.18
3.21
3.19
3.15
3.22
3.11
3.08
3.11
3.12
3.09
3.11
3.19
3.17
3.16
3.2
3.2
3.21
3.18
3.16
3.14
3.19
3.25
3.24
3.24
3.31
3.28
3.33
3.39
3.4
3.47
3.51
3.59
3.61
3.74
3.82
3.91
4.05
4.16
4.14
3.87
3.8
3.8
3.79
3.85
3.93
4.05
4.1
4.13
4.1
4.16
4.18
4.2
4.12
4.17
4.25
4.25
4.29
4.27
4.25
4.3
4.33
4.35
4.39
4.48
4.49
4.47
4.59
4.63
4.85
5.05
5.07
5.05
5.05
5.03
5.03
5.0
4.99
4.97
4.95
4.94
4.93
4.91
4.9
4.9
4.89
4.89
4.86
4.82
4.77
4.67
4.62
4.59
4.56
4.53
4.52
4.54
4.54
4.55
4.57
4.55
4.58
4.57
4.57
4.58
4.58
4.58
4.58
4.58
4.58
4.59
4.59
4.61
4.61
4.61
4.61
4.63
4.64
4.64
4.6
4.51
4.4
4.38
4.37
4.37
4.38
4.39
4.4
4.41
4.44
4.49
4.51
4.52
4.51
4.51
4.49
4.5
4.47
4.51
4.45
4.45
4.46
4.46
4.47
4.44
4.44
4.46
4.46
4.46
4.46
4.46
4.47
4.46
4.47
4.48
4.49
4.51
4.51
4.49
4.48
4.49
4.49
4.48
4.49
4.5
4.51
4.52
4.54
4.55
4.56
4.58
4.6
4.63
4.65
4.75
4.88
4.92
4.8
4.74
4.7
4.67
4.69
4.7
4.76
4.74
4.64
4.62
4.57
4.59
4.56
4.56
4.62
4.64
4.62
4.61
4.67
4.64
4.59
4.58
4.57
4.54
4.53
4.5
4.55
4.59
4.55
4.5
4.5
4.52
4.55
4.52
4.39
4.39
4.4
4.37
4.29
4.31
4.36
4.3
4.26
4.26
4.27
4.31
4.31
4.3
4.33
4.34
4.35
4.35
4.36
4.39
4.38
4.37
4.36
4.34
4.34
4.35
4.35
4.34
4.31
4.32
4.27
4.23
4.17
4.12
4.11
4.03
4.02
3.99
3.96
3.95
3.95
3.98
3.96
3.96
3.97
3.94
3.93
3.92
3.93
3.93
3.92
3.91
3.91
3.92
3.92
3.91
3.9
3.9
3.88
3.86
3.88
3.89
3.92
3.97
3.97
3.96
3.95
3.89
3.87
3.89
3.88
3.89
3.87
3.83
