8.98
9.11
9.12
9.01
9.11
9.28
9.35
9.4
9.4
9.4
9.54
9.64
9.67
9.76
9.85
9.89
9.98
10.0
10.06
10.18
10.06
10.12
10.3
10.39
10.38
10.29
10.21
10.19
10.16
10.12
10.08
9.98
10.08
9.86
9.78
9.7
9.69
9.71
9.69
9.66
9.75
9.51
9.7
9.71
9.75
9.78
9.77
9.86
9.88
9.96
10.13
10.16
10.3
10.44
10.46
10.45
10.43
10.42
10.4
10.38
10.37
10.33
10.36
10.39
10.35
10.35
10.31
10.62
10.74
10.81
10.87
10.87
10.89
10.92
10.92
10.93
10.98
10.98
10.82
10.87
10.87
10.59
10.63
10.75
10.93
10.95
10.94
10.98
11.04
11.13
11.16
11.18
11.22
11.17
11.17
11.1
11.03
10.96
10.93
10.85
10.95
11.11
11.06
10.8
10.67
10.65
10.63
10.58
10.62
10.62
10.59
10.61
10.64
10.68
10.74
10.72
10.71
10.66
10.56
10.52
10.5
10.53
10.5
10.5
10.52
10.53
10.56
10.7
10.62
10.42
10.44
10.48
10.57
10.83
10.67
10.22
9.86
9.77
9.68
9.74
9.67
9.55
9.68
9.37
9.29
9.37
9.36
9.09
8.98
8.8
8.76
8.6
8.73
8.5
8.34
8.18
8.31
8.31
8.21
8.18
8.25
8.2
8.14
8.01
7.98
7.87
7.91
7.6
7.27
7.24
7.34
7.17
7.2
7.19
7.18
7.14
7.0
7.08
7.01
6.91
6.98
6.95
6.96
6.87
6.74
6.85
6.77
6.82
6.74
6.81
6.85
6.89
6.99
6.93
7.01
7.01
7.11
7.12
7.3
7.27
7.19
7.19
7.23
7.34
7.24
7.26
7.31
7.55
7.69
7.98
8.21
8.13
8.05
7.97
8.09
8.13
8.15
8.1
8.15
8.05
7.9
7.95
8.07
8.16
8.11
8.14
8.18
8.17
8.21
8.22
8.26
8.32
8.29
8.34
8.31
8.2
8.28
8.34
8.26
8.36
8.36
8.58
8.72
8.85
8.75
9.02
9.04
8.96
8.95
8.77
8.66
8.64
8.65
8.61
8.64
8.66
8.6
8.63
8.79
8.87
8.75
8.82
8.79
8.79
8.79
8.77
8.82
8.84
8.89
9.42
10.3
10.53
10.43
10.34
10.64
10.25
10.13
10.35
10.57
10.68
10.69
11.0
11.19
11.16
11.26
11.24
11.1
10.93
10.64
10.41
10.22
10.14
10.09
9.91
9.9
9.94
10.03
10.15
10.24
10.31
10.36
10.38
10.39
9.75
9.5
9.54
9.55
9.75
9.59
9.47
9.5
9.6
9.65
8.96
8.67
8.66
8.72
8.81
8.8
8.88
9.08
9.23
9.47
9.76
9.64
9.65
9.47
9.27
9.26
9.09
8.84
8.58
8.41
8.27
7.88
7.7
7.55
7.46
7.39
7.45
7.38
7.19
7.12
7.14
7.16
7.17
7.13
7.12
7.1
7.03
6.94
6.85
6.72
6.67
6.65
6.67
6.65
6.61
6.6
6.61
6.62
6.66
6.66
6.68
6.63
6.62
6.58
6.53
6.54
6.54
6.51
6.55
6.58
6.58
6.61
6.55
6.41
6.33
6.31
6.27
6.24
6.26
6.26
6.26
6.29
6.31
6.33
6.39
6.46
6.48
6.51
6.5
6.52
6.53
6.52
6.55
6.56
6.6
6.63
6.64
6.61
6.63
6.63
6.65
6.65
6.69
6.7
6.72
6.73
6.76
6.77
6.78
6.77
6.75
6.74
6.75
6.78
6.78
6.81
6.85
6.84
6.87
6.91
6.96
6.98
7.0
6.96
6.97
7.0
7.01
7.04
7.11
7.17
7.02
7.06
7.02
7.03
6.98
6.95
6.96
6.92
6.84
6.8
6.64
6.52
6.47
6.57
6.61
6.52
6.52
6.49
6.55
6.55
6.38
6.44
6.37
6.35
6.49
6.48
6.49
6.51
6.42
6.52
6.49
6.57
6.54
6.54
6.49
6.45
6.39
6.44
6.53
6.74
7.08
7.52
7.81
7.98
8.09
8.27
8.3
8.24
8.22
8.2
8.15
7.91
7.72
7.64
7.85
7.91
7.72
7.81
7.75
7.53
7.6
7.55
7.53
7.45
7.59
7.65
7.62
7.52
7.5
7.5
7.49
7.49
7.44
7.46
7.44
7.43
7.43
7.41
7.34
7.29
7.27
7.26
7.2
7.19
7.15
7.14
7.12
7.09
7.05
7.0
6.93
6.82
6.76
6.69
6.63
6.54
6.47
6.42
6.39
6.36
6.33
6.32
6.33
6.32
6.36
6.39
6.43
6.46
6.5
6.53
6.56
6.54
6.53
6.56
6.57
6.63
6.68
6.73
6.77
6.81
6.86
6.89
6.91
6.95
6.97
6.97
7.01
7.01
7.02
7.01
7.0
7.06
7.09
7.09
7.11
7.09
7.12
7.12
7.14
7.15
7.18
7.2
7.24
7.22
7.23
7.25
7.26
7.23
7.15
7.13
7.13
7.09
7.11
7.11
7.02
6.93
6.88
6.85
6.79
6.79
6.69
6.74
6.73
6.73
6.69
6.71
6.78
6.66
6.59
6.53
6.64
6.58
6.56
6.53
6.61
6.49
6.49
6.5
6.37
6.36
6.42
6.49
6.55
6.5
6.47
6.29
6.42
6.5
6.66
6.6
6.67
6.73
6.78
6.86
6.94
6.95
6.92
7.1
7.12
7.12
6.97
7.08
7.19
7.31
7.38
7.38
7.37
7.34
7.36
7.34
7.31
7.25
7.25
7.19
7.1
6.96
6.93
6.91
6.92
6.94
6.93
6.93
6.92
6.88
6.86
6.84
6.82
6.8
6.77
6.76
6.75
6.74
6.72
6.7
6.69
6.67
6.64
6.63
6.64
6.66
6.66
6.63
6.62
6.57
6.54
6.5
6.48
6.45
6.43
6.41
6.39
6.38
6.37
6.43
6.46
6.38
6.4
6.38
6.36
6.3
6.3
6.28
6.26
6.23
6.28
6.24
6.23
6.17
6.14
6.14
6.15
6.21
6.22
6.24
6.19
6.28
6.33
6.39
6.41
6.5
6.54
6.7
6.72
6.79
6.83
6.93
7.02
6.89
6.68
6.64
6.67
6.67
6.66
6.77
6.81
6.83
6.7
6.69
6.69
6.62
6.71
6.71
6.67
6.64
6.62
6.69
6.58
6.57
6.59
6.66
6.65
6.74
6.77
6.77
6.8
6.87
6.91
6.93
6.79
6.84
6.63
6.46
6.55
6.52
6.54
6.65
6.64
6.77
6.82
6.78
6.87
6.96
6.84
6.92
6.98
7.07
7.14
7.1
7.12
7.16
7.22
7.13
7.22
7.25
7.23
7.24
7.2
7.16
7.12
7.15
7.17
7.17
7.19
7.13
7.12
7.15
7.23
7.19
7.24
7.36
7.26
7.14
7.13
7.16
7.21
7.25
7.28
7.3
7.29
7.26
7.24
7.22
7.18
7.15
7.02
6.98
7.02
7.17
7.18
7.1
7.08
7.11
7.1
7.05
7.01
6.85
6.78
6.78
6.84
6.86
6.84
6.9
6.91
6.83
6.7
6.61
6.6
6.61
6.63
6.61
6.62
6.72
6.75
6.63
6.61
6.32
6.38
6.35
6.35
6.34
6.3
6.4
6.45
6.46
6.37
6.33
6.28
6.31
6.48
6.57
6.56
6.61
6.65
6.7
6.86
7.08
7.32
7.12
7.12
7.18
7.31
7.36
7.42
7.54
7.69
7.83
7.91
7.83
7.82
7.81
7.88
7.67
7.51
7.5
7.42
7.29
7.24
7.3
7.22
7.19
7.07
7.02
7.01
6.94
6.92
6.94
6.92
7.0
6.93
6.93
7.05
6.82
6.21
6.35
6.67
6.82
6.9
6.78
6.78
7.11
7.06
6.92
7.03
7.12
6.95
7.04
7.12
7.05
6.89
6.93
7.11
7.21
7.32
7.17
7.09
7.11
7.06
7.05
6.88
7.03
7.06
7.1
7.16
7.16
7.19
7.17
7.21
7.29
7.22
7.18
7.27
7.54
7.56
7.57
7.61
7.58
7.53
7.38
7.38
7.56
7.51
7.4
7.36
7.34
7.35
7.35
7.36
7.32
7.33
7.26
7.32
7.31
7.31
7.36
7.33
7.29
7.1
7.12
7.14
7.2
7.03
6.87
6.91
6.94
6.95
6.93
6.95
6.85
6.94
6.86
6.82
6.72
6.69
6.69
6.74
6.66
6.63
6.64
6.66
6.62
6.65
6.59
6.52
6.57
6.47
6.35
6.35
6.38
6.35
6.44
6.57
6.64
6.68
6.69
6.71
6.74
6.79
6.84
6.94
7.05
7.19
7.27
7.43
7.54
7.59
7.67
7.69
7.74
7.89
8.01
8.04
8.13
8.22
8.16
8.24
8.21
8.11
8.06
7.89
7.75
7.57
7.66
7.78
7.76
7.71
7.71
7.68
7.61
7.47
7.7
7.51
7.25
7.37
7.41
7.42
7.34
7.39
7.5
7.47
7.11
7.15
7.26
7.3
7.1
6.88
7.07
7.27
7.27
7.34
7.39
7.43
7.51
7.47
7.47
7.55
7.9
7.71
7.58
7.67
7.62
7.59
7.65
7.8
7.75
7.71
7.83
7.9
7.95
8.11
8.04
8.03
8.05
8.08
7.88
7.9
7.95
7.87
7.71
7.62
7.5
7.56
7.88
7.74
7.79
7.68
7.67
7.62
7.7
7.67
7.8
7.66
7.67
7.69
7.76
7.74
7.72
7.63
7.57
7.64
7.59
7.58
7.6
7.59
7.56
7.54
7.51
7.48
7.38
7.38
7.26
7.25
7.24
7.26
7.25
7.22
7.16
7.19
7.3
7.29
7.22
7.13
7.08
7.03
7.06
6.94
7.0
7.0
6.93
6.92
6.95
7.01
7.18
7.17
7.06
6.99
7.01
7.03
7.09
7.14
7.18
7.25
7.33
7.37
7.5
7.51
7.6
7.61
7.76
7.89
8.02
8.07
8.15
8.26
8.17
8.21
8.22
8.35
8.34
8.44
8.46
8.69
8.65
8.37
8.28
8.26
8.18
8.26
8.15
8.11
7.82
7.69
7.62
7.68
7.83
7.82
7.72
7.79
7.7
7.77
7.72
7.71
7.73
7.8
7.71
7.54
7.35
7.38
7.28
7.17
7.03
6.83
6.87
7.12
7.13
7.01
7.29
7.46
