2.62
2.59
2.57
2.59
2.65
2.63
2.58
2.53
2.51
2.53
2.52
2.53
2.53
2.47
2.44
2.46
2.5
2.54
2.58
2.61
2.64
2.66
2.69
2.73
2.74
2.75
2.75
2.75
2.76
2.77
2.79
2.84
2.88
2.9
2.91
2.9
2.87
2.85
2.82
2.82
2.9
2.99
3.02
3.02
3.0
3.0
3.05
3.08
3.12
3.1
3.06
3.07
3.07
3.09
3.01
2.99
2.98
2.89
2.94
2.96
2.95
2.94
2.87
2.89
2.82
2.82
2.85
2.9
2.9
2.91
2.92
2.97
2.96
3.0
3.0
2.97
3.01
3.09
3.16
3.19
3.16
3.22
3.35
3.46
3.53
3.59
3.69
3.72
3.71
3.75
3.78
3.8
3.86
3.91
3.95
3.99
4.09
4.18
4.23
4.25
4.26
4.26
4.27
4.28
4.29
4.3
4.3
4.31
4.32
4.34
4.36
4.37
4.37
4.38
4.39
4.41
4.43
4.44
4.44
4.45
4.45
4.43
4.44
4.44
4.42
4.42
4.4
4.38
4.38
4.38
4.35
4.34
4.32
4.32
4.31
4.29
4.27
4.25
4.23
4.22
4.22
4.19
4.18
4.17
4.16
4.13
4.12
4.11
4.08
4.07
4.06
4.08
4.11
4.12
4.15
4.16
4.17
4.17
4.17
4.11
3.96
3.89
3.87
3.91
3.93
3.9
3.88
3.83
3.8
3.79
3.75
3.72
3.74
3.73
3.73
3.72
3.74
3.75
3.74
3.61
3.36
3.25
3.28
3.23
3.29
3.23
3.14
3.13
3.15
3.12
3.02
2.94
2.92
2.78
2.72
2.78
2.92
2.97
3.07
2.88
2.91
2.97
2.95
2.89
2.89
2.9
2.92
2.9
2.84
2.83
2.79
2.78
2.87
2.85
2.82
2.82
2.9
2.97
2.99
3.04
3.08
3.05
3.03
3.09
3.11
3.08
3.08
3.12
3.15
3.2
3.24
3.29
3.3
3.31
3.31
3.31
3.34
3.34
3.34
3.36
3.38
3.38
3.39
3.4
3.4
3.39
3.37
3.38
3.4
3.38
3.36
3.36
3.37
3.37
3.37
3.39
3.4
3.4
3.42
3.41
3.41
3.4
3.41
3.41
3.42
3.42
3.43
3.42
3.42
3.43
3.43
3.45
3.47
3.48
3.48
3.51
3.53
3.55
3.57
3.58
3.57
3.57
3.56
3.57
3.57
3.62
3.68
3.66
3.65
3.63
3.63
3.61
3.6
3.6
3.6
3.6
3.59
3.58
3.59
3.58
3.58
3.58
3.58
3.57
3.56
3.55
3.54
3.52
3.51
3.51
3.55
3.55
3.56
3.52
3.48
3.48
3.48
3.49
3.5
3.52
3.54
3.56
3.58
3.59
3.61
3.63
3.64
3.66
3.65
3.64
3.66
3.64
3.68
3.71
3.73
3.78
3.79
3.85
3.88
3.93
3.94
3.96
3.93
3.89
3.91
3.87
3.81
3.88
3.85
3.91
3.9
3.82
3.66
3.71
3.62
3.61
3.53
3.6
3.62
3.64
3.67
3.7
3.73
3.74
3.69
3.67
3.72
3.72
3.66
3.62
3.65
3.55
3.55
3.63
3.67
3.63
3.66
3.68
3.67
3.67
3.68
3.66
3.66
3.66
3.63
3.63
3.62
3.61
3.61
3.62
3.61
3.6
3.61
3.6
3.59
3.59
3.57
3.57
3.56
3.57
3.57
3.56
3.56
3.55
3.58
3.57
3.56
3.62
3.68
3.71
3.72
3.71
3.69
3.66
3.66
3.65
3.63
3.62
3.62
3.63
3.62
3.61
3.61
3.59
3.55
3.52
3.53
3.51
3.5
3.5
3.5
3.48
3.46
3.45
3.46
3.47
3.47
3.46
3.43
3.4
3.38
3.35
3.31
3.32
3.3
3.27
3.27
3.25
3.26
3.27
3.3
3.24
3.23
3.27
3.33
3.24
3.17
3.12
3.11
3.11
3.11
3.16
3.21
3.27
3.32
3.3
3.29
3.37
3.42
3.52
3.49
3.56
3.65
3.7
3.7
3.73
3.79
3.83
3.91
3.98
4.02
4.12
4.19
4.2
4.21
4.23
4.22
4.21
4.01
3.85
3.76
3.73
3.66
3.7
3.73
3.65
3.66
3.42
3.07
3.2
3.3
3.44
3.47
3.51
3.37
3.35
3.22
3.19
3.26
3.28
3.28
3.25
3.27
3.38
3.44
3.43
3.39
3.38
3.39
3.35
3.39
3.4
3.32
3.29
3.18
3.23
3.3
3.35
3.42
3.45
3.48
3.5
3.48
3.47
3.49
3.49
3.46
3.59
3.53
3.58
3.53
3.48
3.46
3.46
3.47
3.48
3.54
3.64
3.65
3.64
3.64
3.58
3.66
3.67
3.65
3.67
3.73
3.75
3.77
3.79
3.8
3.81
3.82
3.8
3.82
3.83
3.81
3.85
3.86
3.88
3.87
3.86
3.82
3.82
3.83
3.81
3.84
3.81
3.81
3.83
3.83
3.81
3.79
3.78
3.77
3.75
3.77
3.75
3.74
3.8
3.8
3.78
3.76
3.75
3.73
3.73
3.73
3.68
3.67
3.68
3.66
3.67
3.67
3.67
3.67
3.68
3.69
3.71
3.73
3.73
3.74
3.74
3.78
3.81
3.85
3.91
3.96
4.0
4.02
4.04
4.1
4.18
4.21
4.22
4.26
4.36
4.46
4.63
4.61
4.63
4.62
4.61
4.68
4.7
4.73
4.77
4.82
4.87
4.84
4.82
4.86
4.84
4.91
4.88
4.99
4.99
4.98
5.0
5.02
5.09
5.15
5.14
5.1
5.1
5.16
5.18
5.28
5.37
5.46
5.54
5.58
5.55
5.54
5.54
5.54
5.54
5.55
5.56
5.55
5.58
5.61
5.62
5.62
5.61
5.61
5.62
5.64
5.64
5.66
5.67
5.67
5.68
5.69
5.66
5.67
5.66
5.63
5.64
5.69
5.64
5.59
5.6
5.6
5.6
5.57
5.59
5.6
5.58
5.55
5.54
5.54
5.54
5.54
5.55
5.56
5.57
5.58
5.57
5.58
5.57
5.57
5.55
5.51
5.53
5.51
5.5
5.49
5.47
5.43
5.39
5.33
5.3
5.31
5.29
5.32
5.29
5.3
5.3
5.27
5.22
5.26
5.33
5.31
5.33
5.33
5.35
5.37
5.4
5.45
5.49
5.51
5.54
5.55
5.52
5.54
5.58
5.65
5.77
5.81
5.74
5.64
5.68
5.78
5.73
5.79
6.08
6.21
6.27
6.28
6.3
6.17
6.19
6.19
6.18
6.29
6.38
6.42
6.5
6.61
6.65
6.72
6.79
6.77
6.85
6.92
7.01
7.01
7.03
7.04
7.1
7.18
7.22
7.2
7.28
7.28
7.27
7.32
7.29
7.27
7.32
7.28
7.27
7.33
7.31
7.34
7.38
7.4
7.44
7.46
7.43
7.45
7.41
7.47
7.48
7.48
7.45
7.36
7.39
7.34
7.34
7.31
7.3
7.33
7.32
7.31
7.28
7.25
7.24
7.24
7.24
7.27
7.29
7.35
7.36
7.39
7.41
7.41
7.39
7.4
7.37
7.3
7.27
7.25
7.23
7.19
7.13
7.11
7.12
7.14
7.15
7.15
7.16
7.19
7.19
7.21
7.21
7.19
7.15
7.11
7.06
7.03
7.0
7.02
7.04
7.06
7.07
7.08
7.08
7.07
7.05
7.04
7.01
7.0
6.96
6.91
6.89
6.86
6.82
6.79
6.81
6.81
6.82
6.8
6.79
6.77
6.74
6.72
6.74
6.77
6.79
6.84
6.95
6.98
7.05
7.17
7.25
7.29
7.32
7.32
7.33
7.32
7.29
7.29
7.29
7.27
7.32
7.34
7.32
7.34
7.4
7.43
7.45
7.47
7.48
7.6
7.51
7.48
7.43
7.39
7.36
7.38
7.25
7.13
7.18
7.22
7.2
7.12
7.06
7.09
7.31
7.42
7.47
7.51
7.5
7.55
7.59
7.65
7.56
7.55
7.68
7.56
7.58
7.41
7.36
7.31
7.16
7.18
7.36
7.35
7.18
7.19
7.34
7.39
7.3
7.24
7.28
7.33
7.31
7.28
7.19
7.18
7.15
7.11
7.15
7.2
7.19
7.11
7.0
6.96
6.89
6.85
6.81
6.75
6.67
6.6
6.54
6.46
6.37
6.34
6.33
6.33
6.32
6.34
6.35
6.38
6.42
6.43
6.42
6.39
6.35
6.29
6.21
6.16
6.13
6.07
6.06
6.0
5.81
5.67
5.57
5.46
5.4
5.33
5.25
5.13
5.06
5.04
4.99
4.98
5.02
4.99
5.01
5.06
5.03
5.01
4.94
4.84
4.89
4.77
4.72
4.72
4.69
4.71
4.69
4.69
4.59
4.44
4.49
4.5
4.54
4.53
4.56
4.57
4.53
4.43
4.42
4.48
4.49
4.49
4.52
4.49
4.51
4.48
4.49
4.5
4.47
4.54
4.54
4.6
4.63
4.7
4.75
4.87
5.02
5.02
5.0
5.05
5.28
5.33
5.28
5.12
4.99
4.87
4.74
4.81
4.86
4.88
4.87
4.91
4.94
4.94
4.9
4.92
4.92
4.97
5.01
5.02
5.05
5.15
5.15
5.18
5.25
5.24
5.33
5.38
5.35
5.35
5.49
5.59
5.61
5.56
5.63
5.71
5.77
5.79
5.75
5.74
5.77
5.74
5.76
5.72
5.67
5.67
5.68
5.73
5.77
5.8
5.82
5.81
5.81
5.85
5.86
5.84
5.83
5.93
5.96
5.98
5.99
5.9
5.82
5.76
5.77
5.76
5.81
5.84
5.81
5.8
5.81
5.79
5.77
5.79
5.98
5.96
5.94
5.9
5.88
5.9
5.88
5.89
5.83
5.75
5.77
5.77
5.8
5.82
5.77
5.72
5.73
5.72
5.68
5.69
5.66
5.64
5.65
5.61
5.55
5.57
5.58
5.53
5.49
5.48
5.43
5.37
5.31
5.27
5.27
5.24
5.17
5.1
5.05
5.02
4.99
4.94
4.86
4.83
4.8
4.81
4.85
4.86
4.85
4.85
4.76
4.76
4.75
4.77
4.78
4.7
4.64
4.62
4.57
4.52
4.53
4.55
4.68
4.67
4.76
4.89
4.91
4.92
5.01
5.12
5.14
5.3
5.55
5.77
5.51
5.44
5.61
5.5
5.33
