9.48
9.53
9.47
9.39
9.36
9.36
9.35
9.39
9.3
9.19
9.15
9.22
9.34
9.35
9.27
9.23
9.3
9.36
9.35
9.34
9.35
9.41
9.46
9.47
9.48
9.43
9.67
9.82
9.78
9.83
9.94
9.86
9.83
9.8
9.83
9.9
9.89
10.06
10.09
10.03
9.94
9.77
9.8
9.78
9.46
9.62
9.54
9.21
8.91
8.94
8.81
8.76
8.42
8.46
8.47
8.45
8.54
8.68
8.48
8.44
8.46
8.42
8.71
8.72
8.37
8.34
8.3
8.34
8.08
8.4
8.29
8.06
8.1
8.05
7.95
8.04
7.98
8.09
8.07
8.14
8.28
8.35
8.3
8.31
8.22
8.61
8.75
8.47
8.72
9.01
9.05
8.95
8.9
8.89
8.82
8.74
8.63
8.63
8.61
8.64
8.59
8.49
8.35
8.29
8.14
8.06
7.94
7.94
7.93
7.89
7.82
7.8
7.77
7.72
7.67
7.61
7.57
7.52
7.49
7.45
7.44
7.44
7.49
7.51
7.54
7.56
7.62
7.64
7.64
7.65
7.63
7.64
7.65
7.64
7.65
7.6
7.59
7.59
7.58
7.6
7.62
7.62
7.68
7.72
7.79
7.87
7.86
7.85
7.82
7.82
7.89
7.91
7.89
7.88
7.89
8.02
8.01
8.01
8.12
8.09
8.13
8.12
8.25
8.21
8.32
8.39
8.34
8.34
8.57
8.5
8.14
8.14
8.2
8.16
8.21
8.23
8.3
8.23
7.77
7.85
7.81
7.76
7.81
7.93
7.9
7.95
8.08
8.04
7.99
7.98
7.79
7.97
7.78
8.17
8.83
8.91
8.46
8.09
8.05
8.17
8.01
8.21
8.35
8.68
9.33
8.74
8.5
8.67
8.66
8.62
8.75
8.9
9.03
8.95
8.9
8.84
8.82
8.73
8.6
8.46
7.98
7.9
8.08
7.89
8.12
8.44
8.47
8.61
8.94
9.01
9.19
9.02
9.08
9.1
9.09
9.13
9.17
9.21
9.11
9.15
9.2
9.28
9.26
9.26
9.26
9.27
9.06
8.91
8.67
8.93
8.54
8.55
8.56
8.65
8.64
8.56
8.63
8.64
8.59
8.5
8.58
8.63
8.51
8.43
8.63
8.53
8.2
8.09
8.06
8.11
8.13
8.05
7.89
7.78
7.81
7.81
7.82
7.93
7.98
7.99
8.01
8.01
7.9
7.92
7.99
7.92
7.96
7.98
8.01
7.83
7.78
7.73
7.65
7.68
7.75
7.86
7.77
7.78
7.75
7.74
7.99
8.15
8.07
7.98
8.02
8.04
8.04
8.13
8.22
8.39
8.52
8.52
8.53
8.41
8.45
8.31
8.22
8.35
8.29
8.29
8.05
8.07
8.13
8.23
8.25
8.23
8.42
8.14
8.17
7.82
7.83
7.84
7.89
7.79
7.69
7.63
7.5
7.56
7.51
7.54
7.57
7.73
7.84
8.08
8.24
8.21
8.26
8.26
8.1
8.24
8.28
8.35
8.26
8.8
9.32
9.54
9.78
9.53
9.02
9.01
9.07
8.77
8.77
8.72
8.73
8.81
8.68
8.61
8.53
8.49
8.48
8.59
8.43
8.58
8.62
8.45
8.28
8.55
8.67
8.57
8.54
8.56
8.51
8.45
8.48
8.52
8.52
8.52
8.52
8.51
8.5
8.45
8.42
8.45
8.45
8.53
8.53
8.51
8.5
8.52
8.53
8.58
8.61
8.37
8.27
8.26
8.59
8.5
8.02
8.34
8.02
8.22
8.47
8.38
8.42
7.95
8.07
8.17
8.18
8.11
8.05
8.04
7.98
7.95
8.04
7.86
7.72
7.72
7.9
7.69
7.62
7.67
7.48
7.5
7.52
7.62
7.77
7.87
7.83
7.75
7.73
7.69
7.74
7.8
7.85
7.95
8.0
8.02
8.04
8.08
8.1
8.11
8.16
8.3
8.43
8.5
8.43
8.29
8.38
8.32
8.25
8.2
8.25
8.27
8.21
8.2
8.29
8.2
8.02
7.9
7.8
7.98
7.97
7.88
7.86
7.92
8.02
7.7
7.78
7.69
7.7
7.81
7.64
7.55
7.55
7.8
7.63
7.66
7.82
7.76
7.54
7.47
7.41
7.35
7.26
7.2
7.15
7.14
7.02
7.08
7.13
7.08
7.13
7.15
7.2
7.31
7.34
7.29
7.33
7.34
7.38
7.45
7.57
7.46
7.36
7.33
7.31
7.41
7.36
7.39
7.51
7.64
7.62
7.62
7.59
7.65
7.66
7.78
7.76
7.77
7.68
7.71
7.72
7.71
7.66
7.66
7.62
7.67
7.65
7.65
7.65
7.69
7.67
7.68
7.69
7.79
7.89
7.92
7.79
7.8
7.92
7.88
8.02
8.2
8.5
8.72
8.88
8.98
8.98
9.06
9.11
9.09
9.15
9.11
9.19
9.28
9.33
9.38
9.39
9.21
9.02
8.81
8.69
8.57
8.44
8.45
8.51
8.57
8.59
8.59
8.61
8.59
8.57
8.61
8.58
8.54
8.56
8.54
8.55
8.57
8.55
8.58
8.61
8.66
8.74
8.81
8.85
8.9
8.92
8.97
9.04
9.08
9.17
9.18
9.24
9.32
9.38
9.32
9.32
9.42
9.49
9.21
9.22
9.38
9.38
9.31
9.27
9.27
9.26
9.28
9.29
9.31
9.18
9.17
8.99
9.32
9.49
9.46
9.41
9.06
8.84
8.8
8.91
8.85
8.88
9.25
9.12
8.97
8.92
9.01
9.14
9.28
9.29
9.36
9.45
9.5
9.45
9.59
9.43
9.49
9.31
9.43
9.51
9.29
9.38
9.37
9.25
9.35
9.46
9.74
9.93
10.33
10.1
9.86
9.6
9.7
9.67
9.45
9.57
9.9
9.83
9.81
9.76
9.76
9.64
9.6
9.53
9.7
9.53
9.82
9.85
9.96
9.95
9.98
10.09
10.12
10.15
10.08
9.96
9.74
9.68
9.77
9.67
9.7
9.81
9.81
9.82
9.8
9.8
9.8
9.79
9.87
9.92
9.82
9.73
9.76
9.81
9.81
9.8
9.79
9.83
9.8
9.8
9.8
9.82
9.79
9.77
9.76
9.75
9.76
9.73
9.73
9.73
9.74
9.77
9.78
9.74
9.8
9.77
9.74
9.77
9.77
9.79
9.84
9.87
9.88
9.98
10.02
10.11
10.23
10.25
10.24
10.34
10.47
10.66
10.7
10.84
10.9
10.95
11.09
11.23
11.24
11.21
11.19
11.09
11.2
11.08
11.02
11.16
11.19
11.22
11.15
11.17
11.12
11.18
11.16
11.11
11.06
11.12
11.13
11.15
11.12
11.13
11.27
11.6
12.04
11.66
11.76
11.69
11.69
11.86
11.72
11.6
11.61
11.67
11.82
11.63
11.64
11.53
11.68
11.79
11.7
11.69
11.42
11.55
11.5
11.98
11.99
11.76
11.87
11.96
12.1
12.08
12.13
12.15
12.24
12.32
12.3
12.29
12.23
12.29
12.37
12.23
12.14
12.0
11.97
12.1
12.13
12.1
12.06
12.08
12.07
12.09
12.11
12.14
12.12
12.12
12.15
12.13
12.11
12.11
12.14
12.09
12.12
12.15
12.03
11.98
11.93
11.9
11.89
11.86
11.77
11.71
11.66
11.66
11.64
11.63
11.63
11.54
11.5
11.42
11.44
11.39
11.41
11.43
11.39
11.34
11.16
11.07
10.98
10.62
10.67
10.78
10.82
10.76
10.78
10.88
10.66
10.63
10.72
10.71
10.61
10.97
11.16
11.24
11.12
11.14
11.11
11.18
11.21
11.19
11.27
11.34
11.51
11.68
11.74
11.71
11.69
11.71
11.97
12.15
12.22
12.25
12.31
12.38
12.41
12.57
12.49
12.24
12.27
12.29
12.01
11.39
11.37
11.34
11.3
11.1
11.16
10.89
10.75
10.61
10.63
10.77
10.65
10.48
10.59
10.61
10.6
10.34
10.35
10.48
10.65
10.77
10.99
11.13
11.27
11.37
11.43
11.33
11.3
11.38
10.98
11.07
11.31
11.48
11.11
11.15
11.34
11.45
11.4
11.33
11.19
11.17
11.38
11.47
11.55
11.62
11.89
11.98
11.82
11.67
11.78
11.69
11.73
11.69
11.87
11.86
11.8
11.86
11.86
11.75
11.64
11.64
11.64
11.59
11.61
11.7
11.8
11.87
11.98
11.97
12.04
12.01
11.91
11.91
11.89
11.86
11.76
11.66
11.6
11.56
11.54
11.51
11.46
11.42
11.38
11.34
11.37
11.45
11.53
11.5
11.53
11.54
11.53
11.52
11.6
11.65
11.64
11.65
11.61
11.53
11.59
11.51
11.56
11.51
11.42
11.42
11.42
11.41
11.32
11.35
11.37
11.4
11.26
11.32
11.38
11.36
11.48
11.45
11.61
11.77
12.02
11.89
11.76
11.88
11.85
11.85
12.0
12.16
12.59
12.68
12.56
12.65
12.59
12.31
12.38
12.4
12.65
12.64
12.75
12.96
13.15
13.37
13.56
13.61
13.72
13.71
13.61
13.47
13.19
12.93
13.12
12.58
12.7
12.62
12.53
12.65
12.79
12.89
12.94
12.75
12.43
11.94
12.02
12.04
12.16
12.19
12.16
11.88
12.21
12.23
11.78
11.75
11.56
11.27
11.25
11.24
11.16
11.3
11.26
10.92
10.91
10.72
11.27
11.24
11.69
11.82
12.25
12.36
12.58
12.67
12.63
12.74
12.39
12.16
12.08
12.15
12.17
12.09
11.9
11.76
11.61
11.51
11.51
11.45
11.43
11.47
11.46
11.51
11.49
11.27
11.24
11.13
11.2
11.23
11.21
11.16
11.18
11.23
11.22
11.2
11.15
11.14
11.19
11.23
11.25
11.34
11.4
11.49
11.55
11.57
11.62
11.71
11.74
11.93
11.95
11.92
11.89
11.83
11.8
11.82
11.81
11.83
11.82
11.77
11.77
11.73
11.65
11.55
11.55
11.48
11.42
11.32
11.27
11.27
11.31
11.32
11.23
11.21
11.27
11.39
11.45
11.55
11.65
11.75
11.84
11.99
12.19
12.31
12.24
12.31
12.4
12.47
12.53
12.57
12.64
12.68
12.71
12.7
12.83
12.84
12.92
12.91
13.06
13.11
13.05
13.11
13.13
13.27
13.24
13.24
13.48
13.4
13.3
13.37
13.54
13.44
13.48
13.44
13.64
