7.54
7.55
7.52
7.5
7.52
7.54
7.53
7.54
7.49
7.44
7.42
7.42
7.43
7.44
7.43
7.38
7.32
7.31
7.33
7.36
7.35
7.35
7.34
7.33
7.31
7.28
7.28
7.26
7.28
7.3
7.32
7.32
7.33
7.35
7.36
7.35
7.38
7.42
7.41
7.38
7.36
7.35
7.37
7.35
7.33
7.3
7.29
7.24
7.2
7.22
7.18
7.18
7.18
7.18
7.17
7.16
7.15
7.14
7.14
7.14
7.13
7.11
7.11
7.11
7.14
7.13
7.16
7.16
7.17
7.16
7.16
7.14
7.2
7.25
7.22
7.22
7.25
7.21
7.23
7.3
7.19
7.12
7.02
7.11
7.14
7.05
7.11
6.99
6.96
7.05
7.01
6.96
6.79
6.9
6.85
6.75
6.68
6.66
6.74
6.69
6.58
6.58
6.69
6.56
6.35
6.3
6.39
6.59
6.38
6.07
6.12
6.07
6.24
6.11
6.14
6.01
5.98
5.88
5.96
6.04
6.33
6.58
6.61
6.64
6.63
6.67
6.54
6.53
6.5
6.82
6.89
6.79
6.76
6.88
6.86
6.75
6.72
6.7
6.7
6.6
6.44
6.43
6.46
5.91
5.85
5.95
6.11
6.2
6.31
6.42
6.46
6.53
6.45
6.48
6.57
6.5
6.37
6.29
6.3
6.35
6.35
6.3
6.29
6.27
6.21
6.14
6.13
6.16
6.2
6.23
6.24
6.2
6.22
6.2
6.2
6.26
6.28
6.29
6.26
6.3
6.31
6.27
6.16
6.1
6.19
6.23
6.25
6.25
6.23
6.2
6.18
6.14
6.21
6.26
6.34
6.37
6.38
6.38
6.36
6.37
6.38
6.42
6.43
6.43
6.44
6.45
6.48
6.49
6.49
6.5
6.52
6.51
6.52
6.52
6.51
6.51
6.47
6.45
6.47
6.45
6.42
6.41
6.43
6.46
6.48
6.52
6.5
6.43
6.45
6.43
6.43
6.44
6.41
6.34
6.33
6.27
6.19
6.2
6.09
6.07
6.04
6.1
6.21
6.27
6.23
6.19
6.09
6.09
6.12
6.07
6.11
6.07
6.07
5.9
5.94
5.94
5.79
5.76
5.81
5.87
5.83
5.73
5.7
5.63
5.63
5.63
5.61
5.58
5.43
5.37
5.37
5.4
5.42
5.47
5.49
5.52
5.52
5.53
5.45
5.41
5.38
5.35
5.2
5.19
5.2
5.22
5.19
5.2
5.21
5.2
5.24
5.26
5.16
5.06
4.94
4.99
5.05
5.13
5.1
5.05
4.99
4.94
4.89
4.75
4.73
4.72
4.61
4.58
4.58
4.56
4.57
4.54
4.39
4.3
4.22
4.09
3.96
3.83
3.73
3.67
3.56
3.45
3.34
3.38
3.39
3.34
3.32
3.22
3.24
3.26
3.21
3.17
3.15
3.15
3.14
3.14
3.14
3.12
3.12
3.13
3.16
3.17
3.15
3.17
3.18
3.2
3.22
3.23
3.22
3.22
3.22
3.21
3.2
3.19
3.19
3.18
3.14
3.13
3.15
3.15
3.18
3.18
3.21
3.24
3.27
3.32
3.32
3.26
3.24
3.26
3.25
3.21
3.25
3.28
3.33
3.37
3.43
3.45
3.42
3.43
3.5
3.51
3.56
3.54
3.58
3.63
3.64
3.6
3.61
3.61
3.66
3.71
3.7
3.67
3.64
3.68
3.71
3.76
3.77
3.8
3.78
3.87
3.72
3.78
3.73
3.61
3.64
3.61
3.77
3.82
3.74
3.9
3.8
3.91
3.79
3.74
3.88
3.81
3.79
3.8
3.75
3.78
3.85
3.86
3.83
3.79
3.84
3.8
3.75
3.82
3.87
3.92
3.9
3.89
3.84
3.84
3.85
3.9
3.9
3.91
3.89
3.9
3.89
3.9
3.91
3.91
3.97
3.98
4.0
3.98
3.97
3.97
3.92
3.9
3.96
4.02
4.04
4.11
4.14
4.14
4.21
4.34
4.48
4.61
4.7
4.76
4.82
4.82
4.86
4.91
4.95
4.99
4.95
4.97
4.99
5.0
5.03
5.05
5.08
5.09
5.11
5.11
5.11
5.12
5.12
5.11
5.11
5.13
5.14
5.14
5.17
5.18
5.2
5.2
5.2
5.21
5.23
5.24
5.27
5.29
5.33
5.36
5.37
5.4
5.41
5.41
5.41
5.42
5.44
5.46
5.5
5.52
5.54
5.57
5.6
5.61
5.65
5.67
5.69
5.69
5.7
5.72
5.74
5.74
5.75
5.75
5.75
5.75
5.75
5.73
5.71
5.71
5.68
5.68
5.68
5.69
5.69
5.68
5.7
5.68
5.68
5.67
5.67
5.68
5.7
5.69
5.68
5.67
5.68
5.71
5.73
5.73
5.74
5.74
5.72
5.7
5.67
5.65
5.65
5.61
5.59
5.58
5.57
5.57
5.57
5.57
5.57
5.57
5.57
5.59
5.61
5.63
5.63
5.63
5.62
5.6
5.6
5.58
5.6
5.63
5.61
5.59
5.56
5.56
5.57
5.57
5.57
5.57
5.57
5.57
5.56
5.57
5.57
5.61
5.57
5.55
5.56
5.57
5.55
5.53
5.51
5.51
5.5
5.49
5.52
5.5
5.52
5.51
5.5
5.52
5.55
5.55
5.53
5.53
5.51
5.53
5.55
5.55
5.55
5.55
5.54
5.54
5.55
5.55
5.53
5.55
5.55
5.55
5.58
5.6
5.62
5.62
5.58
5.61
5.64
5.67
5.67
5.64
5.62
5.61
5.59
5.54
5.5
5.48
5.47
5.45
5.44
5.46
5.49
5.49
5.49
5.49
5.48
5.45
5.48
5.47
5.44
5.41
5.42
5.42
5.37
5.38
5.28
5.2
5.19
5.18
5.13
5.17
5.21
5.15
5.08
5.14
5.12
5.14
5.2
5.24
5.21
5.1
5.09
5.12
5.13
5.11
5.12
5.15
5.19
5.18
5.18
5.21
5.24
5.26
5.29
5.28
5.28
5.29
5.33
5.29
5.38
5.41
5.27
5.2
5.13
5.1
5.12
5.23
5.2
5.17
5.17
5.24
5.26
5.24
5.17
5.19
5.16
5.2
5.18
5.16
5.11
5.14
5.12
5.13
5.17
5.2
5.22
5.22
5.24
5.26
5.3
5.27
5.24
5.25
5.25
5.25
5.25
5.24
5.22
5.21
5.23
5.21
5.19
5.16
5.17
5.18
5.16
5.12
5.11
5.1
5.08
5.06
5.04
5.02
4.99
5.02
5.05
5.08
5.09
5.09
5.13
5.13
5.14
5.17
5.18
5.15
5.13
5.13
5.12
5.14
5.1
5.07
5.11
5.11
5.12
5.15
5.19
5.18
5.18
5.18
5.17
5.18
5.18
5.18
5.22
5.23
5.19
5.19
5.18
5.13
5.08
5.11
5.13
5.1
5.08
5.07
5.07
5.07
5.04
5.14
5.28
5.26
5.25
5.2
5.17
5.26
5.3
5.31
5.29
5.13
4.99
4.99
4.84
4.85
5.01
5.08
5.04
4.92
4.97
4.81
4.8
4.8
4.85
5.02
4.81
4.82
4.77
4.83
4.91
4.91
4.96
4.96
4.78
4.81
4.8
4.87
4.88
4.76
4.77
4.78
4.8
4.99
4.91
4.8
4.86
4.96
5.05
4.97
4.94
5.0
5.08
5.21
5.25
5.31
5.3
5.22
5.31
5.26
5.35
5.22
5.1
5.19
5.17
5.14
5.13
5.21
5.28
5.38
5.44
5.53
5.62
5.7
5.67
5.67
5.65
5.58
5.56
5.56
5.61
5.7
5.57
5.57
5.58
5.56
5.51
5.49
5.45
5.51
5.75
5.86
5.87
5.85
5.88
5.98
5.97
5.93
5.81
5.79
5.77
5.68
5.45
5.39
5.35
5.49
5.55
5.49
5.46
5.39
5.39
5.36
5.3
5.31
5.28
5.3
5.26
5.16
5.1
5.05
5.03
5.0
4.97
4.96
4.97
5.0
5.05
4.97
4.94
4.92
4.92
4.89
4.88
4.89
4.94
4.93
4.99
5.03
5.02
5.04
5.09
5.1
5.23
5.36
5.54
5.71
5.55
5.39
5.42
5.48
5.55
5.66
5.83
5.9
5.89
5.96
6.03
6.14
6.2
6.13
6.23
6.34
6.33
6.02
5.32
4.23
4.29
4.66
4.86
4.84
4.96
5.0
4.91
4.92
4.97
5.05
5.17
5.08
5.03
5.19
5.22
5.2
5.28
5.27
5.24
5.16
5.25
5.28
5.38
5.35
5.43
5.52
5.93
6.39
6.51
6.75
6.76
6.84
6.76
6.7
6.79
6.94
6.97
7.04
7.16
7.31
7.24
7.25
7.05
7.21
7.28
7.38
7.46
7.4
7.36
7.43
7.5
7.52
7.54
7.53
7.42
7.41
7.38
7.31
7.29
7.32
7.26
7.21
7.26
7.3
7.3
7.35
7.33
7.29
7.3
7.31
7.27
7.23
7.19
7.16
7.13
7.08
7.0
6.92
6.91
6.93
6.92
6.9
6.82
6.78
6.77
6.81
6.67
6.84
6.91
6.88
6.92
6.91
6.9
6.95
6.96
6.93
6.94
6.93
6.9
6.87
6.82
6.77
6.73
6.73
6.72
6.72
6.76
6.69
6.66
6.63
6.63
6.65
6.68
6.68
6.69
6.69
6.67
6.7
6.67
6.66
6.65
6.65
6.63
6.61
6.6
6.61
6.61
6.63
6.61
6.63
6.63
6.63
6.64
6.65
6.63
6.61
6.58
6.61
6.58
6.59
6.58
6.58
6.54
6.47
6.44
6.41
6.37
6.36
6.35
6.35
6.35
6.32
6.31
6.27
6.29
6.29
6.34
6.29
6.23
6.2
6.19
6.17
6.13
6.13
6.09
6.05
6.02
6.01
6.02
6.04
6.03
6.02
6.04
6.01
6.03
6.03
6.04
6.09
6.15
6.19
6.21
6.17
6.14
6.13
6.16
6.19
6.17
6.19
6.12
6.08
6.11
6.1
6.06
6.05
6.01
6.02
6.03
6.02
5.99
5.99
6.02
6.01
6.0
6.01
6.01
6.01
5.99
6.03
6.04
6.06
6.05
6.05
6.04
6.04
6.04
6.04
6.03
5.92
5.89
5.88
5.91
5.92
5.93
5.93
5.95
5.98
6.02
5.99
6.0
6.02
6.03
6.02
6.02
6.04
6.05
6.02
6.0
6.01
6.03
6.02
