3.62
3.56
3.54
3.58
3.62
3.61
3.61
3.56
3.54
3.55
3.58
3.57
3.53
3.51
3.53
3.55
3.55
3.53
3.49
3.47
3.44
3.44
3.44
3.45
3.44
3.44
3.44
3.44
3.45
3.46
3.48
3.49
3.48
3.47
3.46
3.44
3.44
3.43
3.42
3.41
3.4
3.4
3.41
3.4
3.39
3.39
3.38
3.39
3.38
3.4
3.43
3.46
3.48
3.53
3.55
3.58
3.55
3.53
3.56
3.6
3.65
3.7
3.73
3.74
3.78
3.82
3.83
3.84
3.87
3.84
3.85
3.87
3.88
3.9
3.91
3.93
3.95
3.95
3.96
3.95
3.95
3.98
4.01
4.01
4.01
4.03
4.06
4.1
4.14
4.16
4.19
4.21
4.24
4.28
4.31
4.3
4.31
4.33
4.35
4.34
4.31
4.29
4.27
4.27
4.29
4.38
4.44
4.46
4.46
4.4
4.38
4.35
4.26
4.21
4.23
4.15
4.24
4.16
4.04
3.93
3.81
3.84
3.87
3.9
3.91
3.92
3.94
3.99
3.95
3.93
3.84
3.78
3.74
3.71
3.7
3.7
3.69
3.67
3.65
3.64
3.64
3.62
3.6
3.6
3.6
3.6
3.59
3.58
3.56
3.52
3.46
3.44
3.44
3.44
3.44
3.44
3.44
3.44
3.42
3.38
3.37
3.38
3.4
3.37
3.36
3.38
3.41
3.39
3.39
3.39
3.4
3.4
3.44
3.43
3.44
3.42
3.43
3.43
3.41
3.4
3.4
3.38
3.35
3.41
3.45
3.42
3.38
3.38
3.37
3.39
3.4
3.4
3.39
3.39
3.41
3.44
3.47
3.46
3.48
3.52
3.54
3.55
3.55
3.58
3.63
3.65
3.68
3.69
3.68
3.69
3.68
3.68
3.68
3.69
3.69
3.68
3.67
3.67
3.66
3.65
3.65
3.62
3.61
3.6
3.59
3.59
3.6
3.6
3.6
3.58
3.58
3.58
3.58
3.61
3.59
3.58
3.57
3.54
3.52
3.53
3.52
3.52
3.49
3.47
3.44
3.42
3.37
3.37
3.33
3.34
3.34
3.33
3.32
3.33
3.35
3.36
3.36
3.36
3.37
3.36
3.37
3.38
3.39
3.38
3.39
3.42
3.45
3.48
3.54
3.58
3.59
3.62
3.64
3.66
3.69
3.71
3.71
3.74
3.75
3.78
3.81
3.82
3.85
3.87
3.87
3.86
3.86
3.85
3.85
3.84
3.83
3.84
3.85
3.84
3.85
3.84
3.84
3.83
3.87
3.9
3.99
4.06
4.09
4.11
4.11
4.11
4.12
4.14
4.17
4.19
4.2
4.26
4.3
4.34
4.4
4.42
4.43
4.44
4.46
4.48
4.55
4.62
4.63
4.62
4.62
4.63
4.64
4.65
4.7
4.76
4.8
4.85
4.92
4.97
5.01
5.03
5.07
5.1
5.13
5.15
5.15
5.21
5.28
5.3
5.3
5.29
5.29
5.28
5.3
5.33
5.36
5.39
5.43
5.47
5.5
5.54
5.52
5.34
5.19
5.16
5.17
5.18
5.15
5.09
5.0
5.01
5.08
5.2
5.21
5.2
5.11
4.94
4.8
4.8
4.53
4.34
4.26
4.09
3.98
3.99
4.0
4.05
4.02
4.09
4.13
4.04
3.9
3.84
3.85
3.92
4.02
4.09
4.18
4.21
4.2
4.08
4.05
4.11
4.18
4.21
4.05
3.92
3.83
3.74
3.64
3.53
3.52
3.54
3.55
3.54
3.52
3.53
3.54
3.56
3.53
3.47
3.43
3.4
3.37
3.35
3.33
3.32
3.34
3.37
3.4
3.43
3.43
3.43
3.41
3.39
3.37
3.34
3.31
3.29
3.28
3.29
3.31
3.31
3.3
3.3
3.29
3.29
3.3
3.29
3.28
3.28
3.28
3.26
3.25
3.24
3.23
3.22
3.21
3.22
3.2
3.2
3.18
3.19
3.17
3.18
3.16
3.15
3.16
3.16
3.16
3.18
3.2
3.23
3.22
3.22
3.22
3.23
3.24
3.26
3.28
3.3
3.32
3.34
3.35
3.37
3.38
3.38
3.39
3.4
3.39
3.41
3.43
3.53
3.64
3.67
3.68
3.66
3.63
3.61
3.6
3.57
3.54
3.49
3.47
3.44
3.41
3.41
3.39
3.37
3.35
3.34
3.33
3.34
3.36
3.37
3.39
3.4
3.4
3.4
3.42
3.46
3.46
3.48
3.46
3.42
3.42
3.37
3.35
3.26
3.21
3.15
3.11
3.07
3.03
3.07
3.11
3.15
3.16
3.11
3.07
3.08
3.09
3.09
3.04
3.05
3.01
3.06
3.08
3.07
3.09
3.1
3.09
3.08
3.07
3.09
3.12
3.15
3.17
3.17
3.12
3.05
3.02
3.01
3.0
3.0
3.01
3.02
3.02
3.03
3.03
3.03
3.0
3.0
3.01
3.01
2.99
2.98
2.97
2.96
2.96
2.95
2.94
2.93
2.92
2.91
2.91
2.9
2.9
2.9
2.9
2.91
2.91
2.91
2.9
2.89
2.89
2.88
2.88
2.88
2.87
2.84
2.83
2.85
2.84
2.83
2.82
2.82
2.8
2.79
2.79
2.8
2.8
2.81
2.8
2.79
2.77
2.77
2.78
2.77
2.77
2.78
2.78
2.75
2.75
2.75
2.75
2.74
2.73
2.73
2.76
2.74
2.74
2.73
2.75
2.74
2.72
2.71
2.72
2.69
2.68
2.69
2.71
2.71
2.68
2.67
2.66
2.66
2.68
2.68
2.66
2.66
2.68
2.67
2.68
2.7
2.71
2.69
2.7
2.72
2.73
2.73
2.72
2.72
2.75
2.77
2.77
2.81
2.86
2.9
2.96
2.97
2.96
3.02
3.04
3.07
3.1
3.09
3.13
3.13
3.15
3.18
3.13
3.15
3.11
3.12
3.08
3.08
3.07
3.07
3.08
3.1
3.13
3.15
3.16
3.16
3.16
3.15
3.13
3.13
3.11
3.1
3.09
3.08
3.06
3.05
3.05
3.03
3.03
3.03
3.02
3.02
3.01
2.99
2.97
2.96
2.95
2.97
2.98
2.98
2.99
2.98
2.95
2.94
2.97
2.97
2.96
2.95
2.95
2.96
2.97
2.96
2.96
2.95
2.96
2.95
2.94
2.92
2.89
2.88
2.87
2.87
2.86
2.87
2.88
2.93
2.99
3.03
3.15
3.21
3.29
3.39
3.37
3.45
3.57
3.55
3.62
3.72
3.86
3.95
4.01
4.06
4.1
4.13
4.13
4.13
4.14
4.15
4.17
4.2
4.21
4.22
4.19
4.14
4.09
4.05
4.18
4.17
4.07
4.03
4.1
4.16
4.12
4.19
4.31
4.34
4.34
4.33
4.36
4.37
4.37
4.37
4.36
4.35
4.34
4.33
4.31
4.34
4.32
4.34
4.34
4.34
4.33
4.31
4.3
4.29
4.29
4.29
4.29
4.28
4.28
4.28
4.29
4.3
4.32
4.32
4.34
4.36
4.38
4.43
4.46
4.46
4.5
4.56
4.61
4.61
4.65
4.68
4.7
4.67
4.66
4.69
4.7
4.7
4.71
4.71
4.72
4.72
4.71
4.72
4.75
4.77
4.79
4.8
4.79
4.8
4.8
4.78
4.78
4.77
4.75
4.76
4.78
4.8
4.8
4.77
4.76
4.76
4.78
4.77
4.76
4.74
4.71
4.66
4.54
4.45
4.36
4.23
4.14
4.08
4.06
4.03
3.91
3.81
3.77
3.74
3.7
3.63
3.57
3.54
3.5
3.48
3.46
3.45
3.45
3.45
3.44
3.47
3.51
3.54
3.55
3.55
3.6
3.62
3.58
3.63
3.65
3.7
3.69
3.71
3.71
3.71
3.68
3.58
3.57
3.59
3.62
3.69
3.74
3.75
3.73
3.71
3.7
3.67
3.64
3.63
3.6
3.59
3.58
3.59
3.61
3.61
3.61
3.6
3.6
3.59
3.57
3.55
3.55
3.55
3.56
3.57
3.58
3.57
3.56
3.54
3.52
3.47
3.46
3.43
3.4
3.35
3.34
3.32
3.28
3.21
3.18
3.14
3.1
3.04
3.0
3.01
3.21
3.35
3.45
3.58
3.67
3.71
3.73
3.79
3.82
3.83
3.8
3.79
3.74
3.72
3.7
3.72
3.75
3.77
3.77
3.73
3.75
3.74
3.75
3.77
3.8
3.83
3.85
3.87
3.91
3.94
3.99
4.04
4.1
4.18
4.23
4.33
4.36
4.38
4.42
4.46
4.5
4.55
4.59
4.65
4.7
4.74
4.75
4.78
4.81
4.85
4.87
4.9
4.96
4.99
5.06
5.08
5.12
5.19
5.3
5.4
5.41
5.4
5.4
5.41
5.46
5.42
5.35
5.27
5.29
5.2
5.12
5.06
5.06
5.07
5.09
5.05
4.96
4.92
4.93
4.95
4.94
4.91
4.94
4.86
4.74
4.67
4.63
4.6
4.56
4.55
4.54
4.51
4.51
4.51
4.49
4.48
4.47
4.45
4.45
4.46
4.47
4.47
4.44
4.45
4.46
4.46
4.46
4.46
4.45
4.46
4.44
4.42
4.39
4.38
4.36
4.33
4.31
4.3
4.29
4.28
4.27
4.26
4.25
4.23
4.22
4.2
4.2
4.18
4.23
4.3
4.34
4.35
4.37
4.4
4.41
4.41
4.43
4.44
4.49
4.53
4.58
4.59
4.61
4.6
4.62
4.62
4.63
4.64
4.69
4.83
4.88
4.88
4.89
4.9
4.98
4.99
5.0
5.04
5.07
5.1
5.08
5.09
5.02
4.97
4.94
4.97
4.97
5.01
5.07
5.11
5.12
5.18
5.17
5.25
5.26
5.2
5.13
5.05
5.01
5.05
5.12
5.06
5.05
5.08
5.09
4.72
4.51
4.41
4.4
4.37
4.38
4.32
4.28
4.24
4.2
4.19
4.21
4.2
4.16
4.12
4.09
4.09
4.08
4.08
4.09
4.1
4.13
4.17
4.19
4.23
4.26
4.27
4.37
4.22
4.11
4.08
4.08
4.03
4.0
3.97
3.97
3.97
3.94
3.94
3.94
3.92
3.89
3.86
3.82
3.8
3.76
3.75
3.73
3.73
3.77
3.83
3.87
3.87
3.84
3.8
3.75
3.71
3.67
3.64
3.63
3.63
3.65
3.66
3.66
3.65
3.64
3.63
3.62
3.6
