7.37
7.3
7.21
7.2
7.19
7.18
7.19
7.18
7.2
7.06
7.02
7.0
6.9
6.81
6.83
6.68
6.47
6.18
6.01
5.97
6.0
6.06
5.94
5.67
5.47
5.46
5.47
5.47
5.45
5.46
5.52
5.55
5.6
5.63
5.63
5.59
5.64
5.68
5.72
5.75
5.71
5.71
5.78
5.68
5.6
5.47
5.51
5.51
5.42
5.54
5.51
5.51
5.4
5.34
5.36
5.18
5.14
5.16
4.95
5.0
4.97
4.89
4.9
4.98
5.0
4.77
4.71
4.73
4.76
4.9
4.86
4.63
4.7
4.76
4.94
4.99
4.84
4.84
4.95
4.96
4.93
4.94
5.0
4.9
4.96
4.95
5.18
5.13
4.9
4.98
5.03
5.05
5.16
5.01
5.03
5.08
5.02
4.86
4.85
4.67
4.72
4.8
5.02
5.19
5.18
5.17
5.16
5.17
5.38
5.67
5.65
5.76
5.75
5.68
5.64
5.81
5.78
5.58
5.43
5.36
5.37
5.4
5.39
5.35
5.36
5.35
5.35
5.41
5.4
5.41
5.41
5.44
5.45
5.46
5.51
5.52
5.54
5.58
5.64
5.66
5.68
5.59
5.59
5.56
5.52
5.49
5.43
5.31
5.24
5.19
5.22
5.2
5.15
5.14
5.14
5.15
5.1
5.09
5.08
5.07
5.07
5.11
5.14
5.15
5.13
5.14
5.18
5.19
5.29
5.31
5.43
5.53
5.53
5.48
5.53
5.65
5.73
5.73
5.79
5.79
5.8
5.82
5.9
5.93
6.0
6.07
6.06
6.13
6.12
6.3
6.35
6.43
6.44
6.38
6.41
6.45
6.46
6.54
6.6
6.78
6.98
6.91
6.92
7.0
7.07
7.21
7.31
7.21
7.21
7.12
7.17
7.28
7.32
7.33
7.22
7.11
7.0
6.91
7.08
7.13
6.94
6.93
7.02
6.84
6.68
6.81
6.89
7.02
7.27
7.6
7.81
7.92
8.02
8.22
8.14
7.36
6.81
6.76
6.98
7.41
7.52
7.59
7.78
7.75
7.61
7.53
7.52
7.32
7.0
6.87
6.22
6.0
6.08
5.85
5.67
5.59
5.43
5.23
5.12
5.1
5.08
4.98
4.89
4.66
4.56
4.52
4.44
4.32
4.3
4.26
4.21
4.18
4.12
3.98
3.89
3.82
3.78
3.73
3.73
3.72
3.73
3.76
3.8
3.84
3.84
3.84
3.85
3.87
3.89
3.91
3.95
3.91
3.88
3.88
3.89
3.89
3.94
3.97
4.04
4.09
4.14
4.2
4.22
4.23
4.25
4.28
4.29
4.35
4.39
4.41
4.43
4.45
4.49
4.53
4.58
4.61
4.62
4.65
4.68
4.73
4.87
4.9
4.96
5.01
5.01
5.01
5.03
5.08
5.15
5.19
5.3
5.35
5.36
5.38
5.38
5.49
5.49
5.59
5.51
5.48
5.46
5.34
5.24
5.33
5.35
5.33
5.37
5.38
5.48
5.66
5.59
5.6
5.53
5.56
5.49
5.42
5.44
5.56
5.24
5.22
5.07
5.11
4.96
5.31
5.01
5.0
5.04
4.99
4.99
5.12
5.01
5.24
5.31
5.23
5.12
4.88
4.88
4.98
4.98
4.81
4.89
5.09
5.09
5.04
5.02
5.07
5.05
5.08
4.99
4.82
4.75
4.82
4.84
4.85
4.89
4.95
5.04
5.07
5.04
5.08
5.15
5.2
5.21
5.15
5.12
5.09
5.05
5.02
5.03
5.05
5.07
5.06
5.07
5.09
5.12
5.14
5.15
5.16
5.16
5.18
5.22
5.25
5.28
5.31
5.35
5.39
5.41
5.46
5.49
5.51
5.54
5.56
5.58
5.58
5.58
5.55
5.53
5.51
5.52
5.52
5.53
5.5
5.45
5.47
5.44
5.43
5.41
5.43
5.46
5.48
5.51
5.53
5.55
5.53
5.56
5.58
5.6
5.64
5.67
5.7
5.75
5.76
5.77
5.82
5.86
5.88
5.89
5.89
5.87
5.9
5.92
5.9
5.93
5.95
5.98
6.01
6.06
6.09
6.13
6.17
6.17
6.23
6.31
6.28
6.38
6.38
6.43
6.55
6.6
6.57
6.57
6.62
6.7
6.71
6.78
6.93
6.8
6.69
6.84
6.83
6.9
7.04
6.96
6.92
7.0
6.97
6.9
6.93
6.99
6.9
6.89
6.78
6.78
6.84
6.81
6.91
6.96
6.96
7.06
7.13
7.23
7.32
7.35
7.31
7.36
7.39
7.47
7.55
7.61
7.67
7.69
7.71
7.78
7.74
7.72
7.66
7.62
7.63
7.66
7.62
7.67
7.74
7.79
7.88
7.89
7.86
7.89
7.86
7.86
7.86
7.9
7.92
7.9
7.92
7.95
8.0
7.98
8.0
8.09
8.09
8.09
8.13
8.07
8.03
8.03
8.05
8.12
8.16
8.21
8.21
8.2
8.22
8.27
8.29
8.31
8.34
8.36
8.34
8.36
8.32
8.34
8.3
8.28
8.25
8.16
8.12
7.98
7.92
7.87
7.81
7.71
7.62
7.48
7.53
7.54
7.53
7.46
7.4
7.4
7.36
7.27
7.23
7.21
7.19
7.22
7.21
7.23
7.24
7.16
7.1
7.08
7.12
7.19
7.19
7.26
7.3
7.35
7.2
7.27
7.24
7.3
7.3
7.28
7.21
7.25
7.31
6.85
7.13
7.07
7.08
7.16
7.04
6.99
7.12
7.14
7.11
7.1
7.09
7.22
7.31
7.19
7.38
7.3
7.28
7.28
7.29
7.24
7.38
7.42
7.46
7.31
7.48
7.68
7.43
7.53
7.46
7.53
7.67
7.75
7.7
7.63
7.71
7.71
7.72
7.71
7.61
7.66
7.82
7.83
7.83
7.87
7.96
8.06
8.17
8.3
8.29
8.25
8.14
8.23
8.29
8.36
8.39
8.47
8.55
8.63
8.65
8.7
8.7
8.75
8.79
8.9
9.1
9.2
9.27
9.26
9.35
9.44
9.3
9.11
8.99
8.76
8.52
8.39
8.27
8.25
8.29
8.35
8.4
8.42
8.4
8.4
8.36
8.33
8.29
8.22
8.19
8.16
8.13
8.07
8.09
8.06
8.11
8.14
8.15
8.11
8.1
8.13
8.12
8.09
8.09
8.1
8.03
8.02
7.99
8.0
8.01
8.01
8.05
8.05
8.05
8.02
8.03
8.01
7.97
8.01
7.99
8.02
8.02
7.98
8.0
8.01
8.06
8.08
8.07
8.14
8.24
8.26
8.29
8.32
8.32
8.35
8.36
8.38
8.37
8.37
8.41
8.39
8.43
8.53
8.64
8.66
8.6
8.56
8.62
8.61
8.65
8.45
8.32
8.43
8.36
8.51
8.36
8.51
8.4
8.3
8.21
8.17
8.22
8.15
8.23
8.04
8.06
8.17
8.2
8.45
8.12
7.9
7.92
7.95
7.97
8.17
7.9
8.06
8.03
7.61
7.85
7.93
7.68
7.56
7.22
7.32
7.52
7.75
7.36
7.5
7.49
7.45
7.02
7.08
7.16
7.26
7.22
7.13
7.2
7.19
7.3
7.35
7.47
7.62
7.69
7.75
7.92
8.04
8.09
8.18
8.2
8.12
8.21
8.21
8.17
8.16
8.16
8.19
8.24
8.29
8.33
8.31
8.27
8.3
8.31
8.33
8.46
8.48
8.52
8.55
8.64
8.58
8.58
8.63
8.64
8.63
8.64
8.47
8.56
8.67
8.62
8.54
8.57
8.55
8.5
8.47
8.5
8.41
8.39
8.33
8.27
8.15
8.22
8.27
8.08
8.11
8.12
8.24
8.29
8.21
8.2
8.16
8.16
8.06
7.95
7.98
8.05
8.07
8.31
8.36
8.37
8.52
8.62
8.6
8.49
8.51
8.52
8.79
8.53
8.45
8.32
8.17
8.15
8.22
8.09
8.04
7.99
8.12
8.21
8.13
8.02
8.32
8.52
8.64
8.59
8.51
8.75
8.59
8.71
9.14
8.88
8.95
8.66
8.8
8.85
8.3
8.05
8.12
7.87
7.87
7.68
8.01
7.86
7.89
7.79
7.91
8.09
7.99
8.11
7.84
7.85
7.96
7.86
8.05
8.01
7.85
8.09
7.81
7.9
7.84
7.88
7.83
7.71
7.5
7.49
7.58
7.58
7.34
6.95
7.0
7.39
7.72
7.71
7.45
7.26
7.23
7.26
7.25
7.25
7.17
7.13
7.15
7.21
7.28
7.33
7.37
7.31
7.09
6.93
6.82
6.78
6.67
6.57
6.54
6.44
6.3
6.25
6.1
5.92
5.82
5.72
5.65
5.5
5.32
5.08
5.08
5.16
5.17
5.09
4.85
4.56
4.28
4.2
4.48
4.82
4.95
4.85
4.59
4.41
4.36
4.39
4.3
4.21
4.24
4.33
4.42
4.49
4.55
4.64
4.59
4.5
4.43
4.44
4.41
4.39
4.37
4.35
4.4
4.47
4.5
4.59
4.64
4.69
4.76
4.82
4.88
4.93
4.98
5.01
5.04
5.01
5.04
5.04
5.08
5.07
5.06
5.1
5.03
4.87
4.87
4.94
4.94
4.79
4.76
4.89
4.86
4.8
4.78
4.76
4.75
4.77
4.75
4.73
4.83
4.79
4.87
4.68
4.65
4.74
4.79
4.85
4.83
4.8
4.76
4.91
4.97
4.83
4.78
4.95
5.03
4.81
4.78
4.97
4.95
4.88
4.94
4.93
5.04
5.09
5.03
5.11
4.98
5.05
5.08
5.08
5.12
5.25
5.24
5.16
5.1
5.08
5.03
5.04
5.01
5.11
5.15
5.15
5.14
5.05
4.98
5.09
5.2
5.2
5.15
5.16
5.19
5.21
5.19
5.17
5.17
5.17
5.14
5.12
5.12
5.11
5.11
5.09
5.07
5.06
5.07
5.09
5.12
5.16
5.18
5.19
5.18
5.18
5.14
5.08
5.08
5.01
4.98
4.94
4.82
4.73
4.66
4.45
4.4
4.53
4.6
4.56
4.55
4.59
4.55
4.49
4.47
4.46
4.46
4.44
4.42
4.4
4.41
4.42
4.44
4.44
4.42
4.37
4.36
4.35
4.34
4.33
4.32
4.32
4.35
4.37
4.41
4.46
4.52
4.56
4.57
4.59
4.64
4.61
4.6
4.6
4.59
4.58
4.6
4.49
4.58
4.51
4.5
4.54
4.56
4.51
