5.62
5.66
5.66
5.74
5.79
5.82
5.87
5.89
5.91
5.94
5.94
5.92
5.96
5.99
6.01
6.02
6.04
6.05
6.0
6.0
6.09
6.04
6.07
6.12
6.15
6.13
6.14
6.14
6.15
6.19
6.2
6.2
6.21
6.21
6.23
6.26
6.28
6.31
6.31
6.35
6.35
6.37
6.38
6.33
6.34
6.35
6.38
6.37
6.35
6.33
6.34
6.38
6.4
6.39
6.4
6.43
6.47
6.51
6.57
6.65
6.69
6.74
6.8
6.86
6.89
6.92
6.97
7.0
7.07
7.18
7.26
7.4
7.48
7.57
7.66
7.7
7.76
7.85
7.9
7.92
7.97
8.06
8.16
8.23
8.27
8.36
8.4
8.45
8.61
8.69
8.75
8.77
8.83
8.9
8.94
8.96
8.99
9.07
9.13
9.17
9.12
9.19
9.3
9.39
9.46
9.5
9.54
9.61
9.7
9.84
9.77
9.63
9.51
9.49
9.4
9.36
9.35
9.45
9.54
9.46
9.45
9.49
9.53
9.53
9.44
9.37
9.35
9.39
9.65
10.14
10.36
10.49
10.52
10.55
10.47
10.4
10.2
9.64
8.97
8.61
8.3
7.98
7.85
7.78
7.78
7.67
7.62
7.61
7.57
7.59
7.65
7.7
7.62
7.58
7.53
7.41
7.32
7.29
7.24
7.18
7.13
7.09
7.05
6.98
6.94
6.88
6.84
6.79
6.79
6.75
6.73
6.69
6.67
6.64
6.6
6.58
6.54
6.51
6.48
6.46
6.44
6.45
6.46
6.49
6.52
6.58
6.62
6.57
6.54
6.51
6.51
6.56
6.62
6.73
6.74
6.67
6.65
6.68
6.74
6.78
6.83
6.91
6.95
7.01
6.99
7.03
7.11
7.16
7.29
7.31
7.24
7.21
7.27
7.36
7.45
7.44
7.41
7.45
7.51
7.53
7.53
7.55
7.56
7.62
7.66
7.65
7.65
7.67
7.74
7.77
7.83
7.88
7.81
7.79
7.83
7.79
7.85
7.77
7.69
7.63
7.7
7.73
7.67
7.71
7.85
7.89
7.84
7.9
8.01
7.99
8.04
8.04
8.17
8.02
7.93
7.95
7.94
8.05
8.7
8.82
8.8
8.73
8.72
8.78
8.85
8.79
8.7
8.67
8.6
8.56
8.62
8.67
8.57
8.59
8.63
8.68
8.63
8.5
8.48
8.44
8.42
8.31
8.31
8.39
8.49
8.38
8.31
8.26
8.2
8.24
8.12
8.15
8.07
8.11
8.15
8.18
8.13
8.15
8.15
8.1
8.07
8.08
8.08
8.09
8.08
8.08
8.06
8.06
8.04
7.98
7.94
7.96
7.95
7.98
7.99
7.96
7.93
7.91
7.92
7.92
7.94
7.99
7.99
7.98
7.95
7.97
7.97
7.93
7.92
7.87
7.86
7.82
7.8
7.81
7.83
7.8
7.78
7.72
7.66
7.59
7.66
7.72
7.77
7.67
7.62
7.68
7.69
7.63
7.66
7.71
7.68
7.71
7.78
7.72
7.72
7.68
7.71
7.87
7.98
7.92
8.05
8.22
8.19
8.18
8.3
8.36
8.49
8.43
8.54
8.67
8.82
8.95
9.18
9.22
9.38
9.45
9.54
9.56
9.64
9.61
9.3
9.25
9.18
9.05
8.97
9.03
8.99
8.79
8.76
8.65
8.76
8.82
8.88
8.61
8.5
8.46
8.49
8.43
8.35
8.17
8.08
8.04
8.0
8.08
8.07
8.11
8.24
8.35
8.42
8.53
8.35
8.33
8.35
8.34
8.36
8.34
8.08
8.24
8.15
8.13
8.15
8.21
8.15
8.06
7.99
7.93
8.0
7.94
7.86
7.82
7.98
7.84
7.74
7.71
7.69
7.87
7.89
7.91
8.0
8.04
8.05
8.12
8.1
8.14
8.15
8.14
8.2
8.24
8.2
8.17
8.22
8.28
8.34
8.37
8.38
8.4
8.44
8.43
8.39
8.24
8.19
8.24
8.25
8.27
8.28
8.3
8.28
8.18
8.1
8.1
8.15
8.01
7.69
7.59
7.54
7.51
7.52
7.54
7.57
7.57
7.56
7.52
7.59
7.54
7.49
7.51
7.51
7.54
7.52
7.56
7.63
7.66
7.7
7.73
7.77
7.84
7.85
7.79
7.83
7.73
7.75
7.75
7.75
7.7
7.69
7.7
7.73
7.6
7.63
7.58
7.53
7.46
7.41
7.48
7.41
7.33
7.27
7.3
7.23
7.06
7.07
7.0
6.97
7.02
7.11
7.11
7.2
7.32
7.55
7.57
7.56
7.46
7.47
7.41
7.47
7.42
7.44
7.45
7.38
7.43
7.46
7.38
7.3
7.34
7.33
7.33
7.42
7.45
7.44
7.38
7.42
7.42
7.41
7.46
7.37
7.32
7.31
7.29
7.26
7.28
7.25
7.37
7.4
7.09
6.89
6.87
6.89
6.84
6.8
7.0
6.95
6.86
6.83
6.8
6.78
6.72
6.7
6.7
6.68
6.69
6.69
6.72
6.73
6.73
6.74
6.75
6.77
6.81
6.83
6.87
6.91
6.94
6.98
7.02
7.04
7.07
7.09
7.12
7.15
7.18
7.2
7.18
7.15
7.14
7.11
7.09
7.08
7.07
7.05
7.06
7.05
7.05
7.06
7.08
7.1
7.07
7.1
7.11
7.1
7.1
7.08
7.08
7.09
7.09
7.09
7.09
7.08
7.08
7.09
7.08
7.07
7.07
7.06
7.04
7.01
7.08
7.08
7.03
7.06
7.09
7.04
7.06
7.04
6.98
7.01
6.9
6.83
6.82
6.76
6.62
6.61
6.51
6.47
6.45
6.48
6.28
6.17
6.16
6.23
6.11
6.03
6.02
5.99
6.28
6.31
6.2
6.24
6.15
6.24
6.3
6.26
5.97
5.96
6.07
6.19
6.23
6.11
6.16
6.23
6.18
6.09
6.03
6.21
6.13
5.98
6.01
6.02
6.06
6.11
6.12
6.23
6.28
6.28
6.34
6.41
6.56
6.58
6.63
6.64
6.63
6.56
6.51
6.48
6.46
6.45
6.45
6.42
6.39
6.39
6.39
6.39
6.38
6.38
6.38
6.38
6.4
6.36
6.37
6.35
6.34
6.38
6.37
6.35
6.33
6.37
6.42
6.34
6.36
6.39
6.41
6.39
6.38
6.37
6.34
6.21
6.23
6.23
6.31
6.31
6.25
6.18
6.18
6.22
6.2
6.18
6.15
6.11
6.08
5.99
6.04
6.05
6.05
5.99
5.93
5.9
5.89
5.84
5.79
5.83
5.75
5.79
5.81
5.79
5.78
5.82
5.81
5.75
5.71
5.7
5.72
5.66
5.64
5.65
5.61
5.68
5.67
5.62
5.59
5.63
5.68
5.69
5.82
5.9
5.99
6.09
6.0
6.03
6.13
6.24
6.26
6.38
6.47
6.64
6.82
6.98
7.07
7.21
7.36
7.3
7.43
7.56
7.41
7.22
7.35
7.27
7.26
7.17
7.07
7.04
6.99
7.07
7.01
6.99
7.05
6.97
6.9
6.91
6.92
6.8
6.72
6.6
6.47
6.18
6.24
5.99
6.25
6.1
5.98
5.96
6.04
6.16
6.26
6.4
6.44
6.46
6.57
6.72
6.81
6.78
6.74
6.64
6.57
6.52
6.3
6.14
6.05
6.0
5.99
6.0
6.03
6.11
6.18
6.2
6.21
6.22
6.19
6.07
6.01
5.99
6.0
6.02
5.98
5.95
5.92
5.94
5.99
6.0
5.98
5.97
5.96
5.97
5.97
5.95
5.91
5.92
5.93
5.89
5.89
5.92
5.91
5.87
5.78
5.83
5.82
5.9
5.76
5.68
5.75
5.76
5.72
5.79
5.77
5.72
5.67
5.69
5.56
5.59
5.58
5.52
5.51
5.49
5.48
5.42
5.42
5.39
5.39
5.4
5.27
5.25
5.24
5.2
5.18
5.17
5.19
5.21
5.17
5.17
5.16
5.12
5.13
5.0
5.03
5.13
5.22
5.07
5.03
5.12
5.39
5.41
5.3
5.46
5.52
5.4
5.48
5.62
5.59
5.62
5.82
5.86
5.93
6.05
6.07
6.05
6.08
5.98
5.79
5.76
5.81
5.81
5.72
5.57
5.4
5.21
5.26
5.13
5.0
4.95
4.89
4.83
4.88
4.98
4.97
4.85
4.68
4.69
4.73
4.72
4.98
5.01
5.1
5.17
5.31
5.16
5.2
5.14
5.15
5.15
5.15
5.1
5.05
5.18
5.21
5.22
5.22
5.21
5.17
5.17
5.15
5.15
5.17
5.22
5.18
5.22
5.31
5.32
5.5
5.62
5.48
5.36
5.36
5.43
5.62
5.54
5.38
5.33
5.26
5.25
5.27
5.26
5.23
5.2
5.31
5.26
5.21
5.19
5.27
5.43
5.49
5.47
5.4
5.39
5.4
5.29
5.27
5.36
5.36
5.24
5.18
5.32
5.35
5.34
5.36
5.37
5.4
5.27
5.23
5.27
5.24
5.25
5.27
5.19
5.23
5.32
5.29
5.18
5.23
5.27
5.29
5.2
5.22
5.2
5.19
5.2
5.2
5.19
5.19
5.2
5.2
5.23
5.2
5.12
5.14
5.18
5.21
5.23
5.05
5.07
5.14
5.25
5.35
5.44
5.28
5.3
5.34
5.43
5.47
5.54
5.61
5.63
5.62
5.65
5.72
5.78
5.83
5.9
5.98
6.13
6.13
6.2
6.3
6.46
6.49
6.61
6.61
6.62
6.6
6.64
6.38
6.1
6.12
6.2
6.27
6.31
6.38
6.36
6.35
6.25
6.29
6.27
6.4
6.42
6.54
6.57
6.49
6.62
6.56
6.54
6.61
6.63
6.63
6.55
6.66
6.71
6.71
6.63
6.59
6.69
6.63
6.66
6.75
6.8
6.75
6.73
6.72
6.69
6.74
6.75
6.77
6.82
6.85
6.85
6.87
6.88
6.91
6.92
6.91
6.91
6.93
6.94
6.97
7.02
7.01
6.97
6.98
6.98
6.98
7.0
6.94
6.91
6.9
6.9
6.84
6.8
6.8
6.83
6.91
6.9
6.86
6.85
6.85
6.88
6.86
6.83
6.79
6.79
6.81
6.76
6.76
6.74
6.69
6.65
6.62
6.59
6.57
6.53
6.47
6.42
6.4
6.41
6.4
6.33
6.33
6.36
6.34
6.31
6.28
6.21
6.21
6.25
6.26
