8.29
8.31
8.12
7.95
7.61
7.32
7.05
6.69
6.76
6.77
6.84
7.09
6.93
6.36
6.22
6.11
6.14
6.0
5.86
5.73
5.43
5.17
5.11
5.1
5.24
4.95
5.1
5.31
5.47
5.73
5.99
6.07
6.14
6.26
6.32
6.34
6.36
6.43
6.49
6.56
6.62
6.71
6.82
6.95
7.07
7.11
7.17
7.23
7.21
7.15
6.85
6.65
6.54
6.34
6.13
6.07
5.99
5.92
5.75
5.64
5.56
5.44
5.33
5.23
5.24
5.22
5.15
5.06
5.08
5.15
5.2
5.25
5.23
5.14
5.0
4.89
4.8
4.74
4.61
4.52
4.5
4.59
4.7
4.69
4.59
4.51
4.45
4.39
4.32
4.26
4.18
4.02
3.91
3.84
3.83
3.81
3.79
3.92
4.03
4.03
3.99
3.94
3.88
3.85
3.81
3.79
3.83
3.84
3.83
3.82
3.82
3.8
3.78
3.77
3.76
3.76
3.77
3.77
3.8
3.82
3.84
3.86
3.97
3.95
3.87
3.92
3.98
4.04
4.05
4.02
4.01
4.08
4.08
4.07
4.12
4.17
4.11
4.05
4.06
4.09
4.15
4.11
4.14
4.13
4.15
4.11
4.1
4.04
4.04
4.03
4.09
4.22
4.2
4.25
4.39
4.4
4.43
4.47
4.5
4.49
4.45
4.55
4.59
4.66
4.74
4.82
4.9
4.99
5.04
5.12
5.2
5.27
5.34
5.32
5.31
5.42
5.5
5.51
5.48
5.48
5.51
5.49
5.53
5.59
5.59
5.59
5.54
5.51
5.5
5.49
5.48
5.46
5.46
5.47
5.49
5.51
5.54
5.57
5.6
5.65
5.71
5.75
5.8
5.85
5.89
5.93
5.95
5.97
5.96
5.93
5.95
5.92
5.88
5.77
5.58
5.51
5.36
5.2
5.08
5.03
4.9
4.8
4.8
4.72
4.66
4.7
4.7
4.7
4.73
4.75
4.83
4.88
4.83
4.62
4.45
4.34
4.32
4.27
4.28
4.31
4.37
4.46
4.48
4.45
4.38
4.36
4.4
4.37
4.33
4.29
4.26
4.22
4.24
4.22
4.19
4.17
4.18
4.23
4.28
4.3
4.34
4.35
4.39
4.4
4.4
4.43
4.45
4.4
4.33
4.3
4.26
4.27
4.24
4.25
4.24
4.23
4.27
4.26
4.22
4.27
4.28
4.33
4.32
4.3
4.24
4.31
4.31
4.35
4.42
4.41
4.4
4.38
4.44
4.47
4.39
4.39
4.47
4.49
4.44
4.44
4.3
4.36
4.31
4.54
4.2
4.31
4.23
4.19
4.2
4.2
4.16
4.24
4.31
4.24
4.31
4.18
4.15
4.25
4.08
4.03
3.95
3.88
4.06
4.08
4.11
4.16
4.18
4.21
4.25
4.23
4.21
4.1
4.03
4.05
4.07
4.07
4.07
4.07
4.07
4.07
4.06
4.06
4.06
4.05
4.04
4.05
4.03
4.01
3.98
3.96
3.96
3.96
4.07
4.15
4.14
4.03
3.96
3.99
3.96
3.93
3.91
3.91
3.97
4.02
3.98
3.97
3.96
3.98
3.97
3.94
3.9
3.96
3.95
3.98
3.88
3.86
3.88
3.87
3.89
3.89
3.87
3.86
3.84
3.8
3.82
3.85
3.85
3.84
3.81
3.72
3.74
3.75
3.79
3.8
3.74
3.72
3.66
3.68
3.71
3.75
3.71
3.71
3.74
3.75
3.73
3.77
3.75
3.77
3.82
3.89
3.96
3.96
4.0
4.07
4.11
4.16
4.3
4.36
4.43
4.48
4.59
4.64
4.67
4.69
4.73
4.79
4.86
4.88
4.84
4.78
4.9
4.86
4.87
4.94
4.94
4.98
4.88
4.75
4.72
4.63
4.54
4.45
4.46
4.5
4.36
4.31
4.44
4.57
4.62
4.66
4.58
4.67
4.84
4.8
4.84
4.86
4.95
5.08
5.04
5.08
4.95
4.72
4.68
4.64
4.68
4.82
4.8
4.84
4.96
4.94
4.91
5.0
4.98
4.92
4.89
4.86
4.84
4.84
4.84
4.79
4.78
4.76
4.74
4.75
4.8
4.82
4.82
4.83
4.84
4.92
4.93
4.92
4.93
4.92
4.89
4.79
4.74
4.74
4.74
4.72
4.71
4.72
4.72
4.81
4.77
4.74
4.68
4.63
4.68
4.64
4.67
4.61
4.54
4.56
4.53
4.5
4.59
4.6
4.53
4.54
4.56
4.51
4.47
4.39
4.4
4.43
4.44
4.45
4.49
4.45
4.47
4.42
4.31
4.32
4.33
4.36
4.4
4.38
4.28
4.35
4.31
4.28
4.3
4.33
4.22
4.25
4.28
4.3
4.32
4.33
4.4
4.43
4.48
4.52
4.58
4.65
4.73
4.79
4.88
4.95
5.1
5.12
5.17
5.2
5.28
5.36
5.44
5.56
5.61
5.63
5.67
5.75
5.85
5.85
5.8
5.9
5.94
5.86
5.88
5.79
5.33
5.53
5.2
5.19
5.23
5.15
5.17
4.98
5.02
5.06
5.03
5.02
5.0
4.8
4.93
4.91
4.87
4.71
4.82
4.82
4.83
4.79
4.75
4.85
4.81
4.72
4.88
4.95
5.08
5.23
5.29
5.39
5.36
5.37
5.36
5.49
5.34
5.24
5.16
5.12
5.11
5.15
5.22
5.26
5.3
5.35
5.36
5.36
5.33
5.28
5.22
5.15
5.09
5.01
4.93
4.85
4.8
4.97
5.17
5.2
5.26
5.3
5.37
5.35
5.34
5.38
5.32
5.27
5.26
5.26
5.29
5.26
5.24
5.24
5.25
5.26
5.29
5.28
5.32
5.29
5.32
5.34
5.34
5.31
5.29
5.37
5.45
5.47
5.49
5.46
5.37
5.33
5.24
5.19
5.22
5.28
5.3
5.32
5.35
5.39
5.43
5.35
5.26
5.24
5.17
5.13
5.16
5.18
5.23
5.41
5.77
5.98
6.1
5.97
5.54
5.31
5.3
5.33
5.18
5.1
5.15
5.17
5.06
5.01
4.99
5.0
5.0
4.96
4.89
4.83
4.8
4.82
4.8
4.74
4.67
4.71
4.73
4.76
4.56
4.41
4.65
4.59
4.43
4.39
4.65
4.69
4.64
4.76
5.18
5.34
4.86
4.66
4.45
4.43
4.44
4.52
4.43
4.58
4.72
4.47
4.27
4.18
4.28
4.07
4.08
3.97
3.77
3.48
3.48
3.44
3.32
3.06
3.25
3.16
3.24
3.1
3.06
3.1
3.04
2.93
2.9
2.91
2.82
2.87
2.91
2.97
2.99
3.0
3.02
3.04
3.08
3.12
3.11
3.07
3.08
3.09
3.08
3.11
3.15
3.22
3.41
3.48
3.57
3.61
3.62
3.6
3.59
3.59
3.58
3.57
3.58
3.58
3.56
3.57
3.58
3.59
3.59
3.6
3.61
3.62
3.64
3.64
3.61
3.63
3.62
3.59
3.56
3.56
3.56
3.55
3.56
3.55
3.53
3.51
3.51
3.51
3.51
3.51
3.53
3.52
3.51
3.52
3.53
3.58
3.6
3.59
3.6
3.6
3.59
3.59
3.58
3.58
3.58
3.6
3.6
3.61
3.63
3.64
3.65
3.66
3.67
3.67
3.67
3.68
3.68
3.68
3.68
3.69
3.71
3.75
3.79
3.77
3.73
3.73
3.74
3.74
3.72
3.69
3.71
3.68
3.71
3.69
3.69
3.68
3.66
3.67
3.66
3.63
3.58
3.6
3.52
3.47
3.44
3.48
3.46
3.45
3.4
3.41
3.41
3.42
3.39
3.38
3.41
3.35
3.31
3.32
3.39
3.43
3.41
3.28
3.27
3.25
3.23
3.22
3.18
3.09
3.09
3.15
3.11
3.12
3.13
3.08
3.04
3.04
3.01
2.99
2.94
2.92
2.93
2.94
2.95
2.96
2.98
3.0
2.99
2.99
3.0
2.97
2.96
2.94
2.94
2.94
2.92
2.94
2.94
2.95
2.95
2.96
2.97
2.99
3.01
3.03
3.04
3.05
3.06
3.07
3.08
3.08
3.1
3.11
3.12
3.12
3.13
3.14
3.16
3.18
3.2
3.21
3.23
3.25
3.26
3.27
3.28
3.29
3.29
3.3
3.29
3.29
3.29
3.29
3.29
3.29
3.3
3.29
3.3
3.32
3.33
3.34
3.35
3.36
3.36
3.33
3.32
3.31
3.32
3.33
3.34
3.4
3.43
3.51
3.54
3.58
3.61
3.58
3.58
3.6
3.66
3.62
3.61
3.61
3.67
3.73
3.77
3.77
3.86
3.91
3.98
3.98
4.04
3.99
4.0
3.87
3.71
3.67
3.65
3.58
3.54
3.48
3.65
3.5
3.34
3.35
3.51
3.48
3.36
3.47
3.47
3.45
3.36
3.43
3.38
3.41
3.5
3.45
3.5
3.48
3.42
3.46
3.59
3.53
3.5
3.55
3.53
3.48
3.44
3.52
3.47
3.49
3.5
3.5
3.52
3.55
3.57
3.61
3.62
3.62
3.59
3.59
3.65
3.64
3.62
3.63
3.62
3.63
3.62
3.75
3.89
3.98
4.07
4.15
4.21
4.24
4.26
4.28
4.29
4.29
4.3
4.3
4.31
4.31
4.31
4.3
4.34
4.32
4.32
4.34
4.34
4.36
4.34
4.36
4.34
4.35
4.33
4.32
4.3
4.3
4.31
4.31
4.29
4.28
4.27
4.24
4.23
4.16
4.14
4.1
4.06
4.1
4.11
4.11
4.09
4.12
4.13
4.14
4.08
4.05
4.08
4.11
4.08
4.13
4.06
4.08
4.07
4.07
4.06
4.12
4.18
4.21
4.26
4.23
4.26
4.27
4.36
4.39
4.46
4.44
4.46
4.5
4.55
4.54
4.49
4.54
4.51
4.53
4.56
4.55
4.57
4.58
4.61
4.62
4.66
4.7
4.72
4.73
4.71
4.71
4.74
4.73
4.76
4.75
4.69
4.61
4.59
4.48
4.45
4.42
4.36
4.39
4.39
4.44
4.35
4.29
4.23
4.13
4.17
4.13
4.11
4.12
4.04
4.02
4.06
4.1
3.99
4.03
4.08
4.06
4.03
4.07
4.1
4.09
4.03
3.9
3.85
3.96
4.02
3.99
3.96
4.01
4.04
4.08
4.05
4.04
4.13
4.08
4.04
3.97
4.01
4.07
4.11
4.1
