7.46
7.54
7.47
7.65
7.67
7.72
7.59
7.6
7.6
7.56
7.68
7.62
7.53
7.59
7.6
7.59
7.64
8.65
7.97
7.99
7.88
7.81
7.74
7.67
7.54
7.57
7.57
7.56
7.46
7.37
7.35
7.33
7.35
7.34
7.31
7.32
7.41
7.67
7.59
7.51
7.6
7.82
8.31
8.31
8.37
8.44
8.47
8.44
8.41
8.42
8.44
8.41
8.38
8.38
8.37
8.36
8.35
8.32
8.34
8.35
8.29
8.25
8.24
8.22
8.2
8.22
8.24
8.2
8.16
8.16
8.14
8.17
8.2
8.2
8.21
8.2
8.16
8.12
8.08
8.11
8.06
8.02
8.04
8.04
8.02
8.03
8.03
8.03
8.01
7.99
7.96
7.92
7.92
7.9
7.88
7.8
7.79
7.83
7.95
8.02
8.05
8.1
8.17
8.27
8.28
8.29
8.32
8.44
8.46
8.41
8.6
8.65
8.8
8.8
8.87
8.95
8.85
8.58
8.56
8.48
8.54
8.58
8.64
8.58
8.57
8.7
8.48
8.44
8.49
8.54
8.51
8.55
8.59
8.37
8.36
8.13
8.21
8.18
8.23
7.98
7.96
7.96
7.87
7.86
7.87
8.12
8.27
8.74
8.9
8.85
8.75
8.59
8.7
8.77
8.69
8.55
8.65
8.71
8.63
8.6
8.58
8.51
8.42
8.44
8.48
8.54
8.59
8.62
8.66
8.67
8.61
8.6
8.63
8.87
9.23
9.4
9.84
10.05
10.13
10.24
10.32
10.38
10.35
10.43
10.42
10.0
9.79
9.74
9.68
9.66
9.64
9.66
9.63
9.62
9.65
9.69
9.73
9.77
9.8
9.74
9.71
9.71
9.63
9.25
8.57
8.32
8.35
8.24
8.18
7.9
7.76
7.72
7.64
7.56
7.48
7.41
7.38
7.33
7.28
7.25
7.23
7.2
7.19
7.16
7.12
7.07
7.02
6.96
6.94
6.88
6.85
6.83
6.9
6.93
6.88
6.87
6.81
6.76
6.76
6.78
6.81
6.84
6.82
6.86
7.0
7.1
7.18
7.27
7.24
7.25
7.22
7.2
7.02
6.99
7.06
6.99
6.85
6.64
6.57
6.33
6.26
5.99
6.08
6.09
6.06
5.97
6.0
5.91
5.82
5.85
5.94
5.86
5.91
6.06
6.09
5.86
5.97
6.04
6.09
5.95
5.91
5.84
5.89
5.95
5.82
5.77
5.76
5.78
5.92
5.7
5.66
5.71
5.63
5.64
5.69
5.76
5.74
5.8
5.8
5.89
5.92
5.97
5.99
6.0
5.95
5.98
5.87
5.88
5.83
5.86
5.91
5.99
6.04
6.04
5.99
5.98
6.01
5.98
5.95
5.97
6.0
5.99
6.0
5.99
6.01
5.98
5.97
5.97
5.99
5.99
6.02
6.04
6.09
6.14
6.18
6.2
6.2
6.22
6.24
6.27
6.29
6.32
6.34
6.36
6.37
6.38
6.39
6.42
6.43
6.47
6.49
6.47
6.47
6.5
6.51
6.51
6.54
6.53
6.53
6.52
6.52
6.53
6.52
6.53
6.54
6.54
6.54
6.54
6.54
6.49
6.51
6.51
6.52
6.53
6.55
6.53
6.5
6.5
6.51
6.49
6.49
6.5
6.49
6.52
6.55
6.55
6.58
6.57
6.62
6.61
6.65
6.69
6.74
6.75
6.81
6.9
7.01
7.07
7.18
7.27
7.4
7.44
7.47
7.56
7.64
7.71
7.89
8.04
8.03
8.15
8.22
8.15
8.1
8.15
8.09
8.11
8.06
8.01
8.03
7.94
7.95
7.93
7.83
7.73
7.77
7.77
7.79
7.84
7.92
7.89
7.94
7.94
7.97
7.98
8.01
8.06
8.16
8.26
8.32
8.36
8.4
8.52
8.8
8.89
8.91
8.88
8.78
8.77
8.73
8.74
8.77
8.8
8.84
8.9
8.92
8.95
8.96
8.93
8.94
8.92
8.92
8.95
8.97
9.01
9.19
9.26
9.29
9.28
9.27
9.25
9.21
9.2
9.27
9.36
9.39
9.39
9.42
9.44
9.45
9.46
9.45
9.47
9.49
9.52
9.54
9.55
9.55
9.56
9.53
9.5
9.5
9.51
9.52
9.55
9.59
9.64
9.66
9.68
9.7
9.64
9.56
9.52
9.43
9.35
9.26
9.2
9.13
9.08
9.06
9.05
9.02
8.97
8.95
8.92
8.89
8.87
8.87
8.83
8.79
8.79
8.78
8.78
8.79
8.79
8.79
8.8
8.78
8.8
8.83
8.85
8.88
8.88
8.91
8.93
8.98
9.0
9.04
9.06
9.09
9.11
9.15
9.19
9.23
9.3
9.36
9.4
9.46
9.49
9.49
9.5
9.59
9.68
9.76
9.84
9.92
9.95
10.01
10.06
10.12
10.07
10.04
10.09
10.09
10.08
10.14
10.13
10.11
10.08
10.26
10.25
10.33
10.32
10.4
10.43
10.48
10.44
10.37
10.36
10.42
10.51
10.4
10.39
10.46
10.46
10.45
10.51
10.53
10.54
10.54
10.58
10.46
10.37
10.35
10.31
10.33
10.37
10.47
10.44
10.46
10.5
10.32
10.23
10.23
10.27
10.26
10.25
10.24
10.26
10.29
10.31
10.29
10.33
10.31
10.32
10.34
10.36
10.36
10.35
10.37
10.37
10.36
10.37
10.38
10.38
10.38
10.38
10.38
10.36
10.37
10.36
10.4
10.49
10.42
10.39
10.49
10.56
10.57
10.56
10.5
10.43
10.35
10.34
10.34
10.3
10.22
10.31
10.27
10.25
10.28
10.31
10.27
10.24
10.19
10.21
10.2
10.14
10.14
10.08
10.04
9.96
9.8
9.85
9.91
9.83
9.8
9.84
9.69
9.68
9.7
9.69
9.67
9.66
9.58
9.68
9.67
9.64
9.73
9.71
9.74
9.62
9.71
9.86
10.01
10.1
10.18
10.28
10.35
10.43
10.52
10.57
10.64
10.71
10.77
10.82
10.69
10.68
10.63
10.5
10.35
10.4
10.45
10.24
10.1
10.1
10.25
10.34
10.36
10.39
10.61
10.51
10.47
10.52
10.53
10.4
10.28
10.33
10.42
10.55
10.46
10.48
10.48
10.38
10.3
10.42
10.43
10.52
10.39
10.46
10.6
10.42
10.77
10.84
10.74
10.77
10.71
10.73
10.7
10.83
10.82
10.81
10.9
10.91
10.92
10.83
10.81
10.81
10.8
10.74
10.63
10.62
10.65
10.69
10.74
10.73
10.71
10.69
10.67
10.66
10.68
10.68
10.65
10.61
10.59
10.59
10.58
10.56
10.56
10.56
10.54
10.53
10.53
10.5
10.48
10.42
10.42
10.38
10.35
10.35
10.35
10.3
10.28
10.25
10.18
10.25
10.2
10.14
10.1
10.13
10.03
9.91
9.97
10.1
10.04
9.92
9.87
9.86
9.84
9.84
9.76
9.77
9.79
9.59
9.49
9.51
9.6
9.61
9.55
9.5
9.36
9.35
9.27
9.2
9.07
9.05
9.04
9.03
9.02
9.02
8.98
9.07
9.31
9.67
10.1
9.82
9.79
9.83
9.9
10.06
10.16
10.3
10.27
10.37
10.42
10.55
10.59
10.75
10.7
10.66
10.83
10.89
10.92
10.92
11.04
11.02
11.02
10.88
11.01
11.06
10.85
10.72
10.54
10.35
10.38
10.34
10.24
10.32
10.4
10.23
10.09
10.14
10.04
9.83
9.73
9.75
9.77
9.92
9.94
9.6
9.75
9.77
9.82
9.65
9.82
9.78
9.67
9.74
9.75
9.63
9.57
9.59
9.53
9.6
9.58
9.43
9.54
9.37
9.2
9.11
9.06
9.04
9.03
9.08
9.04
9.07
9.13
9.25
9.44
9.68
9.98
9.97
10.18
10.23
10.13
10.19
10.25
10.32
10.33
10.33
10.33
10.33
10.28
10.25
10.2
10.14
10.05
10.0
9.96
9.9
9.86
9.8
9.78
9.73
9.68
9.64
9.66
9.66
9.64
9.64
9.64
9.6
9.58
9.56
9.55
9.57
9.54
9.53
9.53
9.54
9.52
9.52
9.47
9.43
9.42
9.38
9.35
9.38
9.28
9.09
9.21
8.74
8.79
8.95
9.02
9.14
9.12
9.16
9.14
9.1
9.06
9.08
9.11
9.08
9.06
9.11
9.23
9.39
9.47
9.46
9.62
9.71
9.7
9.76
9.87
9.96
10.02
9.96
9.96
9.94
9.94
9.96
9.94
9.8
9.81
9.85
9.73
9.26
9.09
9.15
9.06
9.0
9.03
8.75
8.75
8.77
8.64
8.62
8.44
8.5
8.65
8.55
8.42
8.52
8.27
8.27
8.4
8.42
8.27
8.36
8.29
8.25
8.39
8.56
8.61
8.57
8.62
8.55
8.53
8.59
8.56
8.61
8.67
8.59
8.58
8.49
8.49
8.68
8.41
8.33
8.33
8.38
8.48
8.48
8.39
8.36
8.33
8.27
8.22
8.18
8.2
8.23
8.22
8.24
8.39
8.56
8.65
8.74
8.89
9.01
9.14
9.27
9.31
9.33
9.34
9.33
9.32
9.34
9.32
9.28
9.17
9.14
9.12
9.09
9.06
9.06
9.06
9.05
9.06
9.04
9.02
8.97
8.96
8.96
8.96
8.97
8.97
8.96
8.95
8.94
8.94
8.91
8.93
8.97
8.98
8.96
8.94
8.87
8.88
8.87
8.83
8.66
8.61
8.61
8.71
8.79
8.72
8.63
8.61
8.76
8.62
8.43
8.43
8.53
8.6
8.7
8.74
8.74
8.7
8.75
8.81
8.92
8.99
9.02
9.18
9.18
9.31
9.34
9.49
9.63
9.71
9.95
10.0
10.11
10.27
10.38
10.53
10.63
10.73
10.83
10.95
11.12
11.19
11.13
11.02
10.99
10.68
10.42
10.37
10.71
10.58
10.42
10.36
10.16
9.73
8.71
8.41
8.52
9.0
8.82
9.06
9.14
9.1
9.11
9.12
9.02
9.1
9.08
9.3
9.29
9.58
9.8
9.86
9.69
9.68
9.75
9.69
9.75
9.85
9.71
9.72
9.56
9.34
9.36
9.27
9.16
9.12
9.12
9.06
9.03
8.96
8.86
8.74
8.71
8.63
8.56
8.45
8.7
9.27
9.19
9.15
9.21
9.11
8.89
8.94
9.0
9.14
9.24
9.27
9.29
9.53
9.58
