7.42
7.38
7.42
7.45
7.39
7.37
7.4
7.5
7.51
7.51
7.51
7.51
7.55
7.58
7.62
7.64
7.68
7.61
7.57
7.53
7.54
7.53
7.5
7.5
7.49
7.48
7.47
7.46
7.46
7.46
7.46
7.46
7.45
7.46
7.47
7.47
7.47
7.49
7.52
7.51
7.52
7.52
7.54
7.55
7.56
7.55
7.54
7.54
7.53
7.52
7.54
7.54
7.55
7.54
7.56
7.56
7.57
7.56
7.57
7.57
7.57
7.57
7.57
7.57
7.59
7.62
7.61
7.61
7.62
7.66
7.69
7.71
7.71
7.73
7.73
7.74
7.77
7.84
7.94
8.01
8.05
8.09
8.1
8.14
8.16
8.25
8.32
8.39
8.43
8.46
8.5
8.55
8.59
8.61
8.49
8.11
8.32
8.46
8.2
8.6
8.44
7.86
7.34
7.25
7.28
7.29
7.34
7.45
7.65
7.77
7.89
7.99
8.18
8.25
8.43
8.29
8.52
8.36
8.21
7.81
8.1
8.04
7.91
7.94
8.0
8.04
7.96
7.89
7.67
7.48
7.3
7.29
7.39
7.47
7.39
7.32
7.18
7.22
7.3
7.33
7.43
7.64
7.79
7.91
7.88
7.76
8.0
7.89
8.12
8.13
8.13
8.1
7.97
7.91
7.93
7.95
7.93
7.95
8.0
8.04
8.05
8.04
8.05
8.06
8.06
8.03
7.96
7.87
7.91
7.82
7.75
7.71
7.76
7.71
7.66
7.62
7.58
7.48
7.4
7.4
7.4
7.38
7.33
7.23
7.03
6.93
6.84
6.64
6.63
6.64
6.5
6.32
6.16
6.08
5.98
5.95
5.89
5.87
5.84
5.88
5.84
5.82
5.78
5.87
5.77
5.66
5.7
5.7
5.67
5.63
5.74
5.81
5.9
5.85
5.78
5.92
6.02
5.86
5.58
5.54
5.53
5.46
5.41
5.5
5.6
5.74
5.29
5.44
5.43
5.46
5.45
5.63
5.77
5.86
5.82
5.8
5.61
5.49
5.63
5.5
5.58
5.26
5.34
5.43
5.39
5.4
5.41
5.38
5.31
5.1
5.13
5.08
5.24
5.27
5.49
5.75
5.73
5.81
5.75
5.68
5.57
5.36
5.22
5.2
5.18
5.23
5.37
5.31
5.32
5.72
5.83
6.0
6.17
6.34
6.44
5.65
5.17
4.95
5.05
5.06
5.09
5.14
5.19
5.16
5.21
5.23
5.29
5.33
5.31
5.23
5.13
5.11
5.1
5.12
5.15
5.2
5.22
5.24
5.23
5.22
5.25
5.25
5.23
5.22
5.26
5.31
5.36
5.36
5.32
5.31
5.29
5.28
5.29
5.31
5.34
5.37
5.38
5.39
5.38
5.39
5.42
5.44
5.47
5.49
5.49
5.52
5.53
5.53
5.55
5.56
5.56
5.56
5.55
5.52
5.51
5.5
5.51
5.47
5.41
5.39
5.35
5.32
5.3
5.27
5.26
5.27
5.27
5.29
5.38
5.43
5.46
5.51
5.52
5.52
5.48
5.47
5.43
5.42
5.45
5.51
5.5
5.46
5.45
5.43
5.45
5.3
5.2
5.03
4.86
4.71
4.66
4.52
4.48
4.58
4.52
4.59
4.57
4.54
4.68
4.78
4.84
4.9
4.96
5.05
5.06
5.02
4.99
5.08
5.1
5.01
5.07
4.95
4.99
5.05
5.06
5.1
5.08
5.1
5.15
5.14
5.11
5.09
5.19
5.18
5.23
5.18
5.15
5.17
5.13
5.22
5.16
5.1
5.13
5.17
5.19
5.07
5.03
5.05
5.0
5.07
5.15
5.17
5.21
5.17
5.13
5.03
4.97
5.06
5.08
5.09
5.1
5.12
5.14
5.12
5.11
5.11
5.07
5.09
5.1
5.09
5.1
5.13
5.13
5.12
5.12
5.11
5.13
5.15
5.15
5.13
5.13
5.12
5.1
5.08
5.08
5.09
5.18
5.21
5.22
5.27
5.24
5.22
5.22
5.15
5.06
5.0
4.92
4.86
4.83
4.85
4.78
4.75
4.71
4.65
4.64
4.64
4.8
4.72
4.64
4.63
4.7
4.74
4.73
4.77
4.77
4.75
4.73
4.69
4.68
4.65
4.6
4.61
4.53
4.51
4.53
4.54
4.55
4.62
4.63
4.66
4.65
4.65
4.72
4.73
4.8
4.9
4.95
5.02
5.06
5.14
5.24
5.37
5.39
5.45
5.41
5.34
5.32
5.17
5.09
4.97
5.01
5.11
5.14
5.11
5.12
5.02
5.03
5.05
5.19
5.13
5.2
5.25
5.28
5.29
5.39
5.42
5.44
5.47
5.48
5.48
5.57
5.67
5.6
5.66
5.69
5.81
5.89
5.91
5.87
5.94
5.81
5.81
5.83
5.83
5.8
5.79
5.87
5.85
5.91
5.86
5.85
5.84
5.77
5.73
5.69
5.72
5.79
5.8
5.77
5.77
5.74
5.75
5.77
5.8
5.81
5.8
5.8
5.83
6.03
6.41
6.46
6.44
6.5
6.5
6.54
6.59
6.58
6.64
6.86
7.02
7.03
7.0
6.9
6.9
6.94
6.98
7.03
7.04
7.08
7.24
7.13
7.0
7.01
7.08
6.96
6.91
6.94
6.93
6.99
7.01
6.97
6.95
6.98
7.08
6.99
7.01
7.03
7.03
7.05
7.04
6.99
6.94
6.87
6.78
6.73
6.66
6.63
6.56
6.5
6.47
6.43
6.39
6.33
6.34
6.44
6.45
6.38
6.38
6.34
6.31
6.3
6.42
6.45
6.34
6.28
6.42
6.48
6.42
6.38
6.47
6.62
6.74
6.81
6.79
6.85
7.01
7.12
7.12
6.93
7.04
7.12
7.11
7.1
7.12
7.2
7.19
7.2
7.12
7.03
7.02
6.86
6.67
6.56
6.47
6.45
6.03
6.03
5.93
6.05
6.01
5.94
5.76
5.73
5.75
5.77
5.75
5.67
5.56
5.63
5.62
5.72
5.67
5.62
5.63
5.76
5.86
5.91
5.9
5.91
5.88
6.0
6.06
5.97
6.12
6.12
5.97
5.95
6.14
6.34
6.35
6.39
6.5
6.62
6.51
6.62
6.74
6.84
6.86
6.81
6.71
6.69
6.68
6.51
6.58
6.65
6.75
6.82
6.88
7.04
7.17
7.23
7.25
7.23
7.23
7.23
7.19
7.19
7.19
7.2
7.23
7.26
7.29
7.33
7.33
7.33
7.31
7.28
7.26
7.25
7.23
7.21
7.16
7.13
7.09
7.06
7.04
6.97
6.85
6.71
6.57
6.57
6.63
6.64
6.65
6.65
6.63
6.62
6.6
6.59
6.56
6.55
6.55
6.53
6.5
6.53
6.54
6.53
6.55
6.52
5.85
5.86
5.91
5.95
5.96
6.0
6.01
6.02
6.05
6.13
6.15
6.17
6.14
6.34
6.29
6.23
6.21
6.22
6.21
6.33
6.37
6.34
6.31
6.34
6.3
6.12
6.08
6.16
6.02
5.98
5.9
5.79
5.78
5.64
5.48
5.51
5.52
5.51
5.5
5.35
5.52
5.58
5.48
5.61
5.46
5.09
5.01
4.98
4.91
4.84
4.92
4.84
4.74
4.72
4.69
4.81
4.94
4.91
4.9
4.72
4.7
5.03
5.22
5.26
5.19
5.3
5.12
5.02
5.06
4.96
4.98
5.52
5.59
5.54
5.48
5.46
5.28
5.28
5.3
5.28
5.29
5.29
5.29
5.26
5.23
5.18
5.09
5.07
5.18
5.23
5.28
5.29
5.14
5.01
4.95
4.92
4.94
4.86
4.85
4.86
4.88
4.88
4.88
4.87
4.85
4.84
4.84
4.85
4.81
4.78
4.9
4.89
4.86
4.81
4.78
4.75
4.73
4.75
4.84
4.89
4.88
4.82
4.72
4.74
4.78
4.82
4.84
4.78
4.76
4.8
4.78
4.73
4.71
4.64
4.69
4.71
4.7
4.69
4.68
4.67
4.62
4.63
4.61
4.58
4.52
4.52
4.46
4.48
4.49
4.57
4.6
4.57
4.57
4.6
4.67
4.71
4.77
4.8
4.81
4.85
4.9
4.92
4.93
5.02
5.18
5.3
5.35
5.38
5.48
5.55
5.62
5.65
5.71
5.75
5.8
5.53
5.2
5.23
5.21
5.28
5.28
5.32
5.32
5.12
5.13
5.17
5.09
4.92
4.9
4.97
5.21
5.4
5.55
5.76
5.9
5.85
5.87
5.96
6.01
6.05
6.08
6.1
5.98
6.0
6.09
6.16
6.19
6.17
6.22
6.23
6.29
6.43
6.53
6.52
6.47
6.62
6.27
6.24
6.3
6.41
6.48
6.57
6.52
6.46
6.52
6.58
6.54
6.47
6.53
6.56
6.55
6.56
6.47
6.4
6.42
6.46
6.5
6.54
6.57
6.58
6.62
6.64
6.64
6.62
6.61
6.62
6.63
6.65
6.66
6.68
6.68
6.69
6.68
6.7
6.72
6.74
6.78
6.78
6.82
6.86
6.78
6.76
6.75
6.79
6.8
6.93
7.0
7.1
7.07
7.03
7.05
7.03
7.03
7.05
7.07
7.08
7.13
7.17
7.21
7.29
7.47
7.67
7.75
7.77
7.79
7.82
7.84
7.85
7.89
7.96
8.04
8.12
8.15
8.15
8.18
8.21
8.22
8.24
8.26
8.26
8.29
8.32
8.36
8.4
8.42
8.44
8.46
8.52
8.56
8.7
8.9
9.13
9.34
9.36
9.27
9.24
9.25
9.32
9.29
9.07
8.9
8.94
8.69
8.46
8.3
8.28
8.24
8.06
8.29
7.87
7.87
7.84
7.75
7.77
7.82
7.78
7.63
7.49
7.46
7.39
7.35
7.36
7.34
7.43
7.46
7.57
7.54
7.52
7.59
7.69
7.73
7.66
7.62
7.57
7.45
7.45
7.49
7.43
7.43
7.46
7.48
7.59
7.65
7.74
7.87
7.86
7.8
7.73
7.78
7.74
7.75
7.75
7.77
7.84
7.9
7.89
7.79
7.74
7.79
7.77
7.77
7.8
7.81
7.78
7.81
7.77
7.73
7.72
7.72
7.74
7.8
7.8
7.82
7.86
7.81
7.78
7.82
7.87
7.81
7.81
7.8
7.78
7.76
7.76
7.79
7.78
7.78
7.81
7.79
7.83
7.82
7.82
7.85
7.84
7.81
7.8
7.78
7.76
7.74
7.74
7.66
