6.78
6.83
6.67
6.84
6.86
6.85
6.88
6.8
6.81
6.85
6.86
6.9
6.89
6.93
6.96
6.99
6.99
6.97
6.96
7.01
7.09
7.17
7.32
7.27
7.22
7.23
7.28
7.31
7.33
7.29
7.29
7.27
7.17
7.16
7.05
7.07
6.97
7.0
7.07
7.04
6.99
7.01
6.92
6.89
6.86
6.81
6.78
6.8
6.7
6.64
6.65
6.68
6.69
6.59
6.66
6.62
6.58
6.56
6.4
6.41
6.41
6.45
6.32
6.33
6.3
6.24
6.26
6.32
6.27
6.14
6.11
6.22
6.08
6.02
5.91
5.96
6.02
6.05
6.14
6.21
6.17
6.08
6.17
6.13
6.15
6.14
6.33
6.47
6.58
6.66
6.7
6.8
6.9
6.97
7.08
7.37
7.49
7.68
7.86
8.01
8.21
8.23
8.25
7.96
7.66
7.52
7.44
7.4
7.33
6.74
6.08
6.16
5.94
5.75
5.89
5.85
5.89
5.99
6.0
6.0
5.82
5.84
5.9
5.86
5.89
5.97
6.01
5.94
5.96
6.09
6.07
6.04
5.96
6.07
5.91
5.78
5.84
5.81
6.07
5.98
6.21
6.25
6.17
6.21
6.2
6.21
6.23
6.12
6.17
6.11
6.08
5.93
5.91
5.95
5.99
6.02
6.14
6.21
6.32
6.36
6.39
6.41
6.4
6.39
6.39
6.42
6.46
6.61
6.55
6.68
6.68
6.64
6.64
6.69
6.73
6.73
6.59
6.39
6.38
6.47
6.46
6.48
6.53
6.51
6.48
6.55
6.6
6.54
6.61
6.61
6.64
6.66
6.6
6.54
6.6
6.69
6.71
6.67
6.66
6.65
6.66
6.65
6.67
6.78
6.82
6.83
6.85
6.88
6.88
6.83
6.8
6.8
6.79
6.77
6.78
6.8
6.8
6.86
6.82
6.81
6.85
6.85
6.89
6.92
6.9
6.93
6.96
6.95
6.99
7.06
7.13
7.16
7.12
7.15
7.23
7.29
7.36
7.45
7.48
7.47
7.48
7.54
7.71
7.75
7.8
7.88
7.99
8.16
8.4
8.51
8.56
8.54
8.6
8.58
8.61
8.59
8.61
8.62
8.61
8.58
8.5
8.47
8.33
8.15
7.92
8.3
7.56
8.2
8.58
8.46
8.14
7.17
7.83
8.11
8.3
8.32
8.43
8.75
8.91
8.96
9.03
9.03
8.95
8.96
8.98
8.75
8.88
8.62
8.42
8.42
8.48
8.49
8.47
8.48
8.55
8.61
8.6
8.53
8.49
8.53
8.52
8.47
8.43
8.26
8.16
8.18
8.21
8.22
8.19
8.15
8.1
8.11
8.09
7.95
7.97
7.98
7.99
8.02
7.96
7.96
7.92
7.9
7.88
7.84
7.83
7.83
7.9
7.86
7.75
7.74
7.79
7.78
7.67
7.5
7.64
7.6
7.55
7.58
7.61
7.61
7.61
7.58
7.64
7.75
7.73
7.69
7.73
7.77
7.83
7.83
7.82
7.81
7.87
7.87
7.91
7.9
7.9
7.9
7.89
7.86
7.84
7.87
7.87
7.87
7.92
7.95
7.97
7.91
7.86
7.67
7.53
7.45
7.28
7.04
6.93
6.86
6.79
6.76
6.67
6.56
6.48
6.42
6.4
6.36
6.36
6.33
6.3
6.33
6.3
6.31
6.24
6.24
6.21
6.19
6.17
6.19
6.16
6.08
6.04
6.0
5.95
5.91
5.85
5.75
5.74
5.73
5.64
5.63
5.6
5.52
5.48
5.41
5.42
5.44
5.43
5.4
5.39
5.4
5.4
5.36
5.4
5.36
5.36
5.31
5.29
5.28
5.22
5.23
5.2
5.23
5.24
5.24
5.22
5.18
5.13
5.12
5.14
5.15
5.15
5.15
5.18
5.18
5.22
5.17
5.15
5.11
5.03
5.01
5.0
4.97
4.88
4.8
4.74
4.71
4.73
4.71
4.7
4.68
4.66
4.64
4.64
4.64
4.65
4.65
4.66
4.66
4.66
4.65
4.65
4.66
4.64
4.62
4.6
4.59
4.59
4.59
4.6
4.62
4.6
4.58
4.56
4.57
4.54
4.52
4.55
4.6
4.63
4.65
4.65
4.65
4.65
4.63
4.62
4.61
4.61
4.61
4.58
4.59
4.6
4.61
4.63
4.64
4.64
4.64
4.64
4.65
4.66
4.66
4.66
4.68
4.75
4.74
4.72
4.73
4.75
4.79
4.81
4.82
4.8
4.77
4.78
4.73
4.65
4.66
4.72
4.79
4.81
4.88
4.86
4.78
4.57
4.49
4.52
4.47
4.3
4.08
4.15
4.35
4.35
4.13
4.03
3.95
4.11
3.99
4.03
3.73
3.79
3.61
3.64
3.88
4.04
4.08
4.01
4.09
3.96
4.06
4.01
3.95
3.94
3.88
3.91
3.85
3.85
3.97
3.96
3.89
3.82
3.85
3.83
3.68
3.7
3.64
3.7
3.68
3.62
3.61
3.66
3.73
3.68
3.72
3.77
3.74
3.66
3.58
3.56
3.67
3.69
3.66
3.7
3.72
3.72
3.75
3.76
3.72
3.68
3.72
3.74
3.72
3.69
3.64
3.67
3.63
3.68
3.85
3.96
3.97
4.03
4.02
3.99
3.71
3.69
3.69
3.66
3.67
3.65
3.65
3.67
3.68
3.7
3.74
3.77
3.78
3.78
3.72
3.7
3.69
3.67
3.67
3.74
3.82
3.82
3.79
3.78
3.76
3.75
3.72
3.66
3.65
3.64
3.64
3.67
3.64
3.62
3.65
3.61
3.62
3.64
3.63
3.6
3.61
3.61
3.61
3.67
3.67
3.7
3.7
3.7
3.74
3.75
3.8
3.83
3.84
3.92
3.94
4.01
4.06
4.12
4.17
4.29
4.38
4.47
4.55
4.63
4.65
4.64
4.66
4.59
4.48
4.57
4.64
4.7
4.56
4.66
4.55
4.57
4.56
4.64
4.63
4.56
4.53
4.64
4.66
4.49
4.46
4.54
4.63
4.44
4.48
4.46
4.37
4.32
4.42
4.46
4.39
4.42
4.37
4.33
4.21
4.25
4.2
4.3
4.22
4.07
4.06
4.09
4.07
4.12
4.17
4.16
4.16
4.19
4.48
4.55
4.7
4.71
4.67
4.67
4.69
4.63
4.63
4.59
4.58
4.55
4.53
4.48
4.48
4.48
4.45
4.42
4.47
4.49
4.47
4.45
4.45
4.44
4.43
4.44
4.43
4.41
4.44
4.44
4.39
4.41
4.45
4.46
4.46
4.44
4.4
4.36
4.41
4.37
4.39
4.44
4.42
4.42
4.39
4.38
4.41
4.36
4.32
4.31
4.29
4.27
4.28
4.31
4.31
4.31
4.3
4.28
4.31
4.27
4.28
4.28
4.26
4.23
4.2
4.23
4.25
4.21
4.24
4.28
4.27
4.27
4.26
4.27
4.26
4.27
4.33
4.31
4.39
4.38
4.41
4.39
4.43
4.43
4.41
4.45
4.48
4.49
4.49
4.53
4.54
4.61
4.63
4.57
4.68
4.8
4.89
4.9
4.94
4.95
4.98
5.07
5.06
5.03
5.11
4.92
4.9
4.77
4.93
4.91
4.95
4.97
4.91
4.92
4.94
5.09
5.0
5.01
4.93
5.02
5.13
5.08
5.06
5.15
5.17
5.17
5.17
5.13
5.16
5.16
5.22
5.28
5.17
5.23
5.28
5.3
5.29
5.37
5.42
5.44
5.4
5.35
5.29
5.32
5.36
5.46
5.46
5.48
5.48
5.41
5.43
5.43
5.4
5.39
5.43
5.52
5.5
5.51
5.5
5.47
5.46
5.4
5.34
5.29
5.27
5.25
5.22
5.14
5.13
5.09
5.12
5.11
5.25
5.21
5.04
4.98
4.93
4.93
4.92
4.93
4.93
4.95
4.97
4.98
4.98
5.0
5.05
4.98
4.99
5.02
4.95
4.95
4.96
4.99
5.03
5.01
4.97
4.91
4.97
4.9
4.93
4.9
4.88
4.89
4.9
4.85
4.8
4.93
4.93
4.92
4.93
4.85
4.88
4.92
4.9
4.92
4.92
4.85
4.7
4.79
4.85
5.09
5.09
5.04
5.12
5.18
5.2
5.19
5.3
5.37
5.4
5.45
5.45
5.53
5.59
5.71
5.75
5.81
5.92
6.04
6.12
6.12
6.22
6.23
6.27
6.29
6.23
5.93
5.57
5.53
5.59
5.57
5.65
5.75
5.84
5.79
5.88
5.97
6.15
6.27
6.33
6.38
6.28
6.18
6.35
6.31
6.44
6.53
6.49
6.55
6.65
6.82
6.81
6.92
6.87
6.9
6.97
7.03
7.08
6.99
6.87
6.87
6.93
7.02
7.04
7.12
7.07
6.92
6.8
6.68
6.6
6.66
6.68
6.71
6.74
6.75
6.79
7.41
7.76
7.77
7.88
7.87
7.86
7.86
7.83
7.81
7.74
7.62
7.55
7.49
7.41
7.23
7.19
7.25
7.16
7.02
7.06
7.12
7.11
7.09
7.04
7.02
6.99
6.96
6.95
6.92
6.93
6.92
6.94
6.98
7.0
7.0
7.03
7.03
7.0
7.01
6.99
6.96
6.95
6.91
6.9
6.9
6.89
6.84
6.82
6.81
6.81
6.79
6.78
6.75
6.71
6.72
6.65
6.66
6.66
6.68
6.69
6.7
6.71
6.74
6.78
6.83
6.86
6.92
6.96
7.02
7.01
6.9
6.79
6.73
6.72
6.75
6.64
6.66
6.71
6.77
6.8
7.0
7.06
7.06
7.06
7.08
7.13
7.2
7.2
6.98
7.01
7.11
7.06
6.94
6.95
7.04
7.02
7.01
7.0
7.07
7.06
6.99
7.14
7.13
7.3
7.11
6.82
6.63
6.48
6.34
6.36
6.42
6.52
6.45
6.6
6.51
6.14
6.14
6.13
5.81
6.05
6.27
6.35
6.01
5.49
5.52
5.62
5.57
5.61
5.36
5.22
5.16
5.1
5.16
5.13
5.17
5.27
5.37
5.37
5.34
5.38
5.47
5.46
5.53
5.59
5.58
5.61
5.65
5.7
5.73
5.81
5.87
5.9
5.85
5.81
5.87
5.83
5.84
5.82
5.83
5.86
5.77
5.75
5.77
5.79
5.83
5.87
5.93
5.94
5.95
5.96
5.96
5.96
5.95
5.96
5.95
5.95
5.93
5.93
5.94
5.95
5.95
5.96
