3.37
3.36
3.36
3.41
3.4
3.35
3.34
3.38
3.42
3.51
3.47
3.43
3.55
3.6
3.65
3.57
3.57
3.69
3.63
3.71
3.69
3.72
3.77
3.72
3.7
3.68
3.64
3.74
3.71
3.73
3.75
3.74
3.77
3.77
3.82
3.84
3.91
3.86
3.71
3.69
3.7
3.72
3.74
3.77
3.79
3.81
3.83
3.84
3.85
3.86
3.88
3.91
3.91
3.91
3.9
3.91
3.93
3.94
3.93
3.98
4.0
3.97
3.96
3.97
4.03
4.02
3.96
3.96
3.93
3.94
3.96
4.02
4.02
3.94
3.89
3.86
3.89
3.92
3.93
3.91
3.9
3.93
3.92
3.88
3.89
3.9
3.89
3.87
3.81
3.84
3.85
3.85
3.85
3.83
3.83
3.8
3.76
3.77
3.75
3.71
3.74
3.74
3.75
3.71
3.72
3.71
3.74
3.71
3.72
3.74
3.76
3.75
3.77
3.78
3.8
3.86
3.85
3.92
3.93
3.98
3.98
4.01
4.05
4.13
4.16
4.19
4.27
4.32
4.3
4.38
4.5
4.58
4.68
4.73
4.74
4.69
4.57
4.66
4.64
4.62
4.68
4.71
4.73
4.85
4.88
4.83
4.81
4.77
4.76
4.78
4.73
4.6
4.41
4.45
4.35
4.46
4.36
4.48
4.42
4.4
4.4
4.32
4.42
4.39
4.43
4.71
4.99
5.07
5.03
5.04
5.04
5.02
4.89
4.62
4.64
4.74
4.8
4.78
4.83
4.88
4.82
4.81
4.75
4.78
4.77
4.85
4.91
4.95
4.94
4.83
4.81
4.83
4.99
4.95
5.02
5.41
5.58
5.6
5.57
5.59
5.6
5.59
5.55
5.5
5.46
5.4
5.34
5.32
5.33
5.37
5.4
5.44
5.55
5.68
5.75
5.79
5.79
5.79
5.79
5.76
5.73
5.7
5.65
5.63
5.61
5.6
5.58
5.57
5.54
5.53
5.49
5.47
5.46
5.46
5.43
5.42
5.4
5.38
5.36
5.33
5.31
5.3
5.27
5.26
5.27
5.24
5.24
5.22
5.21
5.21
5.2
5.18
5.16
5.15
5.15
5.14
5.13
5.14
5.15
5.15
5.16
5.16
5.17
5.17
5.16
5.15
5.13
5.13
5.15
5.12
5.16
5.2
5.24
5.22
5.26
5.28
5.29
5.38
5.38
5.47
5.55
5.61
5.58
5.62
5.59
5.55
5.73
5.82
5.81
5.88
5.91
5.95
5.99
6.01
6.05
6.04
6.12
6.14
6.16
6.07
5.88
5.83
5.51
5.53
5.57
5.59
5.45
5.56
5.6
5.51
5.46
5.33
5.34
5.16
5.01
4.93
4.92
4.98
4.97
4.87
4.86
4.89
4.84
4.81
4.84
4.72
4.75
4.88
5.03
5.04
5.02
5.0
4.98
5.0
4.96
4.98
4.98
4.97
4.98
4.94
4.92
4.94
4.96
4.98
4.98
4.99
5.0
5.0
5.0
5.01
5.01
5.0
5.04
5.05
5.01
5.01
5.03
5.04
4.99
4.96
4.95
5.0
4.95
4.95
4.91
4.86
4.85
4.81
4.8
4.74
4.73
4.67
4.65
4.65
4.66
4.66
4.59
4.69
4.71
4.63
4.65
4.54
4.52
4.48
4.52
4.57
4.57
4.6
4.55
4.52
4.48
4.44
4.46
4.41
4.37
4.36
4.38
4.38
4.36
4.36
4.39
4.41
4.46
4.55
4.59
4.65
4.76
4.85
4.85
4.87
4.87
4.93
4.89
4.91
5.01
5.08
5.14
5.09
5.2
5.25
5.21
5.26
5.26
5.24
5.21
5.13
5.15
5.21
5.35
5.39
5.42
5.43
5.42
5.36
5.41
5.47
5.44
5.21
5.15
5.27
5.34
5.36
5.18
5.31
5.34
5.37
5.36
5.32
5.23
5.27
5.48
5.42
5.37
5.46
5.43
5.34
5.45
5.4
5.39
5.15
5.33
5.46
5.38
5.47
5.32
5.23
5.29
5.3
5.25
5.3
5.24
5.2
5.25
5.35
5.28
5.28
5.23
5.29
5.35
5.34
5.34
5.34
5.38
5.4
5.41
5.44
5.42
5.38
5.37
5.34
5.37
5.37
5.36
5.38
5.34
5.34
5.34
5.33
5.36
5.31
5.22
5.21
5.23
5.18
5.2
5.15
5.13
5.13
5.08
5.1
5.08
5.08
5.05
5.03
4.95
4.97
4.95
4.93
4.87
4.89
4.84
4.78
4.68
4.74
4.79
4.75
4.74
4.77
4.75
4.6
4.58
4.55
4.59
4.65
4.65
4.54
4.49
4.47
4.43
4.4
4.4
4.44
4.53
4.6
4.62
4.65
4.68
4.62
4.75
4.8
4.87
4.91
4.95
5.01
5.14
5.18
5.26
5.33
5.39
5.48
5.6
5.69
5.83
5.85
5.88
5.96
5.67
5.53
5.57
5.62
5.75
5.83
5.77
5.86
5.96
6.16
6.38
6.28
6.19
6.05
6.24
6.41
6.2
6.1
6.26
6.51
6.51
6.39
6.22
6.38
6.6
6.61
6.65
6.73
6.69
6.56
6.36
6.14
6.04
6.02
5.9
5.75
5.64
5.64
5.55
5.55
5.58
5.64
5.67
5.65
5.67
5.51
5.32
5.27
5.24
5.25
5.28
5.33
5.38
5.49
5.61
5.75
5.83
5.83
5.88
5.82
5.86
5.89
5.87
5.87
5.91
5.91
5.94
5.99
6.02
5.93
5.84
5.83
5.83
5.79
5.72
5.72
5.71
5.7
5.69
5.69
5.63
5.55
5.51
5.48
5.46
5.45
5.42
5.4
5.38
5.35
5.32
5.31
5.25
5.16
5.1
5.03
4.94
4.82
4.71
4.66
4.62
4.62
4.6
4.56
4.55
4.54
4.53
4.52
4.48
4.44
4.43
4.41
4.39
4.37
4.34
4.33
4.33
4.33
4.34
4.35
4.36
4.37
4.37
4.36
4.36
4.35
4.36
4.4
4.43
4.36
4.34
4.3
4.25
4.26
4.33
4.34
4.3
4.37
4.35
4.48
4.37
4.36
4.3
4.36
4.35
4.31
4.23
4.3
4.3
4.32
4.54
4.45
4.37
4.2
4.22
4.18
4.14
4.29
4.11
4.06
4.17
4.05
3.91
4.02
3.98
4.0
4.0
3.91
4.01
3.8
3.87
3.88
4.05
3.94
3.77
3.61
3.67
3.75
3.82
3.7
3.74
3.67
3.57
3.62
3.64
3.63
3.62
3.64
3.6
3.83
3.73
3.64
3.67
3.72
3.68
3.72
3.7
3.72
3.71
3.73
3.77
3.83
3.84
3.87
3.88
3.89
4.1
4.6
5.08
5.15
5.22
5.24
5.29
5.27
5.31
5.35
5.35
5.34
5.33
5.32
5.31
5.29
5.3
5.31
5.32
5.3
5.31
5.3
5.26
5.26
5.27
5.25
5.25
5.26
5.29
5.3
5.32
5.31
5.35
5.39
5.35
5.29
5.25
5.27
5.28
5.3
5.32
5.36
5.4
5.37
5.34
5.33
5.37
5.33
5.33
5.3
5.28
5.28
5.32
5.36
5.36
5.36
5.38
5.28
5.35
5.4
5.48
5.56
5.63
5.62
5.61
5.63
5.58
5.5
5.38
5.42
5.42
5.47
5.49
5.44
5.56
5.55
5.44
5.42
5.3
5.31
5.11
4.77
4.82
4.87
4.71
4.77
4.75
4.8
4.77
4.82
4.73
4.78
4.85
4.93
4.76
4.68
4.74
4.9
4.95
4.92
4.97
5.06
5.2
5.32
5.23
5.25
5.35
5.36
5.37
5.39
5.63
5.65
5.65
5.71
5.81
5.84
6.0
6.05
5.87
5.92
6.19
6.22
6.08
6.34
6.34
6.38
6.44
6.55
6.6
6.62
6.64
6.67
6.73
6.74
6.81
6.8
6.81
6.8
6.82
6.82
6.8
6.8
6.79
6.78
6.76
6.77
6.79
6.8
6.8
6.81
6.78
6.76
6.76
6.73
6.68
6.66
6.64
6.62
6.6
6.59
6.59
6.59
6.57
6.55
6.55
6.54
6.54
6.54
6.53
6.53
6.51
6.5
6.47
6.45
6.42
6.42
6.37
6.35
6.25
6.26
6.28
6.25
6.21
6.14
6.07
6.07
6.07
6.04
6.04
5.97
5.97
5.95
5.95
5.93
5.83
5.76
5.73
5.67
5.6
5.72
5.79
5.85
5.86
5.79
5.81
5.8
5.78
5.86
5.97
6.09
6.19
6.24
6.3
6.4
6.43
6.48
6.57
6.69
6.82
6.91
6.97
6.99
7.03
7.08
6.94
6.85
6.8
6.85
6.86
6.76
6.75
6.85
6.94
6.63
6.62
6.66
6.59
6.64
6.65
6.67
6.43
6.3
6.21
6.26
5.94
5.86
5.72
5.66
5.92
5.95
5.66
5.55
5.67
5.79
5.63
5.54
5.68
5.56
5.49
5.66
5.41
5.58
5.59
5.69
5.67
5.66
5.66
5.61
5.64
5.58
5.53
5.67
5.85
5.86
5.85
5.9
5.91
5.87
5.87
5.92
5.9
6.21
6.39
6.42
6.41
6.4
6.39
6.36
6.32
6.32
6.29
6.31
6.29
6.3
6.27
6.25
6.21
6.19
6.15
6.12
6.11
6.09
6.07
6.04
6.02
5.98
5.96
5.95
5.93
5.91
5.88
5.87
5.85
5.84
5.83
5.83
5.81
5.81
5.85
5.85
5.81
5.85
5.9
5.84
5.8
5.81
5.75
5.74
5.75
5.73
5.75
5.69
5.61
5.66
5.64
5.6
5.56
5.57
5.58
5.58
5.55
5.53
5.49
5.54
5.51
5.67
5.7
5.68
5.71
5.66
5.81
5.89
5.95
5.88
5.85
5.82
5.87
5.85
5.88
5.89
5.94
6.02
6.01
6.01
6.07
6.0
5.99
5.97
5.8
5.22
5.22
5.3
5.32
5.1
5.12
5.23
5.3
5.37
5.63
5.59
5.61
5.28
5.19
5.07
5.21
5.15
5.14
5.09
5.11
5.16
5.08
5.16
5.12
5.18
5.2
5.22
5.39
5.4
5.41
5.45
5.46
5.48
5.54
5.57
5.59
5.55
5.46
5.4
5.41
5.35
5.33
5.24
5.15
5.13
5.16
5.28
5.18
5.11
5.08
5.08
5.08
5.08
5.05
5.1
5.12
5.12
5.15
5.21
