7.33
7.34
7.39
7.42
7.45
7.39
7.34
7.29
7.26
7.15
7.11
7.07
7.01
6.98
6.96
6.94
7.04
7.11
7.13
7.12
7.12
7.11
7.09
7.07
7.07
7.07
7.08
6.98
7.01
6.98
7.0
6.97
6.93
6.84
6.85
6.87
6.87
6.83
6.78
6.71
6.6
6.5
6.48
6.46
6.41
6.37
6.34
6.29
6.23
6.17
6.14
6.1
6.04
6.0
5.95
5.93
5.92
5.89
5.84
5.81
5.77
5.74
5.71
5.69
5.68
5.67
5.65
5.6
5.6
5.69
5.67
5.63
5.62
5.72
5.66
5.62
5.73
5.62
5.6
5.59
5.62
5.61
5.66
5.66
5.69
5.71
5.76
5.68
5.63
5.69
5.7
5.68
5.68
5.67
5.67
5.7
5.74
5.64
5.6
5.62
5.67
5.61
5.61
5.61
5.63
5.59
5.59
5.54
5.46
5.39
5.42
5.27
5.37
5.47
5.49
5.55
5.48
5.46
5.5
5.45
5.49
5.54
5.49
5.46
5.49
5.55
5.63
5.62
5.66
5.67
5.75
5.77
5.82
6.05
6.27
6.22
6.12
5.84
5.42
5.12
5.08
5.07
4.99
5.01
4.93
4.85
4.79
4.85
4.87
4.83
4.84
4.84
4.83
4.89
4.93
4.87
4.85
4.83
4.83
4.8
4.85
4.84
4.82
4.8
4.76
4.76
4.78
4.79
4.81
4.82
4.83
4.72
4.55
4.62
4.65
4.74
4.75
4.62
4.41
4.35
4.33
4.3
4.23
4.19
4.14
4.15
4.18
4.17
4.14
4.09
4.05
4.0
3.97
3.93
3.87
3.97
3.85
3.87
3.91
3.93
3.92
3.9
3.88
3.9
3.91
3.88
3.9
3.91
3.87
3.97
3.9
3.88
3.9
3.86
3.83
3.82
3.9
4.0
3.91
3.83
3.88
3.84
3.79
3.75
3.79
3.78
3.6
3.56
3.58
3.54
3.59
3.62
3.64
3.58
3.58
3.63
3.64
3.62
3.62
3.57
3.53
3.48
3.49
3.53
3.41
3.41
3.47
3.45
3.42
3.38
3.36
3.37
3.35
3.35
3.35
3.34
3.33
3.33
3.3
3.35
3.38
3.34
3.35
3.41
3.43
3.46
3.51
3.52
3.55
3.6
3.62
3.64
3.66
3.79
3.99
4.06
4.21
4.33
4.42
4.51
4.73
4.93
5.04
5.54
5.63
5.59
5.41
4.9
4.68
4.55
4.37
4.26
4.16
4.17
4.14
4.2
4.27
4.23
4.3
4.33
4.36
4.36
4.33
4.29
4.23
4.2
4.2
4.2
4.2
4.2
4.18
4.21
4.25
4.24
4.21
4.17
4.18
4.27
4.34
4.35
4.3
4.23
4.19
4.14
4.11
4.11
4.1
4.1
4.1
4.02
4.03
3.96
3.93
3.87
3.84
3.8
3.76
3.75
3.71
3.73
3.79
3.72
3.58
3.59
3.62
3.6
3.61
3.49
3.4
3.39
3.41
3.41
3.46
3.48
3.46
3.47
3.44
3.42
3.41
3.4
3.4
3.4
3.4
3.4
3.37
3.36
3.36
3.37
3.35
3.38
3.33
3.32
3.33
3.34
3.31
3.29
3.28
3.25
3.23
3.23
3.17
3.19
3.19
3.16
3.13
3.11
3.11
3.09
3.08
3.06
3.06
3.04
3.07
3.08
3.09
3.1
3.08
3.07
3.08
3.1
3.1
3.12
3.07
3.04
3.04
3.07
3.09
3.1
3.11
3.17
3.22
3.22
3.3
3.3
3.33
3.31
3.35
3.46
3.48
3.51
3.54
3.6
3.65
3.68
3.71
3.91
4.11
4.26
4.32
4.4
4.53
4.58
4.81
4.96
5.13
5.3
5.38
5.31
5.0
4.82
4.83
4.77
4.79
4.82
4.76
4.79
4.75
4.7
4.68
4.61
4.61
4.59
4.56
4.55
4.53
4.51
4.49
4.46
4.45
4.42
4.37
4.35
4.29
4.28
4.23
4.18
4.12
4.1
4.1
3.97
3.88
3.85
3.87
3.82
3.77
3.68
3.64
3.67
3.67
3.65
3.63
3.62
3.65
3.67
3.68
3.67
3.65
3.65
3.67
3.67
3.68
3.68
3.62
3.57
3.52
3.49
3.44
3.42
3.42
3.4
3.38
3.36
3.36
3.35
3.32
3.32
3.33
3.31
3.25
3.27
3.26
3.27
3.26
3.23
3.24
3.2
3.18
3.2
3.24
3.23
3.22
3.24
3.28
3.3
3.29
3.25
3.24
3.22
3.2
3.2
3.19
3.18
3.17
3.12
3.09
3.04
3.0
3.0
2.96
2.96
2.99
2.98
2.99
3.0
2.99
2.98
2.99
3.01
3.0
3.01
3.02
3.01
3.08
3.1
3.05
3.08
3.15
3.18
3.25
3.32
3.35
3.42
3.47
3.43
3.43
3.49
3.55
3.64
3.71
3.73
3.73
3.73
3.76
3.76
3.76
3.77
3.87
4.07
3.97
3.94
3.89
3.83
3.81
3.82
3.79
3.74
3.75
3.76
3.78
3.82
3.82
3.83
3.81
3.81
3.87
3.84
3.86
3.83
3.86
3.84
3.93
3.85
3.8
3.78
3.79
3.8
3.84
3.84
3.86
3.93
3.92
3.93
3.96
3.92
3.93
3.97
3.96
3.94
3.92
3.89
3.87
3.83
3.83
3.81
3.82
3.77
3.73
3.7
3.66
3.66
3.63
3.6
3.6
3.55
3.53
3.52
3.48
3.41
3.34
3.3
3.28
3.28
3.27
3.25
3.22
3.23
3.25
3.25
3.24
3.23
3.24
3.24
3.23
3.21
3.21
3.21
3.22
3.24
3.24
3.24
3.25
3.25
3.25
3.27
3.25
3.24
3.23
3.22
3.21
3.21
3.22
3.23
3.24
3.25
3.26
3.25
3.25
3.24
3.25
3.26
3.26
3.26
3.26
3.24
3.22
3.21
3.21
3.23
3.24
3.25
3.25
3.26
3.28
3.29
3.3
3.33
3.33
3.34
3.38
3.4
3.36
3.38
3.36
3.37
3.36
3.38
3.36
3.38
3.41
3.46
3.49
3.52
3.56
3.58
3.63
3.64
3.63
3.61
3.66
3.68
3.7
3.71
3.73
3.71
3.72
3.71
3.73
3.72
3.72
3.72
3.7
3.73
3.74
3.75
3.75
3.75
3.74
3.75
3.75
3.75
3.74
3.75
3.75
3.77
3.78
3.78
3.78
3.79
3.83
3.81
3.82
3.83
3.84
3.86
3.88
3.86
3.82
3.79
3.76
3.76
3.75
3.73
3.72
3.7
3.71
3.72
3.71
3.73
3.69
3.69
3.69
3.69
3.68
3.67
3.66
3.65
3.65
3.64
3.64
3.65
3.65
3.65
3.65
3.65
3.63
3.62
3.61
3.59
3.59
3.56
3.54
3.51
3.49
3.46
3.44
3.42
3.4
3.38
3.36
3.36
3.35
3.33
3.3
3.29
3.29
3.27
3.27
3.27
3.25
3.22
3.22
3.22
3.23
3.22
3.21
3.2
3.21
3.18
3.19
3.2
3.17
3.13
3.12
3.13
3.13
3.13
3.13
3.12
3.11
3.1
3.07
3.05
3.07
3.08
3.09
3.07
3.1
3.11
3.13
3.13
3.17
3.2
3.23
3.22
3.28
3.32
3.39
3.38
3.43
3.48
3.52
3.54
3.55
3.58
3.6
3.62
3.66
3.66
3.7
3.69
3.68
3.69
3.7
3.69
3.69
3.71
3.7
3.72
3.7
3.71
3.75
3.81
3.81
3.76
3.77
3.73
3.71
3.68
3.64
3.62
3.61
3.56
3.55
3.54
3.53
3.51
3.5
3.47
3.47
3.43
3.41
3.38
3.37
3.37
3.37
3.36
3.38
3.37
3.39
3.41
3.41
3.43
3.42
3.43
3.46
3.47
3.46
3.45
3.46
3.48
3.49
3.51
3.51
3.52
3.52
3.56
3.55
3.59
3.61
3.61
3.63
3.6
3.63
3.64
3.62
3.58
3.53
3.51
3.5
3.57
3.55
3.54
3.56
3.53
3.55
3.64
3.62
3.65
3.62
3.69
3.67
3.72
3.73
3.74
3.74
3.8
3.88
3.91
3.98
4.02
4.03
4.04
4.03
4.03
4.02
4.05
4.04
4.06
4.09
4.09
4.13
4.16
4.17
4.17
4.18
4.18
4.18
4.19
4.2
4.21
4.22
4.23
4.25
4.26
4.27
4.29
4.3
4.32
4.33
4.35
4.37
4.38
4.4
4.42
4.45
4.46
4.48
4.49
4.5
4.52
4.53
4.53
4.55
4.58
4.59
4.62
4.65
4.68
4.73
4.75
4.78
4.81
4.86
4.91
4.96
5.06
5.16
5.22
5.18
5.2
5.24
5.3
5.3
5.31
5.32
5.31
5.32
5.36
5.38
5.38
5.39
5.34
5.34
5.35
5.32
5.31
5.33
5.33
5.35
5.34
5.33
5.35
5.36
5.37
5.37
5.36
5.36
5.35
5.35
5.35
5.33
5.32
5.31
5.33
5.34
5.33
5.34
5.33
5.33
5.33
5.39
5.39
5.37
5.38
5.39
5.43
5.43
5.44
5.46
5.48
5.49
5.51
5.51
5.55
5.54
5.54
5.45
5.44
5.47
5.48
5.5
5.55
5.58
5.67
5.65
5.64
5.65
5.63
5.61
5.61
5.63
5.64
5.68
5.69
5.69
5.73
5.8
5.81
5.78
5.7
5.71
5.76
5.7
5.69
5.7
5.68
5.68
5.66
5.68
5.73
5.77
5.7
5.68
5.67
5.69
5.74
5.74
5.72
5.73
5.69
5.69
5.68
5.68
5.7
5.72
5.74
5.75
5.75
5.74
5.76
5.77
5.77
5.78
5.8
5.8
5.78
5.78
5.78
5.81
5.88
5.88
5.88
5.93
5.99
6.08
6.06
6.01
6.06
6.09
6.11
6.21
6.18
6.13
6.14
6.14
6.03
6.06
5.93
5.86
5.83
5.82
5.81
5.77
5.81
5.79
5.77
5.87
5.78
5.76
5.76
5.75
5.73
5.73
5.72
5.78
5.81
5.8
5.77
5.74
5.72
5.71
5.66
5.64
5.66
5.62
5.55
5.49
5.46
5.45
5.42
5.41
5.42
5.43
5.46
5.46
5.45
5.45
5.47
5.5
5.49
5.45
5.42
5.38
5.36
5.34
5.34
5.31
5.31
5.33
5.28
