12.0
12.03
12.08
12.12
12.23
12.22
12.2
12.13
12.07
12.07
12.09
12.13
12.08
12.22
12.14
12.03
12.02
11.97
11.99
11.99
11.92
11.66
11.46
11.27
10.74
10.61
10.63
10.69
10.7
10.72
10.57
10.43
10.28
10.14
9.94
9.75
9.59
9.55
9.51
9.37
9.26
9.09
8.94
8.8
8.71
8.62
8.63
8.6
8.61
8.57
8.47
8.39
8.37
8.33
8.16
8.1
8.1
8.07
8.11
8.15
8.09
8.1
8.13
8.11
8.01
7.93
7.97
7.98
7.96
7.92
7.91
7.87
7.83
7.8
7.69
7.74
7.66
7.6
7.61
7.66
7.65
7.55
7.47
7.47
7.5
7.25
7.18
7.16
7.01
6.98
6.98
7.1
7.05
7.14
7.01
6.96
6.93
6.63
6.79
6.8
6.67
6.61
6.59
6.54
6.46
6.23
6.39
6.3
6.35
6.41
6.36
6.36
6.37
6.36
6.23
6.2
6.12
6.28
6.36
6.13
6.07
6.11
6.06
5.93
6.02
5.91
5.82
5.85
5.94
5.91
6.03
5.92
5.8
5.75
5.82
5.85
5.93
5.92
5.94
5.96
5.95
5.93
6.0
6.05
5.94
5.88
5.85
5.9
5.92
5.93
5.92
5.99
5.98
5.96
5.96
5.96
5.95
5.95
5.94
5.94
5.96
5.95
5.99
6.01
6.02
6.01
6.02
6.02
6.06
6.05
6.07
6.11
6.09
6.07
6.05
6.06
6.03
6.01
6.01
5.96
5.93
5.92
5.9
5.88
5.88
5.86
5.87
5.89
5.9
5.93
5.95
5.98
6.0
6.02
6.03
6.05
6.06
6.08
6.1
6.13
6.13
6.15
6.18
6.18
6.22
6.29
6.33
6.35
6.36
6.36
6.37
6.4
6.42
6.46
6.48
6.47
6.51
6.51
6.55
6.62
6.68
6.71
6.76
6.79
6.86
6.87
6.91
6.94
6.97
6.97
7.09
7.11
7.1
7.2
7.21
7.31
7.29
7.21
7.22
7.1
7.24
7.24
7.35
7.08
7.12
7.33
7.36
7.41
7.38
7.35
7.21
7.26
7.27
7.27
7.44
7.45
7.52
7.46
7.41
7.51
7.43
7.48
7.48
7.34
7.35
7.35
7.27
7.21
7.27
7.36
7.41
7.33
7.3
7.34
7.39
7.44
7.54
7.6
7.61
7.65
7.63
7.58
7.5
7.47
7.41
7.38
7.3
7.25
7.24
7.25
7.21
7.2
7.27
7.27
7.29
7.32
7.32
7.35
7.33
7.27
7.27
7.25
7.32
7.35
7.38
7.39
7.34
7.28
7.33
7.33
7.48
7.6
7.64
7.68
7.62
7.59
7.63
7.62
7.64
7.72
7.74
7.81
7.86
7.86
7.86
7.86
7.84
7.83
7.82
7.8
7.77
7.67
7.61
7.55
7.53
7.53
7.49
7.42
7.4
7.37
7.37
7.37
7.37
7.38
7.37
7.37
7.38
7.4
7.45
7.44
7.42
7.46
7.47
7.48
7.58
7.65
7.72
7.75
7.83
7.87
7.87
7.8
7.86
7.96
7.95
7.96
7.96
8.1
8.1
8.25
8.25
8.06
8.0
7.82
7.76
7.62
7.43
7.52
7.41
7.07
6.61
6.48
7.07
7.13
7.27
7.03
6.95
6.72
6.77
6.62
6.75
6.66
6.76
6.75
6.52
6.54
6.52
6.52
6.5
6.57
6.79
6.87
6.87
6.97
7.02
7.1
7.16
7.04
7.19
7.09
7.05
6.88
6.91
6.98
6.91
6.99
6.97
7.06
7.12
7.05
7.11
7.13
7.09
7.17
7.08
7.15
7.25
7.33
7.2
7.29
7.26
7.18
7.28
7.2
7.16
7.05
6.96
6.9
6.99
7.03
7.09
7.07
7.11
7.06
7.07
7.1
7.11
7.11
7.08
7.09
7.13
7.16
7.23
7.31
7.33
7.35
7.39
7.35
7.36
7.39
7.43
7.45
7.47
7.43
7.44
7.44
7.44
7.44
7.45
7.46
7.48
7.48
7.44
7.4
7.39
7.44
7.47
7.52
7.6
7.67
7.55
7.51
7.49
7.51
7.52
7.56
7.6
7.6
7.64
7.61
7.79
7.92
7.93
7.94
7.97
8.09
8.2
8.36
8.42
8.38
8.43
8.47
8.63
8.76
8.83
8.94
9.15
9.3
9.31
9.16
9.16
9.38
9.64
9.65
9.7
9.61
9.5
9.43
9.45
9.54
9.44
9.47
9.47
9.39
9.21
9.06
8.99
8.92
8.85
8.83
8.79
8.71
8.75
8.82
8.86
8.94
9.05
9.1
8.92
8.8
8.69
8.67
8.71
8.87
8.96
9.25
9.3
9.4
9.44
9.55
9.7
9.57
9.29
9.09
9.32
9.53
9.55
9.66
9.59
9.47
9.4
9.39
9.38
9.42
9.39
9.41
9.42
9.38
9.23
9.21
9.25
9.28
9.18
9.17
9.25
9.18
8.79
8.37
8.33
8.28
8.26
8.34
8.3
8.2
8.06
7.97
7.88
7.88
7.81
7.75
7.76
7.72
7.68
7.65
7.63
7.63
7.6
7.6
7.6
7.56
7.57
7.57
7.55
7.53
7.52
7.53
7.51
7.5
7.49
7.49
7.49
7.47
7.46
7.45
7.44
7.42
7.41
7.41
7.42
7.46
7.45
7.46
7.48
7.47
7.42
7.38
7.37
7.36
7.34
7.32
7.29
7.29
7.29
7.26
7.3
7.35
7.39
7.51
7.56
7.59
7.57
7.58
7.63
7.69
7.65
7.7
7.75
7.76
7.88
7.92
7.74
7.66
7.62
7.67
7.7
7.64
7.62
7.67
7.69
7.68
7.64
7.7
7.68
7.64
7.61
7.68
7.74
7.68
7.64
7.59
7.45
7.56
7.54
7.47
7.49
7.38
7.36
7.2
7.46
7.54
7.6
7.52
7.62
7.73
7.49
7.54
7.54
7.36
7.1
7.36
7.73
7.66
7.74
7.95
7.88
8.16
8.51
8.44
8.51
8.49
8.65
8.72
8.57
8.42
8.26
7.59
7.44
7.44
7.59
7.67
7.52
7.33
7.33
7.28
7.37
7.41
7.4
7.44
7.51
7.51
7.54
7.5
7.51
7.58
7.68
7.69
7.72
7.7
7.69
7.72
7.7
7.63
7.56
7.51
7.43
7.39
7.35
7.34
7.27
7.24
7.2
7.21
7.23
7.25
7.27
7.24
7.2
7.14
7.1
7.09
7.11
7.12
7.13
7.22
7.27
7.26
7.28
7.32
7.28
7.21
7.18
7.2
7.22
7.16
7.2
7.15
7.1
7.1
7.11
7.13
7.12
7.09
7.02
7.01
6.96
6.98
7.05
7.12
7.09
7.16
7.26
7.26
7.25
7.31
7.37
7.34
7.44
7.43
7.48
7.37
7.43
7.49
7.54
7.53
7.61
7.56
7.47
7.53
7.54
7.51
7.6
7.8
7.82
7.72
7.71
7.67
7.57
7.62
7.74
7.77
7.79
7.88
7.92
7.71
7.64
7.46
7.32
7.4
7.33
7.29
7.34
7.34
7.41
7.32
7.41
7.25
7.49
7.54
7.56
7.51
7.39
7.57
7.59
7.7
7.65
7.58
7.8
7.83
7.68
7.66
7.64
7.62
7.65
7.53
7.53
7.5
7.75
7.74
7.77
7.74
7.74
7.97
8.2
8.3
8.15
8.12
8.17
8.31
8.48
8.56
8.62
8.7
8.65
8.6
8.54
8.57
8.67
8.69
8.62
8.56
8.5
8.44
8.41
8.38
8.33
8.28
8.27
8.32
8.36
8.36
8.37
8.38
8.37
8.37
8.38
8.37
8.33
8.29
8.23
8.2
8.15
8.14
8.13
8.07
8.04
8.02
8.02
8.0
7.97
7.97
8.01
7.95
7.95
7.92
8.05
8.1
8.09
8.16
8.29
8.42
8.52
8.53
8.46
8.48
8.46
8.49
8.5
8.53
8.66
8.7
8.69
8.69
8.64
8.66
8.68
8.62
8.57
8.52
8.5
8.51
8.55
8.54
8.42
8.37
8.33
8.32
8.3
8.2
8.28
8.3
8.36
8.38
8.38
8.38
8.35
8.37
8.4
8.44
8.46
8.5
8.53
8.56
8.65
8.63
8.61
8.61
8.72
8.63
8.64
8.63
8.65
8.75
8.7
8.72
8.78
8.91
8.94
9.01
8.74
8.75
8.86
8.9
9.01
9.04
9.13
9.07
9.05
9.02
9.08
9.11
8.92
8.62
8.87
8.68
8.44
8.44
8.43
8.34
8.36
8.4
8.43
8.26
8.32
8.38
8.46
8.59
8.66
8.68
8.73
8.71
8.8
8.74
8.58
8.29
8.14
7.98
7.81
7.73
7.61
7.54
7.53
7.52
7.49
7.48
7.46
7.59
8.03
8.68
9.33
9.54
9.55
9.48
9.38
9.25
9.03
8.97
8.91
8.83
8.62
8.5
8.46
8.44
8.48
8.55
8.59
8.61
8.67
8.73
8.77
8.8
8.82
8.86
8.89
8.94
8.95
8.96
8.99
9.01
9.03
9.04
9.05
9.09
9.1
9.12
9.15
9.15
9.15
9.15
9.17
9.14
9.11
9.09
9.07
9.06
9.05
9.05
9.06
9.06
9.06
9.07
9.1
9.11
9.11
9.11
9.13
9.13
9.14
9.17
9.23
9.29
9.32
9.33
9.29
9.3
9.34
9.45
9.54
9.44
9.3
9.33
9.21
9.25
9.21
9.27
9.1
8.93
9.09
9.05
9.02
8.91
8.93
9.05
9.0
8.87
8.95
8.98
9.0
9.05
9.06
8.91
9.01
9.03
9.06
9.12
9.53
9.78
9.99
9.98
9.97
10.06
9.92
9.91
9.98
10.15
9.97
9.65
9.56
9.61
9.6
9.41
9.72
9.73
9.64
9.58
9.75
9.77
9.8
9.79
9.89
9.95
9.9
9.95
9.91
9.84
9.77
9.56
9.38
9.37
9.4
9.38
9.42
9.53
9.57
9.63
9.69
9.79
9.78
9.78
9.75
9.77
9.85
9.89
9.85
9.78
9.74
9.73
9.73
9.71
9.62
9.16
8.99
8.83
8.64
8.5
8.6
8.78
8.79
8.79
8.88
8.78
8.67
8.59
8.53
8.46
8.38
8.33
8.3
8.24
8.18
8.12
8.08
7.98
7.91
7.86
7.82
7.79
7.75
7.74
7.74
7.75
