0 4.8 308.9 14.51 0.0
1 -4.8 9.84 12.78 180.0
10 -1.6 33.16 14.27 180.0
11 504.8 135.87 14.19 0.0
12 185.7 4.8 13.4 270.0
13 949.58 498.4 14.64 90.0
14 4.8 92.56 13.39 0.0
15 1004.8 911.31 11.75 0.0
16 305.6 495.2 12.12 90.0
17 505.61 -0.92 8.0 119.72
18 51.91 501.6 12.45 270.0
19 46.43 504.8 15.85 270.0
2 825.58 501.6 13.36 270.0
20 504.8 39.43 10.4 0.0
3 501.6 111.66 14.23 0.0
4 995.2 806.97 13.06 180.0
5 798.62 504.8 11.07 270.0
6 504.8 581.77 13.51 0.0
7 363.52 495.2 11.12 90.0
8 29.82 501.6 12.2 270.0
9 4.8 251.57 11.7 0.0

0-14
0-18
0-19
0-8
0-9
1-10
1-12
1-14
1-9
10-12
10-14
10-9
11-17
11-20
11-3
12-14
13-2
13-5
14-9
15-4
16-6
16-7
17-20
17-3
18-19
18-8
19-8
2-5
20-3
6-7
