0 429.42 4.8 14.37 270.0
1 161.98 501.6 12.54 270.0
10 -4.8 829.48 14.12 180.0
11 -4.8 42.21 13.96 180.0
12 956.4 4.8 12.05 270.0
13 504.8 151.16 14.59 0.0
14 495.2 70.62 12.51 180.0
15 764.39 498.4 12.28 90.0
16 4.8 190.92 11.31 0.0
17 495.2 659.31 12.43 180.0
18 690.62 504.8 12.59 270.0
19 501.6 132.6 15.0 0.0
2 990.64 995.2 8.44 90.0
20 995.2 144.18 13.17 180.0
3 -4.8 98.83 14.08 180.0
4 505.85 993.22 6.34 12.37
5 995.2 878.62 10.84 180.0
6 656.3 4.8 14.33 270.0
7 4.8 240.66 11.93 0.0
8 495.2 687.58 12.26 180.0
9 348.81 4.8 10.76 270.0

0-13
0-14
0-19
0-6
0-9
11-16
11-3
11-7
12-20
13-14
13-19
13-6
13-9
14-19
14-6
14-9
15-18
16-3
16-7
17-18
17-8
19-6
19-9
2-5
3-7
