0 995.2 389.23 13.82 180.0
1 505.88 6.73 5.37 293.56
10 825.14 1004.8 13.89 270.0
11 470.81 501.6 13.32 270.0
12 995.2 892.83 14.22 180.0
13 995.2 304.69 14.47 180.0
14 46.63 498.4 12.5 90.0
15 447.24 995.2 12.59 90.0
16 495.2 68.7 11.01 180.0
17 9.65 995.2 3.44 80.33
18 992.73 -4.8 8.82 90.0
19 495.2 891.11 14.79 180.0
2 504.8 589.21 13.63 0.0
20 504.8 469.73 13.01 0.0
3 510.5 501.6 0.0 270.0
4 916.0 501.6 13.65 270.0
5 386.13 995.2 10.64 90.0
6 952.34 495.2 13.76 90.0
7 495.2 23.47 11.22 180.0
8 504.8 492.56 12.88 0.0
9 995.2 114.6 11.54 180.0

0-13
0-4
0-6
1-16
1-7
10-12
11-2
11-20
11-3
11-8
13-4
13-6
13-9
15-19
15-5
16-7
18-9
19-5
2-20
2-3
2-8
20-3
20-8
3-8
4-6
