0 855.58 4.8 14.06 270.0
1 501.6 485.4 10.88 0.0
10 239.43 1004.8 15.07 270.0
11 -1.6 449.81 13.69 180.0
12 995.2 334.32 14.51 180.0
13 755.42 4.8 14.93 270.0
14 495.2 461.66 10.35 180.0
15 498.4 581.61 11.92 180.0
16 133.79 4.8 12.14 270.0
17 487.39 995.2 9.77 90.0
18 1001.6 463.24 12.25 0.0
19 498.4 272.83 15.58 180.0
2 594.5 995.2 13.59 90.0
20 979.43 495.2 11.17 90.0
3 13.94 501.6 7.48 270.0
4 504.8 601.35 13.82 0.0
5 823.68 995.2 11.01 90.0
6 995.2 29.24 14.41 180.0
7 77.73 4.8 11.02 270.0
8 501.6 984.15 8.06 0.0
9 687.82 4.8 11.89 270.0

0-13
0-6
0-9
1-14
1-15
1-19
1-4
10-17
11-3
12-18
12-20
13-6
13-9
14-15
14-19
14-4
15-4
16-7
17-2
17-8
18-20
2-5
2-8
