0 641.75 4.8 14.54 270.0
1 349.43 504.8 12.91 270.0
10 17.96 1004.8 13.59 270.0
11 -4.8 246.17 14.13 180.0
12 995.2 125.35 13.43 180.0
13 540.12 4.8 11.89 270.0
14 495.2 266.67 13.42 180.0
15 581.71 498.4 12.53 90.0
16 4.8 19.96 7.7 0.0
17 495.2 845.44 12.62 180.0
18 874.37 504.8 12.78 270.0
19 498.4 42.09 15.95 180.0
2 796.6 995.2 13.9 90.0
20 995.2 344.49 13.91 180.0
3 -1.6 313.99 14.3 180.0
4 504.8 805.85 13.13 0.0
5 985.68 995.2 10.8 90.0
6 862.55 4.8 14.01 270.0
7 4.8 65.06 11.52 0.0
8 498.4 873.04 12.58 180.0
9 519.45 4.8 10.84 270.0

0-13
0-19
0-6
0-9
1-15
11-16
11-3
11-7
12-20
12-6
13-19
13-9
14-15
14-19
16-7
17-4
17-8
18-20
19-9
2-5
3-7
4-8
