0 4.8 378.78 14.02 0.0
1 28.8 -4.8 10.84 90.0
10 19.25 -1.6 10.41 90.0
11 504.8 203.06 13.74 0.0
12 116.62 4.8 14.16 270.0
13 994.21 499.06 5.65 82.43
14 4.8 158.43 12.53 0.0
15 1004.8 971.45 12.17 0.0
16 362.82 495.2 12.15 90.0
17 561.19 -1.6 12.28 90.0
18 5.86 500.95 8.49 262.54
19 4.8 510.59 6.66 339.95
2 758.1 501.6 13.92 270.0
20 504.8 104.97 13.11 0.0
3 501.6 181.71 13.95 0.0
4 995.2 738.78 14.23 180.0
5 744.5 504.8 10.27 270.0
6 504.8 651.71 14.2 0.0
7 421.1 495.2 11.28 90.0
8 -1.6 487.56 7.79 184.82
9 4.8 308.44 11.23 0.0

0-14
0-18
0-19
0-8
0-9
1-10
1-12
1-14
10-12
10-14
11-17
11-20
11-3
12-14
13-2
13-4
13-5
14-9
15-4
16-6
16-7
17-20
17-3
18-19
18-8
18-9
19-8
19-9
2-5
20-3
6-7
8-9
