0 13.13 1.6 10.54 270.0
1 -4.8 319.26 12.05 180.0
10 -4.8 395.57 14.77 180.0
11 334.06 -1.6 14.07 90.0
12 536.91 4.8 14.03 270.0
13 576.81 495.2 14.89 90.0
14 208.84 4.8 12.69 270.0
15 1004.8 607.3 12.82 0.0
16 20.81 495.2 6.11 90.0
17 498.4 286.65 12.81 180.0
18 356.38 501.6 12.86 270.0
19 432.09 501.6 16.03 270.0
2 995.2 640.76 12.85 180.0
20 771.36 4.8 12.94 270.0
3 305.52 -1.6 14.65 90.0
4 899.1 995.2 14.01 90.0
5 995.2 553.76 10.96 180.0
6 504.8 231.35 13.53 0.0
7 72.93 495.2 11.93 90.0
8 335.91 504.8 11.89 270.0
9 13.08 4.8 10.46 270.0

0-14
0-9
1-10
1-16
1-7
10-16
10-7
11-12
11-14
11-3
12-20
12-3
12-6
13-17
13-18
13-19
13-8
14-3
14-9
15-2
15-5
16-7
17-19
17-6
18-19
18-8
19-8
2-5
