0 925.6 4.8 14.37 270.0
1 501.6 425.21 12.32 0.0
10 313.73 1004.8 14.33 270.0
11 6.19 501.0 8.38 263.08
12 995.2 406.02 14.5 180.0
13 829.62 4.8 14.67 270.0
14 489.09 495.2 4.78 90.0
15 498.4 642.76 11.9 180.0
16 192.58 4.8 10.91 270.0
17 427.84 995.2 12.16 90.0
18 1001.6 401.72 12.95 0.0
19 498.4 351.06 15.38 180.0
2 530.93 995.2 8.47 90.0
20 914.65 495.2 13.13 90.0
3 75.2 501.6 14.23 270.0
4 504.8 532.49 11.27 0.0
5 770.46 995.2 10.73 90.0
6 995.2 99.48 13.66 180.0
7 134.57 4.8 12.26 270.0
8 501.6 927.55 12.54 0.0
9 745.53 4.8 11.26 270.0

0-13
0-6
0-9
1-14
1-15
1-19
1-4
10-17
10-2
10-8
11-3
12-18
12-20
13-6
13-9
14-15
14-19
14-4
15-4
16-7
17-2
17-8
18-20
19-4
2-5
2-8
