0 44.76 495.2 9.97 90.0
1 995.2 452.0 10.96 180.0
10 1004.8 42.28 9.95 0.0
11 1004.8 16.01 3.08 0.0
12 39.19 995.2 9.07 90.0
13 542.78 995.2 9.45 90.0
14 455.28 1004.8 10.11 270.0
15 4.8 521.63 4.31 0.0
16 495.2 979.15 3.57 180.0
17 446.55 504.8 12.44 270.0
18 17.07 -4.8 3.93 90.0
2 961.09 4.8 8.92 270.0
3 545.93 495.2 9.61 90.0
4 542.81 -4.8 8.81 90.0
5 4.8 545.42 9.93 0.0
6 22.17 495.2 4.47 90.0
7 495.2 956.24 9.17 180.0
8 35.82 -4.8 8.29 90.0
9 520.1 495.2 3.01 90.0

0-15
0-5
0-6
10-11
10-2
11-2
13-14
13-16
13-7
14-16
14-7
15-5
15-6
16-7
17-3
17-9
18-8
3-9
5-6
