0 4.8 729.03 14.2 0.0
1 337.72 -1.6 12.02 90.0
10 378.09 -4.8 13.95 90.0
11 520.81 495.2 8.14 90.0
12 4.8 187.53 13.47 0.0
13 1004.8 852.04 15.13 0.0
14 4.8 483.29 10.0 0.0
15 746.84 1001.6 12.84 270.0
16 645.2 495.2 11.97 90.0
17 871.77 -4.8 12.58 90.0
18 -4.8 208.18 11.93 180.0
19 4.8 876.12 15.55 0.0
2 510.5 504.8 0.0 270.0
20 501.6 445.28 13.79 0.0
3 501.6 540.11 14.0 0.0
4 915.11 504.8 13.95 270.0
5 492.64 501.6 8.17 270.0
6 501.6 987.6 6.39 0.0
7 703.98 495.2 11.79 90.0
8 -4.8 183.08 11.78 180.0
9 4.8 591.31 10.71 0.0

0-14
0-19
0-9
1-10
11-16
11-2
11-20
11-3
11-5
11-7
12-18
12-8
14-9
15-6
16-2
16-20
16-3
16-5
16-7
18-8
2-20
2-3
2-5
2-7
20-3
20-5
20-7
3-5
3-7
4-7
5-7
