0 4.8 518.54 13.92 0.0
1 152.51 -4.8 12.38 90.0
10 162.01 -1.6 14.17 90.0
11 504.8 338.7 13.56 0.0
12 4.81 6.34 3.05 290.76
13 1004.8 626.4 14.54 0.0
14 4.8 287.92 13.08 0.0
15 930.45 1004.8 11.99 270.0
16 479.42 495.2 11.39 90.0
17 684.92 -4.8 11.95 90.0
18 -1.6 392.64 12.96 180.0
19 4.8 643.68 15.63 0.0
2 624.47 501.6 12.91 270.0
20 501.6 240.12 13.97 0.0
3 501.6 325.89 13.99 0.0
4 995.2 601.75 13.19 180.0
5 635.95 504.8 11.52 270.0
6 501.6 790.42 13.26 0.0
7 530.26 495.2 12.29 90.0
8 -4.8 368.59 12.6 180.0
9 4.8 421.15 10.71 0.0

0-14
0-18
0-19
0-8
0-9
1-10
1-12
10-12
11-16
11-2
11-20
11-3
11-5
11-7
13-4
14-18
14-8
14-9
16-2
16-3
16-5
16-7
18-8
18-9
19-9
2-3
2-5
2-7
20-3
3-5
3-7
5-7
8-9
