0 571.4 4.8 14.46 270.0
1 287.47 501.6 12.74 270.0
10 -4.8 974.42 11.33 180.0
11 -4.8 179.57 13.32 180.0
12 995.2 56.58 13.32 180.0
13 504.8 14.97 6.92 359.31
14 495.2 201.03 12.9 180.0
15 641.84 495.2 11.87 90.0
16 4.8 76.8 12.01 0.0
17 495.2 782.48 13.0 180.0
18 812.62 504.8 12.39 270.0
19 501.6 10.78 3.84 82.59
2 862.7 995.2 12.76 90.0
20 995.2 277.0 13.64 180.0
3 -4.8 241.69 14.7 180.0
4 504.8 873.44 13.8 0.0
5 995.2 982.49 6.06 180.0
6 793.84 4.8 13.64 270.0
7 4.8 123.98 12.27 0.0
8 498.4 810.4 11.82 180.0
9 462.86 4.8 11.71 270.0

0-13
0-14
0-19
0-6
0-9
11-16
11-3
11-7
12-20
12-6
13-14
13-19
13-9
14-19
14-9
15-18
16-3
16-7
17-4
17-8
19-9
2-5
3-7
4-8
