0 4.8 870.19 14.56 0.0
1 462.17 -1.6 11.76 90.0
10 521.76 -4.8 14.54 90.0
11 650.41 495.2 13.55 90.0
12 4.8 328.86 14.31 0.0
13 1004.56 995.31 10.06 357.19
14 95.36 495.2 13.35 90.0
15 623.29 1001.6 12.68 270.0
16 761.42 498.4 11.39 90.0
17 993.31 -4.8 9.55 90.0
18 -4.8 84.22 12.46 180.0
19 10.42 995.2 4.5 87.21
2 480.47 504.8 9.34 270.0
20 444.81 501.6 13.54 270.0
3 504.8 684.55 14.81 0.0
4 778.56 504.8 13.67 270.0
5 385.45 504.8 10.44 270.0
6 390.68 1004.8 13.97 270.0
7 820.73 498.4 11.5 90.0
8 -4.8 57.83 12.5 180.0
9 4.8 706.28 11.62 0.0

0-19
0-9
1-10
11-16
11-2
11-20
11-3
11-4
11-7
12-14
12-18
14-9
15-6
16-4
16-7
18-8
2-20
2-3
2-5
20-3
20-5
3-5
4-7
