0 712.52 4.8 13.96 270.0
1 412.62 501.6 12.75 270.0
10 90.1 1004.8 14.55 270.0
11 -4.8 313.92 13.21 180.0
12 995.2 193.97 14.36 180.0
13 604.62 4.8 13.91 270.0
14 495.2 332.4 12.52 180.0
15 521.06 498.4 10.4 90.0
16 19.98 4.8 11.5 270.0
17 495.2 907.75 12.06 180.0
18 936.18 501.6 12.76 270.0
19 498.4 119.22 14.91 180.0
2 729.45 995.2 12.86 90.0
20 995.2 412.16 13.88 180.0
3 -1.6 385.3 14.38 180.0
4 504.8 737.39 13.13 0.0
5 930.97 995.2 11.34 90.0
6 931.54 4.8 14.16 270.0
7 4.8 14.07 5.65 0.0
8 498.4 934.44 12.25 180.0
9 574.58 4.8 11.71 270.0

0-13
0-19
0-6
0-9
1-14
1-15
11-3
12-20
12-6
13-19
13-9
14-15
14-19
15-4
16-7
17-4
17-8
18-20
19-9
2-5
2-8
4-8
