0 500.42 4.8 14.71 270.0
1 223.65 501.6 12.67 270.0
10 -4.8 902.72 15.09 180.0
11 -4.8 111.14 13.16 180.0
12 994.96 5.46 3.32 182.82
13 504.8 77.92 15.12 0.0
14 495.2 135.94 12.77 180.0
15 703.06 495.2 12.22 90.0
16 4.8 133.21 11.71 0.0
17 495.2 721.73 11.95 180.0
18 752.07 504.8 11.76 270.0
19 501.6 56.71 13.76 0.0
2 929.25 995.2 13.58 90.0
20 995.2 209.61 13.86 180.0
3 -4.8 170.14 14.61 180.0
4 504.8 942.13 13.79 0.0
5 995.2 932.3 11.19 180.0
6 726.0 4.8 13.3 270.0
7 4.8 181.92 11.04 0.0
8 495.2 749.33 11.84 180.0
9 406.07 4.8 11.29 270.0

0-13
0-14
0-19
0-6
0-9
11-16
11-3
11-7
12-20
13-14
13-19
13-6
13-9
14-19
14-9
15-18
16-3
16-7
17-4
17-8
19-6
19-9
2-5
3-7
4-8
