0 995.2 320.66 13.48 180.0
1 504.8 53.79 12.03 0.0
10 752.1 1004.8 14.47 270.0
11 402.93 501.6 13.56 270.0
12 995.2 822.73 14.14 180.0
13 995.2 229.83 14.38 180.0
14 110.31 495.2 12.5 90.0
15 494.18 993.16 5.91 114.82
16 495.2 15.6 8.21 180.0
17 53.13 995.2 11.86 90.0
18 1004.8 30.48 11.25 0.0
19 495.2 814.67 15.76 180.0
2 504.8 656.66 13.21 0.0
20 519.62 495.2 7.18 90.0
3 495.79 501.6 6.4 270.0
4 848.24 504.8 13.18 270.0
5 440.04 995.2 10.92 90.0
6 992.61 494.51 4.49 98.02
7 481.36 4.8 7.3 270.0
8 504.8 554.65 12.34 0.0
9 995.2 57.56 11.51 180.0

0-13
0-4
0-6
1-16
1-7
11-2
11-20
11-3
11-8
13-18
13-9
15-19
15-5
16-7
18-9
19-2
19-5
2-20
2-3
2-8
20-3
20-8
3-8
4-6
