0 4.8 799.13 14.21 0.0
1 400.47 -1.6 12.96 90.0
10 449.9 -4.8 14.35 90.0
11 582.85 495.2 13.28 90.0
12 4.8 257.17 13.5 0.0
13 1004.8 925.93 14.81 0.0
14 30.36 495.2 9.67 90.0
15 686.64 1001.6 11.74 270.0
16 703.13 495.2 11.36 90.0
17 933.78 -4.8 11.87 90.0
18 -4.8 146.72 11.77 180.0
19 4.8 953.26 15.07 0.0
2 510.5 504.8 0.0 270.0
20 498.61 498.58 8.34 331.95
3 504.8 612.24 15.02 0.0
4 847.12 504.8 14.2 270.0
5 439.95 501.6 11.35 270.0
6 460.26 1001.6 12.73 270.0
7 762.68 498.4 12.21 90.0
8 -4.8 121.36 12.77 180.0
9 4.8 648.8 11.48 0.0

0-19
0-9
1-10
11-16
11-2
11-20
11-3
11-5
11-7
12-14
12-18
12-8
14-9
15-6
16-2
16-20
16-3
16-4
16-7
18-8
2-20
2-3
2-5
20-3
20-5
3-5
4-7
