0 784.12 4.8 13.95 270.0
1 473.42 501.6 9.14 270.0
10 164.11 1004.8 15.0 270.0
11 -4.8 381.97 14.03 180.0
12 995.2 264.38 13.59 180.0
13 679.25 4.8 14.76 270.0
14 495.2 397.13 13.53 180.0
15 498.4 520.01 12.77 180.0
16 76.43 4.8 11.17 270.0
17 495.2 968.39 9.79 180.0
18 990.43 501.48 8.6 280.52
19 498.4 196.11 15.08 180.0
2 662.97 995.2 13.85 90.0
20 995.2 475.37 8.38 180.0
3 -1.6 458.32 13.87 180.0
4 504.8 669.86 13.92 0.0
5 877.0 995.2 10.62 90.0
6 985.67 4.8 5.18 270.0
7 21.4 4.8 11.33 270.0
8 498.4 982.55 4.41 180.0
9 629.84 4.8 11.43 270.0

0-13
0-6
0-9
1-14
1-15
1-4
11-3
12-18
12-20
13-9
14-15
14-19
15-4
16-7
17-2
17-8
18-20
19-9
2-5
2-8
