0 1.6 29.13 10.81 0.0
1 -4.8 258.4 12.36 180.0
10 -4.8 322.47 15.12 180.0
11 402.51 -1.6 13.36 90.0
12 467.17 4.8 13.85 270.0
13 651.95 495.2 15.51 90.0
14 142.12 4.8 13.58 270.0
15 1004.8 668.3 11.95 0.0
16 73.79 495.2 12.16 90.0
17 498.4 223.38 12.49 180.0
18 296.68 501.6 12.21 270.0
19 354.66 501.6 15.09 270.0
2 995.2 574.46 12.9 180.0
20 703.06 4.8 14.11 270.0
3 376.44 -1.6 14.35 90.0
4 967.36 995.2 13.2 90.0
5 994.82 507.9 5.35 184.37
6 504.8 301.71 14.04 0.0
7 130.89 495.2 12.06 90.0
8 275.26 501.6 12.17 270.0
9 4.8 27.94 9.11 0.0

0-1
0-14
0-9
1-10
1-16
1-9
10-16
10-7
11-12
11-17
11-3
12-17
12-20
12-3
13-6
14-3
14-9
15-2
15-5
16-18
16-7
16-8
17-6
18-19
18-7
18-8
19-6
19-7
19-8
2-5
7-8
