0 4.8 97.64 14.32 0.0
1 -4.8 195.72 12.54 180.0
10 -4.8 248.85 14.95 180.0
11 470.07 -1.6 13.2 90.0
12 396.6 4.8 14.52 270.0
13 727.49 498.4 14.69 90.0
14 75.3 4.8 13.53 270.0
15 1004.8 730.29 12.7 0.0
16 130.97 495.2 11.47 90.0
17 498.4 162.69 12.28 180.0
18 236.26 501.6 12.19 270.0
19 278.52 504.8 15.7 270.0
2 995.2 510.96 9.47 180.0
20 635.08 4.8 13.76 270.0
3 446.94 -1.6 13.81 90.0
4 995.2 990.51 3.19 168.53
5 964.6 504.8 9.49 270.0
6 504.8 371.1 13.8 0.0
7 189.88 495.2 11.98 90.0
8 213.93 501.6 12.86 270.0
9 4.8 83.54 11.07 0.0

0-1
0-10
0-14
0-9
1-10
1-14
1-9
10-9
11-12
11-17
11-20
11-3
12-17
12-20
12-3
13-5
14-9
15-2
15-5
16-18
16-19
16-7
16-8
17-20
17-3
17-6
18-19
18-7
18-8
19-7
19-8
2-5
20-3
7-8
