0 358.83 4.8 13.99 270.0
1 100.26 501.6 12.42 270.0
10 -4.8 756.38 14.73 180.0
11 4.71 -4.56 8.66 106.11
12 886.0 4.8 13.99 270.0
13 504.8 226.17 15.54 0.0
14 495.2 13.62 5.88 180.0
15 826.2 498.4 12.34 90.0
16 4.8 249.89 12.18 0.0
17 495.2 597.8 12.34 180.0
18 628.73 504.8 12.19 270.0
19 501.6 210.49 15.59 0.0
2 995.2 971.61 8.97 180.0
20 995.2 75.62 13.77 180.0
3 -4.8 28.99 14.13 180.0
4 556.73 995.2 14.16 90.0
5 995.2 824.87 11.04 180.0
6 587.71 4.8 13.63 270.0
7 4.8 298.48 11.35 0.0
8 495.2 625.84 12.06 180.0
9 293.75 4.8 10.71 270.0

0-14
0-6
0-9
1-7
11-3
12-20
13-14
13-19
13-6
14-19
14-6
14-9
15-18
16-3
16-7
17-18
17-8
18-8
19-6
2-5
