0 995.2 37.78 14.22 180.0
1 501.6 300.82 11.93 0.0
10 459.72 1004.8 14.86 270.0
11 129.1 501.6 13.03 270.0
12 995.2 544.86 14.43 180.0
13 972.64 4.8 8.56 270.0
14 372.35 495.2 13.39 90.0
15 498.4 763.37 12.52 180.0
16 306.06 4.8 11.78 270.0
17 302.8 995.2 13.01 90.0
18 1001.6 278.46 12.72 0.0
19 495.2 505.68 16.02 180.0
2 504.8 926.86 13.54 0.0
20 780.29 495.2 13.41 90.0
3 219.63 501.6 14.06 270.0
4 576.79 504.8 13.82 270.0
5 661.2 995.2 11.04 90.0
6 995.2 236.82 14.22 180.0
7 252.26 4.8 12.07 270.0
8 501.6 803.31 12.17 0.0
9 859.46 4.8 11.4 270.0

0-13
0-18
0-6
0-9
1-14
1-19
1-4
10-15
10-17
10-2
10-5
10-8
11-14
11-3
12-20
13-6
13-9
14-19
14-3
14-4
15-2
15-8
16-7
17-2
18-6
19-4
2-5
2-8
20-4
5-8
