0 4.8 658.73 14.43 0.0
1 276.05 -1.6 12.66 90.0
10 306.03 -4.8 14.84 90.0
11 504.8 473.12 13.68 0.0
12 4.8 118.59 14.19 0.0
13 1004.8 776.29 14.64 0.0
14 4.8 419.72 13.57 0.0
15 808.02 1004.8 12.14 270.0
16 587.02 495.2 11.74 90.0
17 809.11 -4.8 12.96 90.0
18 -1.6 269.32 11.86 180.0
19 4.8 798.18 15.77 0.0
2 511.11 504.8 2.75 270.0
20 501.6 376.66 13.71 0.0
3 501.6 468.56 14.2 0.0
4 977.6 504.8 8.34 270.0
5 525.21 501.6 10.4 270.0
6 501.6 928.98 14.29 0.0
7 646.26 495.2 11.84 90.0
8 -4.8 245.15 12.72 180.0
9 4.8 534.41 11.53 0.0

0-14
0-19
0-9
1-10
11-16
11-2
11-20
11-3
11-5
11-7
12-18
12-8
14-18
14-8
14-9
16-2
16-20
16-3
16-5
16-7
18-8
2-20
2-3
2-5
2-7
20-3
20-5
20-7
3-5
3-7
5-7
