0 645.06 495.2 14.62 90.0
1 919.12 4.8 12.55 270.0
10 1004.8 688.55 14.59 0.0
11 922.54 501.6 13.14 270.0
12 663.54 995.2 14.23 90.0
13 995.2 823.62 15.03 180.0
14 -4.8 887.31 13.22 180.0
15 23.08 998.4 8.35 90.0
16 495.2 472.29 11.43 180.0
17 4.8 592.12 12.84 0.0
18 562.2 -4.8 12.66 90.0
19 94.71 995.2 15.21 90.0
2 504.8 122.12 13.69 0.0
20 501.6 34.9 12.9 0.0
3 860.84 504.8 14.79 270.0
4 1004.8 130.84 13.77 0.0
5 12.2 995.2 3.8 90.0
6 494.33 495.2 3.32 90.0
7 495.2 433.85 11.97 180.0
8 501.6 60.94 12.37 0.0
9 994.66 492.36 4.95 124.47

0-16
0-3
0-6
0-7
1-4
10-11
10-13
10-3
10-9
11-3
11-9
14-15
14-19
14-5
15-19
15-5
16-6
16-7
18-2
18-20
18-8
19-5
2-20
2-8
20-8
3-9
6-7
