0 217.61 4.8 13.9 270.0
1 -0.3 495.76 8.47 220.39
10 -4.8 612.42 13.87 180.0
11 129.9 -4.8 13.03 90.0
12 745.37 4.8 14.16 270.0
13 504.8 376.16 15.35 0.0
14 404.14 4.8 13.24 270.0
15 948.17 498.4 11.64 90.0
16 4.8 365.4 11.58 0.0
17 495.2 473.57 12.57 180.0
18 512.56 504.8 6.16 270.0
19 501.6 367.01 15.19 0.0
2 995.2 840.85 13.73 180.0
20 970.16 4.8 9.51 270.0
3 88.33 -1.6 14.55 90.0
4 691.7 995.2 14.04 90.0
5 995.2 716.4 10.9 180.0
6 504.8 28.13 8.38 0.0
7 4.8 414.18 11.7 0.0
8 495.2 511.33 5.67 180.0
9 183.34 4.8 10.72 270.0

0-11
0-14
0-3
0-9
1-10
1-16
1-7
10-16
10-7
11-3
11-9
12-20
12-6
13-17
13-18
13-19
13-8
14-6
14-9
15-5
16-7
17-18
17-19
17-8
18-19
18-8
19-8
2-5
3-9
