0 995.2 109.2 13.96 180.0
1 501.6 239.87 12.64 0.0
10 531.79 1004.8 14.85 270.0
11 197.57 501.6 13.26 270.0
12 995.2 615.52 13.62 180.0
13 995.2 12.99 9.03 180.0
14 306.75 495.2 13.01 90.0
15 495.2 824.97 12.79 180.0
16 365.16 4.8 11.19 270.0
17 239.95 995.2 12.38 90.0
18 1001.6 216.34 12.72 0.0
19 495.2 583.1 15.53 180.0
2 504.8 859.07 13.14 0.0
20 713.29 495.2 13.5 90.0
3 290.96 501.6 13.9 270.0
4 643.87 504.8 13.49 270.0
5 606.5 995.2 11.17 90.0
6 995.2 306.93 14.01 180.0
7 310.88 4.8 12.0 270.0
8 501.6 741.33 12.63 0.0
9 914.38 4.8 11.21 270.0

0-13
0-18
0-6
0-9
10-15
10-2
10-5
11-14
11-3
13-18
13-9
14-19
14-3
15-19
15-2
15-5
15-8
16-7
18-6
18-9
19-20
19-3
19-4
19-8
2-5
2-8
20-4
