0 987.52 495.2 5.95 90.0
1 613.47 4.8 11.75 270.0
10 969.8 1004.8 12.62 270.0
11 584.25 504.8 13.32 270.0
12 993.16 995.2 3.95 90.0
13 995.2 453.13 14.73 180.0
14 -1.6 557.62 13.01 180.0
15 324.93 995.2 12.18 90.0
16 495.2 184.08 11.48 180.0
17 4.8 904.11 12.98 0.0
18 872.4 -4.8 12.41 90.0
19 478.22 995.2 13.92 90.0
2 504.8 456.83 13.2 0.0
20 504.8 349.64 10.87 0.0
3 514.11 504.8 6.58 270.0
4 1001.6 475.37 14.1 0.0
5 278.37 995.2 10.7 90.0
6 815.46 495.2 13.41 90.0
7 495.2 139.5 11.69 180.0
8 504.8 368.75 11.8 0.0
9 995.2 227.36 10.94 180.0

0-13
0-4
0-6
1-16
1-7
10-12
11-2
11-20
11-3
11-6
11-8
13-4
13-6
13-9
15-19
15-5
16-20
16-7
16-8
19-5
2-20
2-3
2-8
20-3
20-7
20-8
3-8
4-6
4-9
7-8
