0 288.15 4.8 14.41 270.0
1 39.03 501.6 11.82 270.0
10 -4.8 684.66 14.02 180.0
11 62.79 -4.8 13.41 90.0
12 815.65 4.8 13.99 270.0
13 504.8 301.34 14.87 0.0
14 467.49 4.8 9.46 270.0
15 887.46 498.4 11.81 90.0
16 4.8 307.88 12.15 0.0
17 495.2 535.7 12.77 180.0
18 567.57 504.8 12.7 270.0
19 501.6 288.52 15.22 0.0
2 995.2 906.71 13.69 180.0
20 995.2 12.21 9.61 180.0
3 19.52 -1.6 10.66 90.0
4 623.56 995.2 13.09 90.0
5 995.2 769.04 11.08 180.0
6 519.54 4.8 13.33 270.0
7 4.8 356.56 11.21 0.0
8 495.2 564.0 11.83 180.0
9 237.57 4.8 10.85 270.0

0-11
0-14
0-6
0-9
1-10
1-16
1-7
11-3
11-9
12-20
13-17
13-18
13-19
14-6
14-9
16-7
17-18
17-19
17-8
18-19
18-8
2-5
3-9
