0 995.2 458.97 11.75 180.0
1 550.89 4.8 12.15 270.0
10 896.66 1004.8 15.0 270.0
11 519.39 501.6 10.01 270.0
12 995.2 959.83 10.8 180.0
13 995.2 379.06 14.37 180.0
14 -1.02 506.36 4.34 173.35
15 385.52 995.2 12.79 90.0
16 495.2 126.52 11.82 180.0
17 4.8 966.17 12.44 0.0
18 933.72 -4.8 12.07 90.0
19 495.2 965.8 11.08 180.0
2 504.8 522.22 13.25 0.0
20 504.8 409.3 11.94 0.0
3 510.5 504.8 0.0 270.0
4 981.17 501.6 8.49 270.0
5 333.37 995.2 10.53 90.0
6 884.59 495.2 13.52 90.0
7 495.2 80.57 12.04 180.0
8 504.8 429.92 12.19 0.0
9 995.2 171.86 11.36 180.0

0-13
0-4
0-6
1-16
1-7
10-12
11-2
11-20
11-3
11-8
13-4
13-6
13-9
15-19
15-5
16-7
18-9
19-5
2-20
2-3
2-8
20-3
20-8
3-8
4-6
