0 857.77 495.2 14.18 90.0
1 734.85 4.8 12.01 270.0
10 1004.8 906.93 13.94 0.0
11 719.56 504.8 13.88 270.0
12 870.26 995.2 13.71 90.0
13 995.2 600.77 14.72 180.0
14 -1.6 688.77 13.52 180.0
15 202.99 995.2 11.84 90.0
16 495.2 300.65 11.12 180.0
17 4.8 780.52 12.09 0.0
18 748.8 -4.8 12.47 90.0
19 325.66 995.2 15.92 90.0
2 504.8 323.35 13.67 0.0
20 501.6 237.15 13.07 0.0
3 645.62 504.8 14.92 270.0
4 1001.6 337.85 13.47 0.0
5 169.73 995.2 11.06 90.0
6 677.93 495.2 14.44 90.0
7 495.2 257.26 11.36 180.0
8 504.8 246.56 12.73 0.0
9 995.2 338.89 11.55 180.0

0-11
0-13
0-3
0-4
0-6
0-9
1-18
10-12
11-3
11-6
14-17
15-19
15-5
16-2
16-20
16-7
16-8
19-5
2-20
2-3
2-6
2-7
2-8
20-7
20-8
3-6
4-9
7-8
