0 149.53 1.6 13.51 270.0
1 -1.6 442.13 12.77 180.0
10 -4.8 539.08 14.36 180.0
11 197.42 -1.6 13.36 90.0
12 676.94 4.8 13.82 270.0
13 504.8 450.19 14.39 0.0
14 338.07 4.8 13.71 270.0
15 995.08 499.29 7.56 80.67
16 4.8 424.45 11.4 0.0
17 495.2 410.55 12.33 180.0
18 480.56 501.6 10.79 270.0
19 501.6 444.95 15.52 0.0
2 995.2 774.51 13.38 180.0
20 905.47 4.8 13.15 270.0
3 160.93 -1.6 14.5 90.0
4 760.53 995.2 13.73 90.0
5 995.2 661.59 10.81 180.0
6 504.8 93.32 14.49 0.0
7 4.8 471.51 11.22 0.0
8 459.78 504.8 11.62 270.0
9 126.76 4.8 11.73 270.0

0-11
0-14
0-3
0-9
1-10
1-16
1-7
10-16
10-7
11-14
11-3
11-9
12-20
12-6
13-17
13-18
13-19
13-8
14-3
14-6
14-9
15-5
16-7
17-18
17-19
17-8
18-19
18-8
19-8
2-5
3-9
