0 4.8 239.15 14.08 0.0
1 -4.8 71.65 12.51 180.0
10 -4.8 103.36 14.99 180.0
11 501.6 67.98 14.08 0.0
12 256.2 4.8 14.22 270.0
13 875.7 498.4 14.59 90.0
14 4.8 28.19 8.84 0.0
15 1004.8 851.6 12.11 0.0
16 248.14 495.2 11.76 90.0
17 498.4 37.44 11.97 180.0
18 113.36 501.6 12.46 270.0
19 124.2 504.8 15.87 270.0
2 892.1 504.8 13.09 270.0
20 510.57 4.8 6.44 270.0
3 504.8 42.67 12.99 0.0
4 995.2 874.96 13.98 180.0
5 853.32 504.8 11.08 270.0
6 504.8 511.9 14.52 0.0
7 305.87 495.2 11.16 90.0
8 90.96 501.6 12.39 270.0
9 4.8 194.81 10.95 0.0

0-1
0-10
0-14
0-9
1-10
1-14
1-9
10-14
10-9
11-17
11-20
11-3
12-17
13-2
13-5
14-9
15-4
16-18
16-19
16-7
16-8
17-20
17-3
18-19
18-7
18-8
19-7
19-8
2-5
20-3
6-7
7-8
