0 987.23 4.8 6.14 270.0
1 501.6 363.19 12.72 0.0
10 386.4 1004.8 14.25 270.0
11 60.79 501.6 14.22 270.0
12 995.2 474.71 14.14 180.0
13 903.99 4.8 15.18 270.0
14 436.05 495.2 12.52 90.0
15 498.4 703.87 11.64 180.0
16 249.2 4.8 11.48 270.0
17 365.4 995.2 12.9 90.0
18 1001.6 340.09 12.33 0.0
19 495.2 428.92 15.27 180.0
2 504.8 986.54 7.43 0.0
20 847.38 495.2 13.13 90.0
3 146.24 501.6 15.04 270.0
4 516.04 504.8 7.86 270.0
5 715.39 995.2 11.07 90.0
6 995.2 166.96 13.29 180.0
7 194.89 4.8 11.74 270.0
8 501.6 864.37 12.74 0.0
9 803.2 4.8 11.8 270.0

0-13
0-6
0-9
1-14
1-19
1-4
10-17
10-2
10-8
11-3
12-18
12-20
13-6
13-9
14-15
14-19
14-4
15-4
15-8
16-7
17-2
17-8
18-20
18-6
19-4
2-5
2-8
