0 927.8 495.2 13.81 90.0
1 673.59 4.8 11.97 270.0
10 1004.8 980.3 14.7 0.0
11 652.35 504.8 13.11 270.0
12 940.47 995.2 13.34 90.0
13 995.2 527.7 14.75 180.0
14 -1.6 621.68 13.4 180.0
15 264.12 995.2 12.73 90.0
16 495.2 242.76 11.2 180.0
17 4.8 841.23 11.94 0.0
18 810.71 -4.8 12.55 90.0
19 402.87 995.2 14.91 90.0
2 504.8 389.68 12.94 0.0
20 501.6 300.35 10.94 0.0
3 573.82 504.8 14.32 270.0
4 1001.6 406.34 13.32 0.0
5 224.64 995.2 11.26 90.0
6 747.41 495.2 14.27 90.0
7 495.2 198.01 12.0 180.0
8 504.8 307.62 12.44 0.0
9 995.2 283.24 10.72 180.0

0-13
0-4
0-6
0-9
1-18
10-12
11-2
11-3
11-6
11-8
13-4
13-6
13-9
14-17
15-19
15-5
16-2
16-20
16-7
16-8
19-5
2-20
2-3
2-7
2-8
20-3
20-7
20-8
3-6
3-8
4-9
7-8
