0 80.11 1.6 14.22 270.0
1 -4.8 380.65 12.43 180.0
10 -4.8 467.56 14.18 180.0
11 265.24 -1.6 13.05 90.0
12 607.21 4.8 13.99 270.0
13 513.21 495.2 6.56 86.43
14 272.84 4.8 13.16 270.0
15 1001.6 545.31 12.81 0.0
16 4.8 481.16 10.85 0.0
17 495.2 349.7 12.79 180.0
18 418.61 501.6 12.73 270.0
19 497.78 499.09 8.28 323.78
2 995.2 706.86 13.78 180.0
20 837.53 4.8 13.15 270.0
3 233.41 -1.6 13.96 90.0
4 829.44 995.2 14.14 90.0
5 995.2 607.18 11.01 180.0
6 504.8 162.48 13.44 0.0
7 18.37 495.2 7.28 90.0
8 396.78 504.8 12.37 270.0
9 69.92 4.8 11.24 270.0

0-11
0-14
0-3
0-9
1-10
1-16
1-7
10-16
10-7
11-14
11-3
11-9
12-20
12-6
13-17
13-18
13-19
13-8
14-3
14-9
15-2
15-5
16-7
17-18
17-19
17-6
17-8
18-19
18-8
19-8
2-5
3-9
