0 4.8 448.68 13.98 0.0
1 90.51 -4.8 12.17 90.0
10 88.17 -1.6 14.64 90.0
11 504.8 271.84 14.05 0.0
12 46.92 4.8 14.22 270.0
13 1001.6 552.21 14.47 0.0
14 4.8 222.56 13.01 0.0
15 989.63 1004.8 8.14 271.68
16 421.05 495.2 11.99 90.0
17 622.99 -4.8 12.58 90.0
18 -1.6 454.76 11.72 180.0
19 4.8 566.93 14.49 0.0
2 690.39 501.6 13.52 270.0
20 504.8 172.68 13.89 0.0
3 501.6 254.27 14.85 0.0
4 995.2 670.58 13.65 180.0
5 689.79 504.8 10.41 270.0
6 501.6 720.82 14.13 0.0
7 478.42 495.2 11.63 90.0
8 -4.8 429.8 11.88 180.0
9 4.8 364.89 11.4 0.0

0-14
0-18
0-19
0-8
0-9
1-10
1-12
1-14
10-12
10-14
11-16
11-20
11-3
11-7
12-14
13-4
14-18
14-8
14-9
16-6
16-7
17-20
18-19
18-8
18-9
19-8
19-9
2-5
2-7
20-3
3-7
5-7
6-7
8-9
