0 4.8 587.88 13.84 0.0
1 213.89 -1.6 11.84 90.0
10 233.78 -4.8 14.27 90.0
11 504.8 405.76 13.82 0.0
12 4.8 48.6 13.37 0.0
13 1004.8 702.25 15.47 0.0
14 4.8 354.09 12.75 0.0
15 868.48 1004.8 11.85 270.0
16 529.77 495.2 11.64 90.0
17 746.49 -4.8 12.72 90.0
18 -1.6 331.52 11.98 180.0
19 4.8 720.4 15.82 0.0
2 557.43 504.8 13.18 270.0
20 501.6 308.49 13.24 0.0
3 501.6 397.54 13.83 0.0
4 995.2 533.77 13.4 180.0
5 580.03 504.8 11.33 270.0
6 501.6 859.27 14.03 0.0
7 589.12 495.2 11.97 90.0
8 -4.8 308.22 11.73 180.0
9 4.8 476.77 11.23 0.0

0-14
0-19
0-9
1-10
1-12
10-12
11-16
11-2
11-20
11-3
11-5
11-7
13-4
14-18
14-8
14-9
16-2
16-20
16-3
16-5
16-7
18-8
18-9
19-9
2-20
2-3
2-5
2-7
20-3
20-5
20-7
3-5
3-7
5-7
8-9
