0 111.76 495.2 13.51 90.0
1 995.2 388.84 12.87 180.0
10 1004.8 109.77 14.15 0.0
11 1004.8 55.86 11.14 0.0
12 105.88 995.2 14.53 90.0
13 613.19 995.2 14.63 90.0
14 390.5 1004.8 12.56 270.0
15 4.8 571.1 11.66 0.0
16 495.2 931.94 11.69 180.0
17 384.75 504.8 12.9 270.0
18 65.78 -4.8 11.73 90.0
19 4.8 536.32 8.63 0.0
2 896.81 4.8 13.4 270.0
20 31.4 -4.8 7.46 90.0
3 613.21 495.2 13.78 90.0
4 608.89 -4.8 13.69 90.0
5 4.8 598.69 10.3 0.0
6 74.17 495.2 13.25 90.0
7 495.2 898.74 11.02 180.0
8 96.63 -4.8 12.38 90.0
9 562.6 495.2 11.63 90.0

0-15
0-19
0-5
0-6
10-11
10-2
11-2
13-14
13-16
13-7
14-16
14-7
15-19
15-5
15-6
16-7
17-3
17-9
18-20
18-8
19-5
19-6
20-8
3-9
5-6
