0 4.8 168.54 14.64 0.0
1 -4.8 133.28 12.03 180.0
10 -4.8 176.31 13.97 180.0
11 501.6 10.38 8.64 8.13
12 326.87 4.8 13.99 270.0
13 802.15 498.4 15.34 90.0
14 13.49 4.8 9.23 270.0
15 1004.8 790.58 12.35 0.0
16 189.46 495.2 11.56 90.0
17 498.4 99.56 12.64 180.0
18 173.35 501.6 12.93 270.0
19 202.05 504.8 14.96 270.0
2 958.23 504.8 11.29 270.0
20 567.44 4.8 13.83 270.0
3 491.6 -1.31 6.21 86.71
4 995.2 944.01 13.1 180.0
5 909.07 504.8 11.06 270.0
6 504.8 441.07 14.01 0.0
7 247.62 495.2 12.01 90.0
8 152.44 501.6 12.01 270.0
9 4.8 138.15 10.96 0.0

0-1
0-10
0-14
0-9
1-10
1-14
1-9
10-14
10-9
11-12
11-17
11-20
11-3
12-17
12-20
12-3
13-2
13-5
14-9
15-4
16-18
16-19
16-7
16-8
17-20
17-3
18-19
18-7
18-8
19-7
19-8
2-5
20-3
7-8
