0 995.2 249.73 14.16 180.0
1 504.8 115.06 12.05 0.0
10 679.25 1004.8 15.04 270.0
11 334.05 501.6 13.16 270.0
12 995.2 752.75 14.54 180.0
13 995.2 155.43 14.62 180.0
14 175.22 495.2 12.85 90.0
15 495.2 946.81 12.66 180.0
16 477.13 4.8 7.13 270.0
17 114.87 995.2 12.36 90.0
18 1004.8 92.71 12.95 0.0
19 495.2 736.96 15.15 180.0
2 504.8 723.33 12.88 0.0
20 578.99 495.2 13.78 90.0
3 435.86 501.6 13.98 270.0
4 779.89 504.8 14.24 270.0
5 495.98 995.2 11.02 90.0
6 995.2 445.61 13.57 180.0
7 426.46 4.8 11.04 270.0
8 504.8 616.02 11.82 0.0
9 995.2 7.19 6.01 180.0

0-13
0-18
0-6
0-9
1-16
1-7
10-15
10-5
11-14
11-20
11-3
11-8
13-18
13-9
15-19
15-2
15-5
16-7
18-9
19-2
19-3
19-8
2-20
2-3
2-8
20-3
20-4
20-8
3-8
4-6
