0 450.18 173.14 13.81 32.66
1 337.52 279.64 6.46 305.12
11 517.68 158.36 9.21 301.68
12 137.56 107.87 5.4 33.61
13 320.6 271.41 13.82 216.49
15 285.13 130.76 24.12 303.47
16 128.59 94.37 9.77 33.61
17 487.08 327.34 7.37 212.81
18 343.5 95.5 4.89 219.13
19 165.81 307.31 16.44 125.85
2 420.86 128.56 6.5 89.89
20 154.39 49.62 8.64 302.56
21 509.24 69.45 4.95 30.7
22 76.11 159.34 7.57 125.54
23 229.4 322.03 7.2 216.34
24 518.6 85.13 4.12 30.87
25 121.33 83.46 0.0 33.61
26 51.94 192.01 1.85 37.68
27 34.62 233.73 0.0 39.3
3 385.0 162.9 9.73 211.11
4 12.45 323.14 6.37 34.53
5 420.88 222.32 11.43 211.29
6 153.48 219.53 9.61 216.94
7 173.19 145.4 11.37 36.69
8 178.46 253.08 12.76 216.63
9 135.5 328.91 17.0 124.58

0-11
0-2
0-3
0-5
1-13
11-21
11-24
12-16
12-20
12-22
12-25
12-7
15-18
16-20
16-22
16-25
16-7
18-2
18-3
19-23
19-6
19-8
19-9
2-3
2-5
20-25
20-7
21-24
22-25
22-26
22-27
22-6
22-7
23-8
23-9
25-7
26-27
27-4
3-5
6-7
6-8
8-9
