0 421.45 128.92 5.96
1 381.42 248.9 -11.8
11 547.18 132.93 8.91
12 117.42 76.47 -5.31
13 359.54 324.33 -8.23
15 380.99 68.27 8.46
16 110.03 66.5 -5.47
17 511.52 330.99 -1.86
18 364.21 128.47 -5.87
19 116.22 342.2 2.77
2 359.28 166.46 20.53
20 186.98 28.8 6.61
21 486.5 30.96 10.56
22 53.3 175.64 0.0
3 419.57 220.16 -10.33
4 30.28 300.97 -2.26
5 450.37 269.8 -1.63
6 187.72 265.54 -11.53
7 147.62 111.98 4.93
8 207.28 291.95 -8.82
9 75.03 370.84 6.9

0-15
0-18
0-2
1-13
1-2
1-3
1-5
12-16
12-20
12-7
15-18
16-20
16-7
17-5
18-2
19-9
2-3
3-5
4-9
6-8
