0 374.02 156.13 15.86 124.91
1 428.21 216.6 7.32 303.46
11 514.58 78.4 8.54 30.82
12 154.53 49.53 10.13 302.56
13 368.21 352.23 9.93 125.35
15 436.76 32.97 7.63 301.32
16 82.53 25.22 12.27 33.47
17 563.87 297.64 12.52 301.65
2 270.46 230.96 22.41 126.24
3 455.8 278.51 10.43 211.91
4 69.08 281.08 2.86 222.01
5 476.71 311.26 10.48 212.81
6 213.42 300.29 13.9 216.34
7 127.46 92.67 11.69 33.61
8 238.04 333.76 6.42 216.34
9 53.58 382.93 3.38 34.53

0-1
1-3
11-15
12-16
12-7
16-7
17-5
2-6
3-5
6-8
