0 421.45 128.92 6.06 81.86
1 381.42 248.9 11.87 304.84
11 547.18 132.93 10.43 30.87
12 117.42 76.47 5.59 335.83
13 359.54 324.33 9.23 216.3
15 380.99 68.27 17.53 302.66
16 110.03 66.5 7.75 33.77
17 511.52 330.99 12.76 303.31
18 364.21 128.47 7.34 211.13
19 116.22 342.2 5.92 124.58
2 359.28 166.46 22.14 125.28
20 186.98 28.8 11.99 302.58
21 486.5 30.96 15.93 30.57
22 53.3 175.64 0.0 125.54
3 419.57 220.16 14.73 211.28
4 30.28 300.97 12.91 303.34
5 450.37 269.8 11.11 211.91
6 187.72 265.54 11.64 216.63
7 147.62 111.98 4.96 94.14
8 207.28 291.95 9.7 216.34
9 75.03 370.84 8.56 125.03

0-15
0-18
0-2
0-3
1-13
1-2
1-3
1-5
12-16
12-20
12-7
15-18
16-20
16-7
17-5
18-2
19-4
19-9
2-3
20-7
3-5
4-9
6-8
