0 450.18 173.14 4.43
1 337.52 279.64 -5.99
11 517.68 158.36 9.18
12 137.56 107.87 -3.15
13 320.6 271.41 -13.28
15 285.13 130.76 -7.27
16 128.59 94.37 -5.7
17 487.08 327.34 5.04
18 343.5 95.5 3.47
19 165.81 307.31 16.16
2 420.86 128.56 -2.26
20 154.39 49.62 4.9
21 509.24 69.45 3.73
22 76.11 159.34 7.51
23 229.4 322.03 -6.54
24 518.6 85.13 3.52
25 121.33 83.46 -0.0
26 51.94 192.01 1.85
27 34.62 233.73 -0.0
3 385.0 162.9 -7.9
4 12.45 323.14 -6.37
5 420.88 222.32 -7.94
6 153.48 219.53 -9.47
7 173.19 145.4 6.06
8 178.46 253.08 -12.64
9 135.5 328.91 7.96

0-11
0-2
0-3
0-5
1-13
11-21
11-24
12-16
12-20
12-22
12-25
12-7
15-18
16-20
16-22
16-25
16-7
18-2
18-3
19-23
19-6
19-8
19-9
2-3
20-25
21-24
22-25
22-26
22-27
23-8
25-7
26-27
3-5
6-7
6-8
8-9
