0 995.2 37.78 14.22 180.0
1 501.6 300.23 12.42 0.0
10 459.72 1004.8 14.86 270.0
11 234.31 501.6 14.04 270.0
12 995.2 544.86 14.43 180.0
13 972.64 4.8 8.56 270.0
14 372.35 495.2 13.39 90.0
15 498.4 763.75 12.52 180.0
16 306.06 4.8 11.78 270.0
17 305.47 995.2 12.9 90.0
18 1001.6 279.88 12.72 0.0
19 495.2 505.68 16.02 180.0
2 504.8 928.01 13.69 0.0
3 212.84 501.6 13.88 270.0
4 575.52 504.8 13.19 270.0
5 660.81 995.2 11.04 90.0
6 995.2 236.82 14.22 180.0
7 252.26 4.8 12.07 270.0
8 501.6 804.76 12.42 0.0
9 859.46 4.8 11.4 270.0

0-13
0-6
0-9
10-17
10-2
11-14
11-3
13-9
14-19
14-3
15-2
15-8
16-7
18-6
19-4
2-5
2-8
