0 786.23 495.2 14.0 90.0
1 796.56 4.8 11.83 270.0
10 1004.8 834.45 14.53 0.0
11 787.48 504.8 13.62 270.0
12 800.83 995.2 13.9 90.0
13 995.2 674.69 15.51 180.0
14 -1.6 755.54 13.69 180.0
15 142.34 995.2 11.59 90.0
16 495.2 358.02 11.16 180.0
17 4.8 718.96 12.41 0.0
18 684.44 -4.8 12.11 90.0
19 248.52 995.2 15.16 90.0
2 504.8 255.51 13.74 0.0
3 718.81 504.8 13.84 270.0
4 1001.6 268.96 13.8 0.0
5 113.69 995.2 10.67 90.0
6 607.53 495.2 14.24 90.0
7 495.2 316.84 11.86 180.0
8 504.8 188.19 11.85 0.0
9 995.2 394.9 11.43 180.0

0-11
0-3
0-6
1-18
10-13
11-3
11-6
14-17
15-19
15-5
16-2
16-6
16-7
16-8
19-5
2-7
2-8
3-6
4-9
7-8
