0 995.2 179.32 14.24 180.0
1 504.8 176.4 12.41 0.0
10 605.58 1004.8 14.99 270.0
11 365.97 501.6 13.28 270.0
12 995.2 683.75 13.82 180.0
13 995.2 79.84 15.59 180.0
14 240.31 495.2 12.5 90.0
15 495.2 886.3 11.65 180.0
16 422.53 4.8 11.51 270.0
17 180.01 995.2 12.38 90.0
18 1004.8 156.63 12.43 0.0
19 495.2 660.64 15.58 180.0
2 504.8 791.17 12.79 0.0
3 358.41 504.8 14.53 270.0
4 710.97 504.8 13.78 270.0
5 550.34 995.2 11.31 90.0
6 995.2 376.65 13.98 180.0
7 368.7 4.8 11.13 270.0
8 504.8 680.32 12.49 0.0
9 969.02 4.8 9.68 270.0

0-13
0-18
0-6
0-9
1-16
10-15
10-5
11-14
11-3
13-18
13-9
14-3
15-2
15-5
16-7
18-9
19-2
19-8
2-8
