0 995.2 320.66 13.48 180.0
1 504.8 53.41 12.72 0.0
10 752.1 1004.8 14.47 270.0
11 494.31 501.6 7.31 270.0
12 995.2 822.73 14.14 180.0
13 995.2 229.83 14.38 180.0
14 110.31 495.2 12.5 90.0
15 493.99 993.49 5.0 110.74
16 495.2 15.6 8.21 180.0
17 55.19 995.2 12.57 90.0
18 1004.8 31.91 11.25 0.0
19 495.2 814.67 15.76 180.0
2 504.8 657.51 13.21 0.0
3 496.0 504.8 6.65 270.0
4 846.59 501.6 13.76 270.0
5 440.73 995.2 11.29 90.0
6 992.61 494.51 4.49 98.02
7 481.36 4.8 7.3 270.0
8 504.8 556.51 12.34 0.0
9 995.2 57.56 11.51 180.0

0-13
0-6
1-16
1-7
11-2
11-3
11-8
13-18
13-9
15-19
15-5
16-7
18-9
19-2
19-5
2-3
2-8
3-8
4-6
