0 322.37 495.2 13.91 90.0
1 995.2 202.67 11.76 180.0
10 1004.8 328.35 14.83 0.0
11 1001.6 259.93 14.08 0.0
12 315.19 995.2 13.79 90.0
13 838.3 995.2 14.38 90.0
14 192.95 1004.8 13.21 270.0
15 4.8 742.98 11.28 0.0
16 495.2 757.92 11.77 180.0
17 197.43 504.8 11.92 270.0
18 248.4 -4.8 12.81 90.0
19 1.6 758.71 15.75 0.0
2 697.91 4.8 13.1 270.0
3 829.55 498.4 14.32 90.0
4 813.19 -4.8 13.81 90.0
5 4.8 763.17 10.98 0.0
6 283.28 495.2 14.25 90.0
7 495.2 723.2 11.59 180.0
8 283.4 -1.6 13.02 90.0
9 732.81 495.2 10.65 90.0

0-17
0-6
1-10
1-11
10-11
12-14
15-19
15-5
16-7
17-6
18-8
19-5
2-4
3-9
