0 572.75 495.2 14.24 90.0
1 979.33 4.8 7.99 270.0
10 1004.8 615.92 14.73 0.0
11 988.49 501.6 9.43 276.33
12 592.72 995.2 13.29 90.0
13 995.2 898.08 14.92 180.0
14 -4.8 953.36 12.61 180.0
15 1.6 985.63 10.44 0.0
16 495.2 530.64 12.04 180.0
17 4.8 531.26 9.96 0.0
18 497.67 -4.8 12.81 90.0
19 26.8 995.2 8.38 90.0
2 504.8 54.76 12.85 0.0
3 934.17 501.6 14.87 270.0
4 1004.8 62.97 13.93 0.0
5 4.8 983.74 11.07 0.0
6 489.49 495.2 0.02 90.0
7 495.2 492.21 11.43 180.0
8 501.44 9.25 7.88 11.98
9 956.25 495.2 10.81 90.0

0-16
0-6
0-7
1-4
10-11
10-3
10-9
11-3
11-9
14-15
14-19
14-5
15-19
15-5
16-6
16-7
18-2
18-8
19-5
2-8
3-9
6-7
