0 995.2 109.2 13.96 180.0
1 501.6 238.25 11.73 0.0
10 531.79 1004.8 14.85 270.0
11 301.97 501.6 11.79 270.0
12 995.2 615.52 13.62 180.0
13 995.2 12.99 9.03 180.0
14 306.75 495.2 13.01 90.0
15 495.2 825.36 12.79 180.0
16 365.16 4.8 11.19 270.0
17 242.86 995.2 13.01 90.0
18 1001.6 217.76 12.72 0.0
19 495.2 583.1 15.53 180.0
2 504.8 860.62 13.84 0.0
3 285.05 501.6 13.94 270.0
4 642.92 504.8 13.87 270.0
5 606.12 995.2 11.17 90.0
6 995.2 306.93 14.01 180.0
7 310.88 4.8 12.0 270.0
8 501.6 743.09 12.73 0.0
9 914.38 4.8 11.21 270.0

0-13
0-18
0-6
0-9
10-15
10-2
10-5
11-14
11-3
13-9
14-3
15-2
15-8
16-7
18-6
19-4
19-8
2-5
2-8
