0 392.49 495.2 14.42 90.0
1 995.2 140.91 12.23 180.0
10 1004.8 401.21 14.83 0.0
11 1001.6 327.47 13.63 0.0
12 384.5 995.2 13.74 90.0
13 912.53 995.2 15.29 90.0
14 127.24 1004.8 12.9 270.0
15 1.6 802.31 11.8 0.0
16 495.2 701.8 11.32 180.0
17 134.72 504.8 12.05 270.0
18 310.07 -4.8 11.94 90.0
19 1.6 836.68 15.17 0.0
2 629.78 4.8 13.03 270.0
3 900.67 498.4 13.91 90.0
4 881.85 -4.8 13.3 90.0
5 4.8 819.36 11.46 0.0
6 350.5 495.2 13.52 90.0
7 495.2 665.07 11.23 180.0
8 344.16 -1.6 12.58 90.0
9 789.01 495.2 10.77 90.0

0-6
0-7
1-11
1-4
10-11
10-3
11-3
15-19
15-5
16-7
18-8
19-5
3-9
