0 995.2 249.73 14.16 180.0
1 504.8 114.03 11.92 0.0
10 679.25 1004.8 15.04 270.0
11 435.36 501.6 13.13 270.0
12 995.2 752.75 14.54 180.0
13 995.2 155.43 14.62 180.0
14 175.22 495.2 12.85 90.0
15 495.2 947.2 12.66 180.0
16 477.13 4.8 7.13 270.0
17 117.75 995.2 12.49 90.0
18 1004.8 94.14 12.95 0.0
19 495.2 736.96 15.15 180.0
2 504.8 724.18 12.88 0.0
3 432.18 504.8 14.87 270.0
4 779.18 504.8 13.6 270.0
5 495.36 995.2 10.99 90.0
6 995.2 445.61 13.57 180.0
7 426.46 4.8 11.04 270.0
8 504.8 617.87 11.82 0.0
9 995.2 7.19 6.01 180.0

0-13
0-18
0-6
1-16
1-7
10-15
10-5
11-3
11-8
13-18
13-9
15-5
16-7
18-9
19-2
19-8
2-8
3-8
