0 505.86 495.2 9.64 90.0
1 995.2 18.99 11.46 180.0
10 1004.8 543.36 14.04 0.0
11 1001.6 463.54 13.45 0.0
12 522.55 995.2 13.78 90.0
13 995.2 967.91 9.71 180.0
14 -0.07 1003.16 8.8 253.54
15 1.6 925.95 12.74 0.0
16 495.2 588.94 11.6 180.0
17 14.37 504.8 8.17 270.0
18 434.77 -4.8 12.79 90.0
19 4.8 986.23 10.74 0.0
2 505.82 6.83 6.09 294.71
3 987.23 501.6 3.83 295.83
4 1004.34 3.17 7.97 23.29
5 4.8 929.28 10.57 0.0
6 481.23 495.2 9.81 90.0
7 495.2 550.42 11.12 180.0
8 468.33 -1.6 12.76 90.0
9 900.21 495.2 10.85 90.0

0-16
0-6
0-7
1-4
10-11
10-3
10-9
11-3
11-9
14-15
14-19
14-5
15-19
15-5
16-6
16-7
18-2
18-8
19-5
2-8
3-9
6-7
