0 716.18 495.2 13.96 90.0
1 857.87 4.8 12.92 270.0
10 1004.8 760.95 14.37 0.0
11 854.24 504.8 13.68 270.0
12 732.51 995.2 13.77 90.0
13 995.2 749.72 14.59 180.0
14 -4.8 822.61 13.1 180.0
15 81.51 995.2 11.63 90.0
16 495.2 414.89 11.38 180.0
17 4.8 655.36 12.1 0.0
18 623.24 -4.8 12.57 90.0
19 172.05 995.2 15.8 90.0
2 504.8 188.08 12.76 0.0
3 790.75 504.8 14.04 270.0
4 1001.6 199.61 13.48 0.0
5 58.15 995.2 11.05 90.0
6 538.8 495.2 12.23 90.0
7 495.2 374.78 11.1 180.0
8 504.8 126.67 12.36 0.0
9 995.2 451.02 11.87 180.0

0-11
0-3
0-6
10-13
11-3
11-9
14-15
14-17
14-5
15-19
15-5
16-6
16-7
18-8
19-5
2-7
2-8
6-7
