0 253.17 495.2 13.97 90.0
1 995.2 264.68 11.91 180.0
10 1004.8 255.71 14.91 0.0
11 1004.8 191.22 13.91 0.0
12 244.99 995.2 14.19 90.0
13 763.49 995.2 14.71 90.0
14 258.43 1004.8 13.62 270.0
15 4.8 688.95 10.96 0.0
16 495.2 815.67 11.25 180.0
17 260.53 504.8 12.14 270.0
18 186.88 -4.8 11.71 90.0
19 1.6 681.6 15.45 0.0
2 764.44 4.8 13.91 270.0
3 758.31 498.4 14.51 90.0
4 743.72 -4.8 13.17 90.0
5 4.8 709.06 10.39 0.0
6 213.36 495.2 13.89 90.0
7 495.2 782.13 11.9 180.0
8 220.04 -4.8 12.24 90.0
9 676.06 495.2 11.07 90.0

0-17
0-6
1-10
1-11
10-11
12-14
15-19
15-5
16-7
17-6
18-8
19-5
2-4
3-9
