0 181.8 495.2 13.96 90.0
1 995.2 325.97 12.5 180.0
10 1004.8 183.36 14.05 0.0
11 1004.8 123.06 13.35 0.0
12 176.08 995.2 14.11 90.0
13 688.37 995.2 14.86 90.0
14 325.46 1004.8 12.94 270.0
15 4.8 632.95 12.36 0.0
16 495.2 873.48 12.02 180.0
17 323.13 504.8 12.78 270.0
18 127.77 -4.8 12.3 90.0
19 4.8 605.8 14.22 0.0
2 831.13 4.8 13.31 270.0
3 686.54 498.4 14.7 90.0
4 677.38 -4.8 14.29 90.0
5 4.8 655.36 11.05 0.0
6 142.11 495.2 14.46 90.0
7 495.2 839.71 12.02 180.0
8 159.1 -4.8 12.53 90.0
9 618.33 495.2 10.95 90.0

0-17
0-6
1-10
10-11
12-14
15-19
15-5
15-6
16-7
17-6
18-8
19-5
19-6
2-4
3-9
