0 659.88 1207.71 5.53 234.96
1 1733.02 149.47 20.25 301.27
10 532.11 821.8 14.36 37.21
12 617.54 1071.45 2.55 333.86
13 316.71 551.17 13.29 29.84
14 632.59 991.19 8.6 31.63
15 294.12 510.45 12.57 28.13
17 625.23 885.71 8.28 213.97
18 960.6 1934.84 10.95 229.93
19 428.27 1195.25 12.16 215.34
2 823.44 1443.15 13.35 214.25
20 538.5 1138.54 11.93 213.14
21 1795.5 455.55 14.84 301.29
22 97.79 912.9 13.66 64.92
23 1140.56 1575.61 12.8 216.92
24 383.42 1143.53 11.46 124.97
25 684.22 1070.41 8.37 35.51
26 757.38 974.64 1.37 304.75
27 908.66 1536.86 11.06 236.43
28 54.52 892.65 11.85 64.92
29 1845.08 425.57 13.01 300.35
3 386.77 1035.4 9.27 33.27
30 764.72 969.55 0.07 304.75
32 720.43 1121.17 5.09 35.49
33 996.64 1963.43 15.75 232.24
34 324.45 1079.13 4.27 305.35
35 591.0 1185.41 5.11 124.6
36 714.66 1113.08 0.0 35.49
37 585.71 913.59 2.11 30.98
38 297.45 1112.99 1.32 34.88
39 1888.43 400.19 16.39 300.35
4 308.41 1379.1 13.13 124.45
40 1032.93 1991.75 15.31 223.19
41 956.59 1568.67 12.51 236.43
5 138.09 931.56 11.32 65.33
6 645.76 916.17 13.41 213.97
7 338.21 588.69 11.24 29.58
8 328.28 571.34 12.11 29.84
9 579.5 1201.57 4.95 212.15

0-35
0-9
12-14
12-25
13-15
13-7
13-8
14-25
14-37
14-6
15-7
15-8
17-37
17-6
18-33
18-40
19-24
20-35
20-9
21-29
22-28
22-5
24-34
24-38
25-32
25-36
26-30
27-41
28-5
29-39
3-34
32-36
33-40
34-38
35-9
37-6
7-8
