1 319.39 1144.47 11.76 34.88
12 378.0 1236.96 2.25 326.19
15 370.27 1242.83 1.54 307.19
2 1296.14 692.91 13.26 125.35
21 689.3 979.86 15.39 214.7
22 295.73 1298.67 2.45 306.5
23 453.23 989.28 15.73 304.52
26 344.9 1180.85 8.67 35.51
29 848.67 1084.18 13.13 304.51
31 458.08 911.92 11.88 210.99
32 1151.34 606.57 21.64 126.23
33 402.74 1219.46 3.17 304.82
36 872.06 802.37 22.05 125.7
38 1672.11 271.57 21.36 120.19
39 867.2 1071.34 12.9 304.79
40 573.32 1319.39 14.63 33.64
43 295.49 1110.19 5.9 31.71
45 1617.41 303.39 21.58 120.19
46 1645.29 287.17 21.16 120.19
48 368.14 748.75 13.59 207.14
49 1105.0 829.81 11.71 125.84
52 1030.16 958.86 11.01 304.31
54 431.62 1372.44 13.38 304.13
55 415.72 1210.43 2.19 304.82
56 1180.19 585.43 22.15 126.25
58 334.3 1165.85 7.7 34.88
60 1244.34 729.51 15.36 125.23
61 1047.02 947.32 10.6 305.11
63 540.71 1124.46 1.71 304.9
65 566.16 983.54 13.86 30.25
67 1145.93 516.0 21.5 303.99
68 842.74 1204.68 12.23 215.04
69 454.09 1136.82 11.79 34.12
70 1468.0 651.92 11.9 303.31
71 732.61 1230.1 12.2 34.88
72 890.28 1458.34 13.65 34.78
73 620.14 979.11 6.67 124.73
74 412.41 1074.36 13.05 33.36
75 699.46 1091.76 13.23 35.51
76 1525.61 615.71 12.99 301.48
77 619.64 969.99 5.28 31.04
78 713.64 1004.98 0.04 304.74
79 467.73 1156.96 13.24 34.12
8 465.93 1353.72 5.51 34.68
80 518.35 944.47 17.3 304.54
81 635.18 1088.31 13.35 34.91
82 631.63 989.62 8.04 31.63
83 673.95 1056.01 9.58 35.51
84 1641.34 546.13 14.09 300.1
85 781.19 1381.46 13.25 215.15
86 661.43 939.43 9.62 214.09
87 386.22 1034.56 5.86 33.27
88 735.36 1047.07 12.38 214.21
89 1745.01 485.67 13.16 300.71
90 105.81 916.63 12.87 65.12
92 740.28 1149.0 5.94 35.49
93 666.25 1133.48 7.28 124.6
94 1842.26 427.23 13.55 300.35
95 923.97 1547.02 13.01 236.43
97 609.91 1076.74 1.54 304.14

1-26
1-43
1-58
12-15
12-26
12-33
12-55
12-58
15-22
15-26
15-33
15-55
15-58
2-60
21-73
21-77
21-78
21-82
21-83
21-86
21-88
23-31
23-74
23-80
23-87
26-33
26-43
26-55
26-58
29-39
31-80
32-56
32-67
33-55
33-58
33-69
33-79
38-45
38-46
43-58
45-46
52-61
54-8
55-58
55-69
55-79
56-67
63-69
63-79
63-97
65-73
65-77
65-80
65-82
69-74
69-79
70-76
71-92
72-95
73-77
73-78
73-82
73-83
73-86
73-97
74-79
74-87
75-78
75-81
75-83
75-88
75-92
75-93
75-97
77-82
77-86
78-82
78-83
78-86
78-88
81-82
81-83
81-93
81-97
82-83
82-86
82-97
83-88
83-93
83-97
92-93
93-97
