100 290.52 1103.16 5.97 35.48
101 726.83 1647.62 14.59 213.76
102 776.14 1720.79 13.02 212.23
103 618.03 1244.12 7.93 305.03
104 1292.69 418.13 24.27 302.67
105 480.1 1076.17 24.29 124.74
106 438.21 1113.39 8.57 33.8
107 391.02 1322.47 12.46 124.43
108 1600.47 229.61 20.55 300.88
109 399.53 695.89 12.37 30.66
110 394.24 1147.37 5.61 215.4
111 469.76 1256.45 8.99 213.89
112 319.34 1144.39 13.05 34.88
113 820.94 1439.48 13.22 214.25
114 1719.15 500.92 14.7 300.19
115 379.76 1024.68 9.06 33.16
116 393.88 1136.2 4.96 141.21
117 700.36 1109.97 9.99 124.57
118 320.4 557.6 14.69 29.84
119 612.73 1254.28 13.01 213.03
12 312.16 1286.51 2.4 306.5
120 291.04 504.68 13.98 28.13
121 281.72 487.25 11.91 28.13
15 303.4 1292.98 2.14 306.5
2 1743.14 402.55 12.77 121.14
22 222.14 1349.07 2.38 303.73
32 1886.53 145.75 21.15 120.47
33 335.47 1269.23 2.79 307.19
36 1586.44 321.4 21.43 120.18
39 622.22 881.23 4.5 213.97
49 1491.89 559.94 12.17 122.67
52 672.61 1205.93 9.71 304.74
56 1915.34 128.74 22.19 120.6
58 327.51 1275.15 2.27 306.5
60 1723.58 414.37 12.52 121.14
61 688.83 1194.68 10.86 304.74
67 475.11 974.23 21.6 304.52
68 560.88 1300.69 7.3 33.64
70 1076.09 926.89 12.09 305.11
74 761.54 1067.7 13.31 124.74
75 1008.19 1486.24 12.42 44.02
76 1115.75 899.23 12.11 304.79
77 861.12 1319.76 13.46 35.14
78 550.81 922.16 17.43 304.46
79 285.4 1472.34 12.95 303.97
81 928.89 1487.56 12.54 55.51
83 495.75 1328.53 10.7 304.67
84 1187.9 849.09 13.66 304.8
85 741.5 1150.71 6.23 35.49
86 340.33 1174.43 7.16 35.28
88 436.74 1000.65 24.43 304.65
89 1309.96 762.18 12.43 305.71
90 414.38 1279.13 12.71 34.67
92 1082.86 1562.63 13.8 41.26
93 593.83 838.61 12.89 213.62
94 1379.5 712.69 13.92 304.92
95 615.4 1144.3 10.62 215.07
97 649.92 1019.31 11.73 31.63
98 303.35 1121.46 9.76 34.88
99 500.44 867.95 12.51 29.11

100-112
100-86
100-98
101-102
103-119
103-52
103-61
103-68
103-95
105-106
105-88
106-110
106-116
107-12
107-15
107-33
107-58
107-90
108-36
110-112
110-116
110-86
110-98
111-83
111-90
112-116
112-86
112-98
114-60
115-88
116-86
116-98
117-52
117-61
117-74
117-85
117-95
118-120
118-121
119-52
119-61
119-68
12-15
12-33
12-58
120-121
15-22
15-33
15-58
2-60
32-56
33-58
33-86
33-90
39-78
39-93
52-61
52-85
52-95
58-90
61-85
61-95
67-78
67-88
68-83
70-76
74-85
75-81
76-84
78-93
78-99
83-90
86-98
89-94
93-99
