0 611.64 1138.94 11.27 215.07
1 1559.8 253.95 20.35 300.9
10 576.32 897.78 0.05 30.2
12 598.84 1084.25 2.75 304.14
13 373.86 652.25 11.59 29.37
14 711.93 1109.25 15.32 35.47
15 358.04 624.14 12.96 29.37
17 546.59 925.05 18.73 304.46
18 875.49 1855.68 11.56 223.08
19 410.71 1124.42 10.45 124.99
2 747.42 1333.49 13.33 215.15
20 502.0 1060.98 7.62 124.72
21 1662.34 533.95 15.45 300.1
22 204.46 981.46 11.68 31.46
23 1053.25 1473.77 13.93 221.87
24 485.65 1062.05 6.32 210.41
25 744.86 1079.24 9.09 124.65
26 743.96 983.95 1.34 304.75
27 830.4 1453.38 11.4 214.42
28 161.94 942.52 11.49 65.33
29 1736.95 490.46 13.04 300.71
3 431.26 1102.98 0.11 33.36
30 751.99 978.38 1.14 304.75
31 759.18 973.39 2.36 304.75
32 705.55 1183.17 13.36 304.12
33 890.74 1871.97 11.98 222.89
34 319.51 1144.64 13.14 34.88
35 595.41 1115.82 14.1 215.07
36 736.97 1161.93 6.14 305.71
37 637.1 998.5 13.51 31.63
38 344.55 1170.72 5.53 102.97
39 1758.13 477.87 14.19 300.71
4 417.21 1304.51 8.75 124.43
40 918.98 1898.99 15.07 228.14
41 862.13 1498.74 11.37 216.54
42 458.96 1090.82 15.59 124.74
43 607.4 1245.72 5.44 244.37
44 608.12 1077.96 1.97 304.14
45 465.55 980.8 17.37 304.52
46 388.63 1036.02 5.62 324.87
47 246.75 1421.41 14.62 124.46
48 225.14 1436.24 12.88 124.45
49 512.63 1315.96 4.0 295.85
5 216.53 1000.21 10.87 34.98
50 900.25 1531.28 11.31 236.38
51 104.93 1338.14 18.85 124.92
52 1828.45 435.53 11.35 301.29
53 658.91 952.24 9.59 124.71
54 1147.98 1585.48 12.84 216.92
55 731.66 1136.92 9.77 35.49
56 452.23 1134.09 8.43 34.12
58 650.11 1144.62 6.88 124.61
59 655.14 930.09 5.02 213.97
6 577.01 904.17 13.83 304.5
61 1865.59 413.56 13.42 300.35
62 743.71 1059.35 4.16 214.21
63 449.57 719.8 14.8 34.35
7 395.76 689.54 12.04 30.66
8 384.66 670.82 12.03 30.66
9 523.29 1116.34 11.0 214.86

0-12
0-35
0-44
0-58
0-9
10-17
10-53
10-59
10-6
12-20
12-35
12-37
12-44
12-58
12-9
13-15
13-7
13-8
14-25
14-32
14-36
14-55
14-58
14-62
15-7
15-8
17-45
17-6
18-33
18-40
19-24
19-3
19-34
19-38
19-42
19-46
19-56
20-24
20-3
20-42
20-45
20-56
20-9
21-29
22-28
22-5
24-3
24-42
24-45
24-56
24-9
25-26
25-36
25-55
25-62
26-30
26-31
26-53
26-62
27-41
28-5
29-39
3-42
3-46
3-56
3-9
30-31
30-53
30-62
31-62
32-36
32-55
32-58
33-40
34-38
35-44
35-58
35-9
36-55
36-58
37-44
37-53
37-59
39-52
4-49
41-50
42-46
42-56
42-9
44-58
44-9
45-46
47-48
52-61
53-59
53-6
55-58
55-62
56-9
59-6
63-7
63-8
7-8
