100 444.17 1101.07 17.09 124.74
101 573.01 1412.91 14.36 212.57
102 628.27 1499.11 13.32 213.34
103 480.27 1272.12 7.83 213.8
104 886.3 689.59 24.74 304.11
105 454.12 905.32 14.63 210.99
106 550.45 1290.18 2.32 357.89
107 422.83 1187.61 12.55 215.4
108 1243.89 450.16 20.76 303.28
109 525.8 913.5 12.0 29.11
111 473.38 1080.82 20.26 124.74
112 566.66 1016.17 14.67 124.71
113 664.4 1214.21 13.71 214.68
114 1476.43 646.38 13.95 303.31
115 375.49 1043.22 7.06 305.05
116 497.7 975.99 9.35 214.93
117 817.6 1257.94 11.39 35.14
118 467.38 810.5 14.73 30.15
119 493.58 1073.7 0.15 214.86
12 279.4 1310.34 1.58 304.2
120 435.92 756.83 14.15 30.89
121 399.68 696.15 11.84 30.66
123 381.82 1328.78 15.79 124.43
124 630.2 1158.36 12.88 124.62
125 556.97 864.42 12.74 29.78
126 718.11 1097.73 7.29 124.65
127 543.42 840.74 12.94 29.78
128 531.03 820.38 12.95 37.5
129 876.58 1856.84 14.18 223.14
130 1709.04 164.04 21.82 301.27
131 590.93 1089.61 2.26 304.14
133 290.15 1391.63 15.99 124.45
134 657.53 933.64 8.31 213.97
135 1854.76 74.45 16.99 302.31
136 599.54 1233.45 4.3 212.15
137 34.91 883.58 13.85 65.67
139 1953.77 11.46 22.37 302.19
15 270.0 1316.73 1.87 304.2
22 185.38 1373.61 2.51 303.73
33 302.37 1293.75 1.19 306.5
36 1956.65 103.92 21.27 121.46
39 312.52 1087.6 16.28 305.35
49 1692.06 433.42 11.53 121.41
58 294.17 1299.82 1.66 306.5
61 531.31 1303.99 13.17 304.58
67 334.08 1165.54 8.99 34.88
70 878.91 1063.21 11.43 304.79
74 983.91 914.05 13.78 124.14
76 914.35 1038.57 11.92 305.15
77 1048.16 1527.68 14.28 45.66
78 219.41 1153.81 20.04 305.6
84 960.35 1006.47 13.55 304.29
86 357.88 1252.23 2.04 307.19
88 32.08 1287.43 24.91 305.44
89 1097.15 912.15 12.99 304.79
90 345.01 1431.83 13.46 304.52
94 1159.2 869.04 13.75 304.79
97 778.01 1201.87 11.62 35.52
98 418.27 1284.75 11.12 34.67
99 444.01 995.63 19.77 304.6

100-107
100-111
100-115
100-119
103-106
103-61
103-98
105-109
105-116
105-118
105-99
106-136
106-61
107-67
107-86
107-98
109-116
109-125
109-127
109-128
111-119
111-99
112-116
112-119
112-131
113-124
113-136
115-39
115-99
116-119
116-99
117-97
118-120
118-127
118-128
119-131
119-99
12-133
12-15
12-33
12-58
12-86
120-121
123-33
123-58
123-86
123-98
124-131
124-136
125-127
125-128
127-128
133-15
133-33
133-58
133-90
136-61
139-36
15-33
15-58
33-58
33-86
39-67
58-86
67-86
70-76
70-84
74-84
76-84
86-98
89-94
