100 275.42 1082.33 11.25 36.07
101 766.24 1706.07 13.63 213.91
102 814.23 1777.11 13.55 215.39
103 657.11 1216.72 6.05 304.93
104 1394.68 353.47 24.49 301.32
105 381.48 1144.89 23.59 124.97
106 414.16 1077.01 14.26 33.36
107 339.13 1358.04 12.12 124.43
108 1689.56 175.88 20.4 301.27
109 368.21 642.22 12.75 29.37
110 420.03 1183.67 8.93 215.4
111 491.62 1289.07 11.82 213.8
112 292.56 1103.4 6.33 321.34
113 859.05 1494.58 13.85 216.54
114 1780.07 464.84 14.23 300.71
115 346.29 973.45 12.03 33.16
116 408.82 1167.9 9.98 215.4
117 659.91 1137.86 5.94 124.61
118 284.89 493.18 14.88 28.13
12 319.4 1281.15 2.5 306.5
15 311.43 1287.05 2.13 306.5
2 1686.67 436.71 13.44 121.51
21 617.48 966.4 16.03 31.04
22 231.76 1342.64 2.72 303.73
32 1793.86 200.27 21.84 120.47
33 344.99 1262.01 3.13 307.19
36 1494.83 375.17 21.29 121.09
39 653.29 927.35 12.27 213.97
49 1442.25 592.12 11.72 124.15
52 717.5 1175.08 10.88 304.05
56 1822.03 183.7 22.12 120.47
58 337.49 1267.7 1.7 307.19
60 1666.58 449.03 13.6 121.51
61 734.74 1163.43 10.32 304.05
67 561.58 914.76 17.55 304.46
68 574.37 1274.3 12.03 304.58
70 1125.83 892.23 12.38 304.79
71 1007.52 1542.21 11.6 54.53
74 714.82 1100.0 6.06 116.36
75 961.66 1440.61 12.75 48.08
76 1166.66 863.86 11.98 304.8
77 821.74 1263.81 14.19 35.14
78 605.61 884.48 8.0 304.57
79 339.65 1435.52 13.34 304.52
81 882.11 1446.59 12.57 34.84
83 529.22 1305.43 14.24 304.58
84 1243.55 809.68 13.66 305.56
85 713.78 1111.85 6.3 38.04
86 311.88 1133.69 12.07 34.88
87 440.53 1193.19 2.56 304.77
88 534.65 933.25 18.96 304.48
89 1362.82 724.21 12.32 304.64
90 377.55 1226.3 12.73 35.69
92 1034.46 1513.57 14.11 43.66
93 622.14 881.13 4.02 213.97
94 1435.53 673.56 13.44 304.93
95 637.87 1176.32 11.7 215.04
97 623.89 979.14 5.44 99.21
98 284.86 1095.29 6.48 36.07
99 470.01 815.03 11.67 30.15

100-112
100-86
100-98
101-102
103-117
103-52
103-61
103-95
105-106
105-110
105-112
105-116
105-86
105-87
105-90
106-116
107-12
107-15
107-33
107-58
107-79
110-116
110-87
110-90
111-68
111-83
112-86
112-98
113-81
114-2
116-87
116-90
117-52
117-61
117-74
117-85
117-95
12-15
12-33
12-58
12-90
15-22
15-33
15-58
15-90
2-60
21-39
21-67
21-78
21-88
21-93
21-97
32-56
33-58
33-90
39-67
39-78
39-93
39-97
49-94
52-61
52-74
52-85
52-95
58-90
61-74
61-85
61-95
67-78
67-88
67-93
67-97
68-83
70-76
71-92
74-85
75-81
76-84
78-88
78-93
78-97
85-95
86-98
87-90
89-94
93-97
