1 631.35 866.74 19.64 304.55
10 466.61 1155.31 13.95 34.12
12 373.17 1044.84 15.29 305.05
13 245.07 1135.46 16.39 305.36
15 348.73 1061.99 5.16 305.05
17 383.82 1405.13 12.72 304.53
18 518.08 1328.67 11.37 213.61
2 967.98 924.93 12.81 124.6
21 964.03 1003.96 15.58 304.29
22 349.33 1258.71 2.75 307.19
23 644.91 914.91 13.12 213.97
25 482.34 969.25 18.88 304.53
26 539.59 929.86 17.16 304.47
27 435.34 1369.92 11.9 304.13
29 1157.01 870.56 12.69 304.79
30 691.72 1080.92 13.67 35.51
31 621.65 880.39 4.07 213.97
32 573.46 1011.46 13.3 124.71
33 529.08 1345.21 12.31 213.61
36 554.93 1057.99 11.93 214.88
37 973.01 1517.86 13.73 55.51
38 1144.84 611.31 20.65 125.85
39 1175.63 857.62 12.4 304.8
4 606.04 856.98 11.68 213.62
40 541.05 1363.21 10.95 213.61
43 445.23 1001.74 0.0 213.41
44 414.7 1015.93 18.92 304.73
45 1094.19 647.91 21.62 125.42
46 1120.0 629.26 21.1 125.85
48 535.99 1030.89 5.8 190.29
49 812.52 1032.33 11.33 124.75
5 649.08 1017.96 10.74 31.63
50 541.64 1038.55 4.67 212.45
52 1305.84 765.14 11.38 305.71
54 689.47 1194.24 13.79 304.74
55 513.75 1315.73 6.43 301.16
56 648.54 959.42 22.09 124.71
58 565.47 912.09 15.8 304.46
6 441.53 1192.5 2.05 304.77
60 872.38 990.93 15.54 124.67
61 1323.27 752.62 10.44 305.71
62 302.69 1015.98 12.33 214.06
63 600.08 1083.41 1.71 304.14
64 469.95 1083.2 15.63 124.74
65 375.28 654.78 13.36 29.37
67 1684.3 179.07 21.46 301.28
68 1072.59 1495.35 12.03 221.48
69 367.54 1005.98 11.63 33.16
7 336.05 1168.36 4.38 34.88
70 1776.14 467.18 11.84 300.71
71 519.24 1232.98 5.56 51.92
72 736.76 1162.06 7.03 305.35
73 159.7 1299.87 22.04 124.94
74 335.78 956.43 13.53 29.95
75 514.97 1104.4 8.25 214.86
76 1845.93 425.08 12.59 300.35
77 464.01 740.92 13.52 34.35
78 758.98 973.53 2.3 304.75
8 325.14 1152.71 11.53 34.88
9 335.79 1064.82 4.58 241.65

1-23
1-31
1-4
1-56
1-58
10-6
10-64
10-71
10-75
12-15
12-43
12-44
12-62
12-69
12-74
12-9
13-7
13-8
15-44
15-62
15-69
15-8
15-9
17-27
18-27
18-33
18-40
18-55
18-71
2-21
21-60
22-7
23-31
23-4
23-56
23-58
25-26
25-43
25-44
25-48
25-50
26-31
26-32
26-4
26-58
27-33
27-55
29-39
30-5
30-63
30-72
31-4
31-56
31-58
32-36
32-48
32-5
32-50
32-56
32-58
32-63
33-40
33-55
36-48
36-50
36-63
36-64
36-75
38-45
38-46
4-58
40-55
43-44
43-48
43-64
43-69
44-64
44-69
44-74
44-9
45-46
48-50
48-63
48-64
48-75
49-60
49-78
5-56
5-63
50-63
50-64
50-75
52-61
54-72
55-71
56-58
6-71
62-69
62-74
62-9
63-75
64-75
69-74
69-9
7-8
70-76
8-9
