102 396.47 1150.52 0.0 215.4
103 339.32 1266.31 1.94 307.19
108 679.67 1064.03 12.54 35.51
114 694.72 1190.6 14.48 304.6
115 305.44 1291.48 1.76 306.5
118 592.96 1088.24 1.76 304.14
120 682.01 1156.34 15.03 33.8
121 653.33 1114.32 12.61 34.91
125 472.49 1344.62 12.99 304.67
126 1582.75 323.55 22.81 120.18
128 590.41 1263.25 12.74 304.58
129 565.18 1307.15 11.83 33.64
130 494.65 960.77 6.31 304.54
131 1535.58 351.11 22.92 120.45
133 392.13 1144.4 0.0 215.4
135 815.09 737.86 17.85 304.33
136 1296.28 692.8 14.61 125.35
137 560.84 1206.12 13.0 124.36
139 837.83 722.44 18.62 304.13
140 312.13 1454.34 13.62 303.97
141 508.2 1313.84 12.64 213.73
142 397.94 1255.37 13.9 34.67
143 424.81 1204.11 2.37 299.83
145 630.02 892.81 0.0 213.97
146 393.07 797.4 12.91 207.14
147 701.7 1094.9 11.06 35.51
148 1188.3 579.49 20.12 126.25
149 660.88 950.88 11.59 124.71
151 674.41 1204.69 9.25 304.74
152 1331.15 746.95 12.06 305.7
153 1017.41 891.31 15.32 124.31
154 339.83 1173.72 3.87 35.28
155 781.4 1130.84 6.87 302.58
156 743.27 1155.23 0.89 21.57
157 333.19 1164.26 1.5 34.88
158 730.28 1652.79 12.62 213.76
159 883.36 1263.17 14.04 214.15
160 1569.14 589.46 13.26 301.06
161 533.1 1039.43 21.2 124.72
162 286.76 1097.9 4.58 36.07
163 755.87 1345.5 12.71 215.15
164 1524.46 275.09 22.4 300.9
165 426.07 740.37 15.34 30.89
166 768.75 1363.8 12.82 215.15
167 377.57 1147.62 23.34 124.97
168 1744.71 485.85 11.54 300.71
169 389.64 1033.69 7.39 308.44
170 735.27 1141.98 9.02 35.49
171 751.33 1152.05 10.3 305.19
172 640.53 908.4 11.77 213.97
175 373.69 1015.4 13.57 33.16
176 761.05 972.09 1.44 304.75
177 626.68 1275.73 13.26 213.06
70 484.0 955.08 5.67 210.99
74 1767.67 387.13 13.0 122.47
76 621.64 880.37 0.0 213.97
84 625.83 886.59 0.0 213.97
86 235.04 1340.45 1.78 303.87
89 669.74 951.61 0.0 214.7
94 674.01 957.78 0.0 214.7

102-133
102-143
102-154
102-157
102-167
103-115
103-142
103-154
108-118
108-120
108-121
108-147
108-170
114-120
114-121
114-147
114-151
114-156
114-170
114-171
115-142
115-86
118-121
118-161
120-121
120-147
120-151
120-156
120-170
120-171
121-147
121-151
121-156
121-170
125-129
125-141
126-131
126-164
128-129
128-137
128-141
128-177
129-141
129-177
130-161
130-70
131-164
133-143
133-154
133-157
133-167
135-139
136-152
137-177
142-143
143-154
143-157
143-167
145-149
145-172
145-76
145-84
145-89
145-94
146-165
147-155
147-156
147-170
147-171
149-172
149-76
149-84
149-89
149-94
151-156
151-170
151-171
151-177
154-157
154-162
154-167
155-156
155-170
155-171
156-170
156-171
157-162
157-167
161-70
163-166
169-175
170-171
172-76
172-84
172-89
172-94
176-89
176-94
76-84
76-89
76-94
84-89
84-94
89-94
