102 396.47 1150.52 0.0 215.4
103 372.91 1240.82 1.87 307.19
108 604.81 945.36 13.25 31.04
109 454.43 1183.54 2.16 304.77
112 874.22 1435.26 12.99 34.84
113 584.04 823.88 14.33 213.62
114 954.05 1010.77 14.01 304.29
115 346.66 1260.74 1.51 307.19
118 576.92 1001.99 0.0 30.25
12 202.17 1362.4 2.72 303.73
120 572.82 994.96 1.37 30.25
121 566.84 984.7 5.77 30.25
123 660.92 938.66 7.24 213.08
124 973.36 1518.11 13.26 55.51
125 457.77 1142.26 12.44 34.12
126 1099.81 643.84 23.26 125.85
128 622.36 1069.86 14.41 34.23
129 532.22 1349.93 13.1 213.61
130 870.55 700.26 22.65 304.13
131 1059.87 671.66 22.67 124.58
133 392.13 1144.4 0.0 215.4
134 60.36 1267.29 22.37 305.44
135 1178.79 493.85 17.76 303.98
136 994.6 906.81 14.27 124.14
137 376.2 1148.58 12.01 124.97
139 1202.42 477.83 17.57 304.24
140 389.35 1242.94 12.9 34.77
141 682.26 1580.31 12.49 213.46
142 326.78 1077.48 20.28 305.35
143 601.44 1255.64 10.28 304.6
144 332.13 1162.74 9.05 34.88
145 498.48 1063.42 6.99 125.81
146 534.29 1038.61 6.4 124.72
147 456.58 1092.47 20.15 124.74
148 768.0 876.49 20.19 124.86
149 491.77 852.52 14.22 30.14
15 191.72 1369.38 2.03 303.73
151 901.48 1289.88 14.91 214.15
152 1590.2 576.63 11.99 301.43
153 715.02 1099.86 8.47 124.61
154 381.07 1039.3 4.29 316.24
155 990.26 1405.78 15.39 217.0
156 583.18 1004.73 19.36 124.73
157 177.81 949.81 13.4 65.33
158 924.26 1903.71 13.31 228.14
159 1102.54 1530.56 14.42 220.25
160 1844.14 426.12 13.21 300.35
161 86.56 1351.01 22.04 125.73
162 35.99 884.07 14.0 65.67
163 956.59 1568.67 12.88 236.43
33 223.79 1347.97 2.28 303.73
58 214.96 1353.86 2.33 303.73
70 668.78 950.21 1.71 214.6
74 1482.88 565.72 13.38 122.67
76 674.03 957.81 0.23 214.7
84 678.47 964.22 0.91 214.7
86 280.22 1309.78 1.57 304.2
89 702.84 999.42 13.27 214.7
94 732.45 1042.79 13.23 214.21
99 436.01 1369.46 11.04 304.13

102-103
102-109
102-125
102-133
102-137
102-140
102-144
102-147
103-109
103-115
103-133
103-137
103-140
103-144
108-118
108-120
108-121
108-123
108-156
108-70
108-76
108-84
109-125
109-133
109-137
109-140
109-147
113-149
115-140
115-144
115-86
118-120
118-121
118-128
118-145
118-146
118-156
12-15
12-33
12-58
12-86
120-121
120-128
120-146
120-156
121-146
121-156
123-70
123-76
123-84
123-89
124-163
125-133
125-137
125-145
125-147
126-131
128-146
128-153
128-156
129-99
133-137
133-140
133-142
133-144
133-147
134-161
135-139
137-140
137-142
137-144
137-147
140-144
142-144
142-154
145-146
145-147
146-147
146-156
147-154
15-33
15-58
153-94
33-58
33-86
58-86
70-76
70-84
70-89
76-84
76-89
84-89
84-94
89-94
