1 313.59 1086.84 10.23 305.35
10 547.09 1151.7 13.81 213.14
12 339.23 1172.86 6.99 35.22
15 359.59 1201.3 13.42 35.69
2 1185.67 770.99 12.84 125.26
21 762.07 1086.37 9.87 214.22
22 314.13 1285.05 2.49 306.5
23 564.79 912.56 14.61 304.46
25 317.97 1142.42 12.14 34.88
26 293.92 1107.93 4.87 15.6
27 245.49 1499.65 11.82 304.96
29 951.73 1012.35 12.26 304.28
30 631.65 1234.57 15.19 305.03
31 523.59 940.86 20.44 304.54
32 959.84 741.02 25.21 124.65
33 424.94 1204.02 2.13 298.86
36 696.57 926.14 18.79 124.73
38 1491.78 377.0 21.46 121.09
39 969.08 1000.52 12.3 304.29
40 520.63 1238.5 6.26 72.54
43 390.57 1032.66 14.21 304.77
45 1436.9 409.97 20.37 120.84
46 1464.39 393.52 21.2 121.09
48 430.86 865.19 13.8 209.57
49 1009.48 896.72 11.62 124.14
52 1122.59 894.47 11.45 304.79
54 522.73 1309.9 9.47 304.58
55 452.66 1230.99 14.61 213.89
56 1003.2 711.2 21.4 124.65
58 298.84 1097.3 4.41 305.35
60 1121.76 817.71 15.34 125.84
61 1139.65 882.62 10.94 304.79
63 559.83 1111.13 2.3 304.9
64 416.84 1014.44 10.67 304.73
65 511.92 888.57 14.05 29.11
67 1321.9 399.35 20.85 302.83
68 912.42 1305.92 11.97 214.77
69 399.17 1054.25 9.42 33.36
7 454.74 1278.62 10.1 124.64
70 1570.85 588.43 12.55 301.21
71 677.12 1149.05 7.81 33.8
72 810.22 1343.01 14.23 34.53
73 491.86 1068.01 22.14 124.72
74 383.31 1030.12 0.62 33.16
75 631.77 989.85 7.86 31.63
76 1632.46 551.27 12.99 300.1
77 576.83 898.65 0.98 30.26
78 726.53 996.04 2.58 304.74
79 405.99 1127.73 8.36 124.99
8 439.05 1314.82 11.25 34.63
80 565.89 879.85 11.57 30.2
81 574.84 1010.5 7.78 124.71
82 520.64 1048.07 22.21 124.72
83 678.1 1029.63 1.88 304.75
84 1760.84 476.27 13.52 300.71
85 855.41 1489.68 13.54 216.54
86 725.6 1032.71 11.86 214.21
87 327.32 941.76 13.03 29.95
88 781.41 1114.82 2.36 214.22
89 1855.59 419.42 12.37 300.35

1-12
1-25
1-26
1-43
1-58
1-69
1-74
10-40
10-63
12-15
12-25
12-26
12-33
12-58
12-79
15-22
15-25
15-33
15-55
15-79
2-60
21-78
21-86
21-88
23-31
23-65
23-77
23-80
23-81
25-26
25-58
25-79
26-58
29-39
30-71
31-65
31-77
31-80
31-81
32-56
33-55
33-7
33-79
36-75
36-78
38-45
38-46
40-54
40-55
40-7
43-64
43-69
43-74
43-79
45-46
48-65
52-60
52-61
54-7
54-8
55-7
55-8
60-61
63-73
63-82
64-69
64-73
64-74
65-77
65-80
69-73
69-74
69-79
7-8
70-76
73-82
75-78
75-81
75-83
77-80
78-83
78-86
81-82
83-86
86-88
