1 292.78 1105.76 5.5 347.25
10 506.5 1092.24 14.14 214.86
12 373.15 1220.19 11.03 35.69
15 378.47 1236.52 3.66 332.8
2 1241.0 731.87 12.79 125.24
21 733.25 1043.97 13.46 214.21
22 305.05 1291.77 2.0 306.5
23 503.4 954.75 9.43 304.54
26 321.65 1147.7 11.04 34.88
29 900.57 1048.16 11.92 304.79
30 592.62 1261.72 11.56 304.58
31 485.92 958.26 5.65 222.25
32 1059.44 671.95 23.09 124.58
33 414.18 1211.5 3.16 304.82
36 784.83 864.76 21.41 124.98
38 1581.18 324.46 20.33 120.18
39 917.8 1036.14 12.37 305.15
40 545.52 1277.11 10.25 32.52
43 318.96 1083.03 15.61 305.35
45 1526.48 356.46 20.9 120.45
46 1554.08 340.24 20.76 120.45
48 398.64 808.15 13.09 209.41
49 1057.56 863.77 12.11 125.48
52 1075.89 927.03 11.77 305.11
54 486.91 1334.65 12.53 304.67
55 426.23 1203.12 2.83 289.1
56 1092.03 649.47 21.76 124.75
58 305.49 1124.53 9.66 34.88
60 1183.73 772.36 14.72 125.26
61 1093.59 914.62 11.21 304.79
63 550.2 1117.85 2.6 304.9
64 350.09 1061.04 19.81 305.05
65 535.9 931.53 7.28 29.68
67 1233.0 457.32 21.34 303.33
68 877.55 1254.59 12.63 214.15
69 428.99 1099.55 7.47 33.36
70 1518.95 619.82 11.74 301.66
71 701.0 1184.64 6.41 34.29
72 850.4 1401.02 14.33 34.83
73 575.09 1010.34 20.64 124.71
74 386.56 1035.08 3.52 33.27
75 662.67 1039.77 12.83 33.11
76 1578.99 583.48 12.29 301.43
77 591.99 924.05 9.26 30.98
78 718.46 1001.63 1.39 304.74
79 438.92 1114.44 5.5 39.08
8 460.28 1345.56 0.88 34.63
80 573.05 906.89 6.92 313.77
81 598.92 1035.22 10.67 34.06
82 599.39 993.49 18.13 124.72
83 669.79 1035.4 1.87 304.75
84 1701.79 511.02 13.13 300.19
85 818.28 1435.57 13.09 214.25
86 688.04 978.04 13.38 214.7
87 361.37 996.55 12.89 33.16
88 759.47 1082.55 8.31 214.22
89 1801.17 452.11 12.47 301.29
90 46.58 888.93 13.77 64.92
92 717.51 1117.07 3.56 35.49
93 639.46 1151.97 3.02 124.61

1-26
1-43
1-58
1-64
10-63
10-69
10-79
12-15
12-22
12-26
12-33
12-55
15-22
15-33
15-55
2-60
21-75
21-78
21-83
21-86
21-88
21-92
23-31
23-65
23-73
23-77
23-80
26-43
26-58
26-64
29-39
30-40
31-65
32-56
33-55
38-45
38-46
40-54
43-58
43-64
43-74
43-87
45-46
49-52
49-61
52-61
54-8
55-79
58-64
63-81
63-93
64-69
64-74
64-87
65-73
65-77
65-80
65-82
69-74
69-79
70-76
71-92
71-93
72-85
73-75
73-77
73-81
73-82
73-83
74-79
74-87
75-78
75-81
75-82
75-83
75-86
75-92
77-80
77-82
78-83
78-86
78-88
80-82
81-82
81-83
82-83
82-86
83-86
83-92
88-92
92-93
