1 461.54 1347.38 2.04 34.65
100 211.82 993.49 10.08 31.55
101 846.68 1823.17 13.8 213.49
102 900.19 1882.12 13.16 227.23
103 718.71 1174.26 11.73 304.05
104 1602.56 228.36 24.85 300.88
105 190.5 1278.34 23.56 124.94
106 352.65 983.2 14.14 33.16
107 234.7 1429.68 12.9 124.46
108 1867.88 66.15 20.96 302.31
109 306.69 533.7 12.08 29.48
110 466.76 1251.99 2.97 213.89
111 543.12 1295.85 1.45 304.58
12 336.38 1268.54 2.7 307.19
15 328.69 1274.27 1.8 306.5
2 1570.64 509.44 13.46 122.67
21 613.65 878.94 6.75 284.75
22 250.9 1329.71 1.6 304.2
23 12.66 1301.25 21.24 305.44
26 492.78 1392.57 10.62 34.65
29 672.82 1205.79 8.19 304.74
32 1607.24 309.31 21.43 120.18
33 360.46 1250.27 2.99 307.19
36 1311.26 490.09 21.71 124.9
39 725.17 1032.08 15.2 214.21
49 1345.1 658.63 12.4 124.52
52 799.17 1118.34 10.07 305.08
56 1635.2 293.04 21.33 120.19
58 353.08 1255.87 1.57 307.19
60 1551.13 521.95 13.69 122.67
61 814.89 1107.3 10.9 305.01
65 600.95 849.31 12.71 213.62
67 707.24 813.75 21.46 305.46
68 657.57 1216.4 8.57 304.91
69 494.79 1329.2 10.99 304.67
70 1224.39 823.45 11.98 305.71
71 908.63 1473.96 11.48 56.5
74 644.35 1010.28 12.05 31.63
75 878.04 1342.86 13.27 37.51
76 1268.13 792.25 12.15 305.7
77 748.34 1160.3 5.58 35.51
78 636.48 902.4 11.49 213.97
79 448.0 1361.34 13.68 304.13
80 482.94 1179.88 13.83 32.96
81 808.27 1340.18 12.92 34.53
83 630.25 1235.55 12.84 305.03
84 1354.19 730.39 13.38 305.7
85 650.83 1144.12 10.71 124.61
86 368.36 1048.22 22.14 305.05
87 457.58 1181.35 2.5 304.77
88 624.89 885.2 7.64 213.97
89 1467.86 652.01 12.51 303.31
90 307.52 1127.43 12.01 34.88
92 935.38 1416.93 14.16 45.65
93 672.53 955.65 7.35 214.7
94 1549.15 601.49 14.17 301.04
95 713.24 1284.96 13.11 215.15
97 543.22 1032.52 4.75 153.67
98 223.66 1010.4 11.36 34.98
99 408.59 711.15 11.61 30.86

1-110
1-111
1-26
1-69
1-79
100-98
101-102
103-29
103-52
103-68
103-77
103-85
104-32
104-56
105-22
106-86
110-111
110-69
110-80
110-87
111-69
12-15
12-33
12-58
15-22
15-33
15-58
2-60
2-94
21-65
21-78
21-88
21-93
26-69
26-79
29-68
29-77
29-83
29-85
29-95
32-56
33-58
39-74
39-93
49-84
52-61
52-77
60-94
61-77
65-78
65-88
68-83
68-85
68-95
69-79
70-76
71-92
74-93
75-81
75-92
77-85
78-88
78-93
80-87
83-85
83-95
86-90
88-93
89-94
