100 520.92 1047.87 13.62 124.72
101 535.38 1354.69 13.91 213.61
102 592.24 1443.01 13.31 212.71
103 448.96 1225.49 12.03 213.89
104 786.65 757.48 24.1 304.6
105 418.35 843.11 14.03 209.41
106 521.36 1310.85 8.59 304.58
107 392.67 1145.16 4.85 215.4
108 1157.78 508.02 20.48 303.98
109 524.8 940.02 7.68 304.54
111 536.44 1036.47 6.85 130.87
112 594.21 1028.25 9.84 34.06
113 631.39 1167.08 6.12 215.04
114 1417.82 685.93 14.54 304.93
115 322.44 1080.56 16.7 305.35
116 471.74 934.66 12.11 210.99
117 850.01 1303.99 10.85 35.14
118 503.48 873.4 14.21 29.11
119 492.34 1069.27 3.13 196.69
12 271.29 1315.85 1.78 304.2
120 472.73 819.72 14.67 30.14
121 430.53 747.83 11.61 30.89
123 426.17 1298.35 7.04 124.58
124 669.28 1137.49 5.79 62.27
125 577.22 902.07 5.82 13.78
126 750.6 1069.76 6.33 181.19
127 570.41 887.62 7.16 30.2
128 561.78 872.8 10.49 29.88
129 834.02 1804.97 13.09 215.39
130 1614.88 221.0 21.49 300.79
131 576.09 1088.35 6.63 216.78
133 352.69 1348.75 15.17 124.43
134 624.94 885.28 9.01 213.97
135 1779.32 121.01 18.21 301.65
136 578.33 1199.36 4.88 210.05
137 95.93 912.03 13.79 64.92
139 1859.35 71.55 22.86 302.31
140 323.88 935.78 14.67 29.95
141 1002.72 1968.14 12.98 232.24
142 455.88 729.04 13.8 34.35
15 262.47 1321.84 1.65 304.2
33 293.24 1300.5 3.04 306.5
39 300.87 1117.9 8.85 34.88
49 1742.81 402.75 12.08 121.14
58 285.67 1306.07 1.73 306.23
61 490.82 1331.94 12.93 304.67
67 358.29 1199.49 12.46 35.69
70 828.68 1097.81 12.11 304.3
74 1040.53 875.53 13.49 124.31
76 864.11 1073.49 11.79 304.79
77 1095.77 1577.98 13.77 38.54
78 136.37 1213.19 20.29 305.43
84 904.19 1045.65 13.24 304.79
86 349.48 1258.6 1.68 307.19
89 1043.98 949.43 12.6 304.74
90 289.41 1469.64 13.78 303.97
94 1103.44 907.78 13.91 304.79
97 811.57 1249.37 11.27 35.14
98 440.2 1288.67 6.25 124.64
99 362.63 1052.24 20.09 305.05

100-111
100-112
100-119
100-131
101-106
101-61
103-107
103-123
103-67
103-98
105-118
105-120
105-121
106-123
106-61
106-98
107-115
107-39
107-67
107-99
109-111
109-116
109-118
109-125
109-127
109-128
111-112
111-119
111-131
112-131
113-124
113-131
113-136
115-39
115-99
116-118
117-97
118-120
118-125
118-127
118-128
119-131
12-133
12-15
12-33
12-58
12-86
120-121
120-142
121-142
123-133
123-61
123-86
123-98
125-127
125-128
125-134
126-70
127-128
127-134
128-134
133-15
133-33
133-58
133-86
135-139
15-33
15-58
33-58
33-86
39-67
39-99
58-86
61-98
67-86
70-76
70-84
74-89
74-94
76-84
86-98
89-94
