1 380.6 1039.63 19.56 304.99
10 573.93 1194.17 6.5 154.33
12 313.09 1135.43 11.15 34.88
15 331.34 1161.6 10.2 34.88
17 233.36 1508.13 11.7 304.96
2 1132.87 809.67 13.07 125.98
21 790.18 1123.6 4.3 294.98
22 324.28 1277.54 1.89 306.5
23 609.33 881.92 5.81 304.57
25 292.66 1105.52 5.34 343.34
26 322.99 1080.17 17.91 305.35
27 293.49 1466.89 12.02 303.97
29 1003.06 977.34 12.39 304.29
30 675.56 1203.88 10.71 304.74
31 591.68 894.08 10.15 304.57
32 855.56 814.22 25.22 125.7
33 446.97 1222.53 15.77 213.89
36 632.68 970.42 10.08 124.72
38 1402.86 430.57 20.86 122.07
39 1021.38 964.84 12.47 304.31
40 485.43 1257.54 7.09 124.19
43 435.52 1001.5 5.21 299.52
45 1348.64 464.87 21.92 123.18
46 1375.75 447.56 20.9 122.07
48 464.01 921.79 13.13 210.99
49 959.9 930.5 11.85 124.6
50 640.99 1004.82 10.96 31.63
52 1168.2 862.79 11.04 304.8
54 574.6 1274.14 13.39 304.58
55 484.21 1278.01 10.17 213.8
56 913.88 772.86 22.25 124.97
58 346.31 1063.69 16.93 305.05
60 1059.85 862.13 15.02 125.48
61 1184.76 851.28 11.23 304.8
63 570.0 1104.03 2.91 304.9
64 446.1 1003.08 4.05 213.45
65 478.42 829.53 13.24 30.14
67 1411.21 343.42 21.24 301.32
68 950.06 1353.08 12.21 219.11
69 383.62 1030.61 0.0 33.16
7 425.57 1294.74 4.98 38.37
70 1622.72 556.91 12.13 300.1
71 655.37 1140.99 10.58 124.61
72 771.41 1286.62 13.52 34.54
73 405.5 1128.07 18.76 124.99
74 379.52 1024.33 0.0 33.16
75 602.47 991.36 15.76 124.72
76 1687.05 519.6 12.79 300.19
77 576.0 897.23 4.06 30.2
78 735.45 989.85 1.64 304.74
79 392.13 1144.4 0.0 215.4
8 413.92 1278.46 11.79 34.67
80 532.61 822.47 13.25 37.21
81 510.01 1055.44 21.34 124.72
82 432.99 1108.84 17.9 124.87
83 686.72 1023.65 2.06 304.75
84 1818.94 441.31 13.08 301.29
85 902.58 1532.83 13.29 236.43
86 746.38 1063.28 1.58 214.21
87 295.03 885.8 13.43 30.01

1-26
1-43
1-58
1-64
1-69
1-73
1-74
1-82
10-54
10-63
10-71
12-15
12-25
12-26
12-58
12-73
12-79
15-25
15-26
15-58
15-73
15-79
17-27
2-52
2-60
2-61
21-86
22-8
23-31
23-36
23-77
23-80
25-26
25-58
26-58
26-69
26-73
26-74
26-79
29-39
29-49
30-71
31-36
31-75
31-77
31-80
32-56
33-40
33-55
33-7
33-79
33-8
36-50
36-75
36-77
36-83
38-45
38-46
38-67
39-49
40-54
40-55
40-7
40-8
43-48
43-64
43-69
43-74
43-81
45-46
48-64
48-65
50-75
50-78
50-83
52-61
54-55
55-7
55-8
58-69
58-73
58-74
58-79
58-82
63-71
63-81
64-69
64-74
64-81
65-80
69-73
69-74
69-82
7-8
70-76
73-79
73-82
75-77
75-83
77-80
78-83
78-86
79-82
81-82
83-86
