102 396.47 1150.52 0.0 215.4
103 346.41 1260.93 1.35 307.19
108 645.16 1011.6 13.4 31.63
114 753.15 1150.76 13.8 305.19
115 312.55 1286.22 1.64 306.5
118 601.9 1082.17 1.83 304.14
120 640.38 1095.76 14.05 34.91
121 619.03 1064.97 12.37 34.1
125 516.75 1314.02 5.5 304.58
126 1483.51 381.99 23.21 121.09
128 633.2 1233.48 14.32 305.03
129 541.5 1270.8 12.37 32.52
130 544.35 926.59 20.07 304.46
131 1437.64 409.53 23.18 120.84
133 392.13 1144.4 0.0 215.4
135 887.94 688.48 17.31 304.11
136 1236.08 735.35 14.76 125.26
137 522.58 1232.14 5.6 93.55
139 910.7 673.06 17.99 304.11
140 369.99 1414.65 14.59 304.53
141 543.65 1367.13 13.28 213.34
142 358.3 1199.51 10.8 35.69
143 446.92 1222.45 15.69 213.89
145 630.23 893.13 2.26 213.97
146 425.89 856.43 13.4 209.57
147 664.03 1041.85 13.36 33.11
148 1105.37 639.83 20.43 125.85
149 601.64 991.93 10.46 124.72
151 731.02 1165.94 14.98 304.05
152 1380.62 711.91 12.88 304.93
153 956.08 933.14 14.97 124.6
154 334.78 1166.54 7.45 34.88
155 812.1 1160.13 15.12 214.08
156 722.05 1123.44 11.33 35.49
157 316.21 1139.9 13.15 34.88
158 765.42 1704.85 12.55 213.91
159 923.19 1320.03 13.91 219.11
160 1625.73 555.17 12.76 300.1
161 444.79 1100.64 22.22 124.74
162 253.83 1052.69 14.79 36.07
163 790.57 1394.87 12.04 214.25
164 1622.21 216.64 23.36 300.79
165 388.1 676.62 15.27 30.66
166 803.31 1413.58 13.11 214.25
167 282.37 1214.16 22.96 124.94
168 1796.16 455.15 11.56 301.29
169 452.46 989.81 18.46 304.52
170 710.65 1107.86 5.07 74.96
171 778.77 1132.7 1.51 305.19
172 664.46 944.52 5.41 163.56
175 335.94 956.71 13.35 29.95
33 186.74 1372.7 2.88 303.73
70 516.63 945.65 19.02 304.54
74 1710.11 422.51 13.07 121.14
76 621.64 880.37 0.0 213.97
84 625.83 886.59 0.0 213.97
86 243.93 1334.45 2.35 304.2
89 669.74 951.61 0.0 214.7
94 674.01 957.78 0.0 214.7
99 235.67 1506.52 11.83 304.96

102-133
102-142
102-143
102-154
102-157
102-161
103-115
103-142
103-154
103-167
108-118
108-120
108-121
108-147
108-149
108-172
108-89
108-94
114-151
114-155
114-156
114-170
114-171
115-142
115-167
115-86
118-120
118-121
118-147
118-149
120-121
120-147
120-156
120-170
121-147
121-149
125-129
125-137
125-141
126-131
128-129
129-137
129-141
130-145
130-149
130-70
130-76
130-84
133-142
133-143
133-154
133-157
133-161
135-139
137-143
142-143
142-154
142-157
142-167
145-172
145-76
145-84
145-89
145-94
147-149
147-170
147-172
147-89
147-94
149-172
149-70
149-89
149-94
151-155
151-156
151-170
151-171
154-157
154-167
155-156
155-171
156-170
156-171
157-167
163-166
168-74
169-70
170-171
172-76
172-84
172-89
172-94
33-86
76-84
76-89
76-94
84-89
84-94
89-94
