102 396.47 1150.52 0.0 215.4
103 352.99 1255.94 1.37 307.19
108 621.79 973.54 2.21 31.16
114 794.24 1121.8 4.03 305.08
115 321.1 1279.89 2.18 306.5
118 611.78 1075.48 1.76 304.14
120 599.45 1036.0 11.97 34.06
121 586.73 1017.2 8.43 34.06
125 548.58 1292.06 6.3 327.42
126 1384.69 441.96 23.34 122.07
128 676.1 1203.51 10.2 304.74
129 516.54 1237.03 3.58 118.14
130 615.35 877.76 15.84 304.6
131 1340.82 470.02 23.16 123.49
133 392.13 1144.4 0.0 215.4
135 959.77 639.64 17.16 303.33
136 1176.05 777.79 14.43 126.21
137 492.83 1195.14 13.93 32.96
139 982.73 624.54 17.4 303.33
140 428.42 1374.61 12.96 304.13
141 577.98 1420.69 12.59 212.57
142 337.51 1170.44 1.5 34.99
143 478.71 1269.79 4.88 213.8
145 655.25 930.25 9.73 213.97
146 460.21 915.46 13.89 210.99
147 631.18 988.88 7.58 31.63
148 1021.18 698.59 20.98 125.02
149 573.84 996.72 9.14 30.25
151 780.36 1131.58 6.42 304.65
152 1431.32 676.5 12.99 304.93
153 893.97 975.97 14.86 124.59
154 309.31 1130.01 9.81 34.88
155 856.16 1223.83 15.61 215.04
156 688.22 1076.01 12.29 35.51
157 285.94 1096.77 5.05 36.07
158 800.36 1757.08 12.44 213.91
159 967.2 1375.17 14.21 217.0
160 1680.09 523.65 12.66 300.19
161 354.86 1163.51 21.55 124.97
162 212.92 995.05 14.06 32.89
163 825.22 1445.76 12.22 214.25
164 1721.43 156.52 22.54 301.27
165 351.19 611.97 14.46 29.37
166 841.7 1469.86 14.16 214.42
167 186.83 1280.91 22.87 124.94
168 1847.3 424.27 12.44 300.35
169 511.72 949.02 8.14 304.54
170 684.52 1120.89 5.57 124.57
172 638.12 966.65 4.05 124.71
175 301.82 897.54 13.57 30.01
33 195.53 1366.84 1.46 303.73
58 187.33 1372.31 2.01 303.73
70 587.85 896.72 12.16 304.57
74 1653.35 457.14 12.93 121.51
76 621.64 880.37 0.0 213.97
84 625.99 886.83 0.53 213.97
86 253.1 1328.22 1.61 304.2
89 669.74 951.61 0.0 214.7
94 674.01 957.78 0.0 214.7
99 284.9 1472.68 11.96 303.97

102-133
102-142
102-154
102-161
103-115
103-142
103-161
108-120
108-121
108-130
108-145
108-147
108-149
108-172
108-70
108-76
108-84
108-89
108-94
114-151
115-86
118-120
118-121
118-147
118-149
118-156
118-170
120-121
120-147
120-149
120-156
120-172
121-147
121-149
121-172
125-129
125-143
126-131
128-170
129-137
129-143
130-145
130-172
130-70
130-76
130-84
130-89
130-94
133-142
133-154
133-161
135-139
135-148
137-143
139-148
142-154
142-157
142-161
145-147
145-172
145-70
145-76
145-84
145-89
145-94
146-169
147-149
147-172
147-89
147-94
149-169
149-172
151-170
154-157
154-161
156-170
157-161
160-74
163-166
167-33
167-58
167-86
169-70
172-70
172-76
172-84
172-89
172-94
33-58
33-86
58-86
70-76
70-84
70-89
76-84
76-89
76-94
84-89
84-94
89-94
