1 795.55 751.34 20.26 304.6
10 431.13 1102.8 1.46 33.36
12 489.06 966.24 5.86 232.88
13 337.29 1070.04 20.95 305.21
14 1108.08 1592.86 14.87 39.59
15 467.65 979.36 16.89 304.52
17 460.43 1345.78 6.42 34.63
18 581.2 1425.73 11.53 212.57
19 267.72 682.29 12.5 207.78
2 858.22 1000.72 13.73 124.67
21 1092.1 915.66 15.38 304.79
22 366.29 1245.84 1.73 307.19
23 714.7 1016.68 13.99 214.21
25 610.57 881.06 5.4 302.84
26 622.62 881.84 4.43 213.97
27 523.02 1309.7 10.41 304.58
28 438.71 1114.13 5.04 41.34
29 1259.22 798.64 12.25 305.59
30 675.83 1031.2 2.8 304.75
31 668.42 949.69 2.34 214.56
32 542.36 1039.95 0.0 214.88
33 591.98 1442.61 11.29 212.7
35 279.38 704.43 13.86 207.78
36 626.3 1159.83 8.46 215.06
37 870.74 1430.26 13.65 34.84
38 972.91 732.01 21.15 124.48
39 1276.97 785.9 12.74 305.71
4 661.74 939.88 5.6 210.72
40 603.25 1460.16 11.97 212.71
42 675.79 960.35 7.33 214.7
43 464.62 1030.73 12.82 213.87
44 499.25 978.21 5.76 214.93
45 917.48 770.34 20.87 124.97
46 946.83 750.01 21.26 124.65
48 420.43 1117.62 11.32 124.99
49 715.36 1099.63 8.76 124.62
5 593.74 997.41 17.26 124.72
50 601.49 1124.49 12.14 215.07
51 670.39 1051.03 11.06 35.51
52 1398.07 699.72 11.62 304.93
53 133.61 1215.15 25.84 305.43
54 787.54 1127.68 6.2 240.48
55 618.15 1244.03 8.65 305.03
56 505.78 1058.36 8.38 124.72
58 629.92 892.67 5.71 213.97
59 365.05 742.72 12.05 207.14
6 460.68 1179.2 2.47 304.77
60 746.06 1078.41 14.23 124.65
61 1415.96 687.23 11.46 304.93
62 368.48 1048.13 19.57 305.05
63 619.3 1065.82 7.02 31.15
64 292.64 1206.98 24.51 124.94
65 308.82 537.42 12.83 29.84
67 1865.63 67.58 20.77 302.31
68 1151.67 1590.39 12.4 216.92
69 306.88 906.31 11.84 30.01
7 295.96 1099.34 10.26 305.35
70 1877.64 406.5 12.5 300.35
8 313.9 1086.62 15.73 305.35
9 429.63 1005.58 7.62 304.73

10-13
10-28
10-43
10-48
10-56
10-6
10-62
10-9
12-15
12-32
12-43
12-44
12-56
12-9
13-48
13-62
13-7
13-8
14-68
15-32
15-43
15-44
15-56
15-9
17-27
18-33
18-40
19-35
22-64
23-30
23-31
23-4
23-42
23-49
23-51
23-60
25-26
25-31
25-4
25-58
26-31
26-4
26-42
26-58
28-43
28-48
28-56
28-6
28-62
29-39
30-31
30-4
30-42
30-49
30-5
30-51
30-60
30-63
31-4
31-42
31-5
31-58
32-43
32-44
32-5
32-56
32-63
33-40
35-59
36-50
36-55
36-63
38-45
38-46
4-42
4-5
4-58
42-5
42-51
42-58
43-44
43-48
43-56
43-62
43-9
44-5
44-56
44-9
45-46
48-6
48-62
49-51
49-54
49-60
5-51
5-63
50-63
51-60
51-63
52-61
54-60
56-9
62-7
62-8
62-9
7-8
