1 347.19 1184.04 11.12 35.69
100 33.18 882.8 8.3 65.67
12 369.89 1243.11 2.31 307.19
15 361.93 1249.16 2.19 307.19
2 1349.72 655.45 13.07 124.53
21 669.74 951.61 0.27 214.7
22 287.96 1304.41 2.67 306.5
23 368.74 1047.95 21.25 305.05
26 376.9 1225.4 11.29 35.69
29 799.82 1117.88 9.93 305.08
31 427.38 859.06 12.55 209.57
32 1240.54 541.2 22.97 126.23
33 393.02 1226.22 2.16 304.82
36 960.38 740.65 21.97 124.65
38 1763.13 218.35 21.18 120.47
39 816.17 1106.4 12.12 304.76
43 328.13 1157.0 13.11 34.88
45 1707.77 250.81 21.1 120.2
46 1736.11 234.25 20.85 120.47
49 1151.95 795.57 12.48 126.46
52 982.66 991.26 11.65 304.29
54 374.62 1411.46 13.23 304.53
55 405.16 1217.77 2.62 304.82
56 1268.18 520.94 22.16 126.23
58 364.43 1208.05 11.03 35.69
60 1306.01 685.9 14.69 125.35
61 999.98 979.44 12.27 304.29
65 589.21 1000.55 6.13 124.72
67 1056.62 575.62 20.69 303.45
68 808.03 1154.1 12.91 214.08
69 486.92 1186.02 12.21 32.96
70 1418.6 685.39 12.36 304.93
71 766.05 1278.83 11.57 34.54
72 946.61 1499.73 14.31 55.51
73 661.82 950.23 8.41 124.71
74 438.18 1105.06 6.56 91.8
75 735.37 1142.12 10.59 35.49
76 1471.53 649.6 12.76 303.31
77 628.54 984.6 6.16 31.54
78 711.7 1005.97 2.17 301.4
79 504.1 1212.52 13.17 32.96
8 496.64 1398.16 12.64 34.65
80 430.12 1005.24 22.12 304.73
81 672.6 1142.3 12.99 33.8
82 663.94 1041.72 13.77 33.11
83 713.26 1111.12 14.14 35.48
84 1584.09 580.36 13.24 301.43
85 743.55 1328.01 12.67 215.15
86 627.05 888.41 10.39 213.97
87 415.41 1078.92 12.31 33.36
88 692.43 984.38 15.28 214.7
89 1688.86 518.54 13.35 300.19
90 166.13 944.44 12.74 65.33
92 773.43 1195.45 13.75 35.52
93 702.78 1108.31 4.44 124.57
94 1785.22 461.79 13.66 301.14
95 868.96 1507.96 12.88 218.26
97 601.75 1082.27 2.01 304.14
98 49.75 890.42 11.07 64.92
99 288.45 499.84 12.33 28.13

1-12
1-15
1-26
1-33
1-43
1-55
1-58
100-98
12-15
12-26
12-33
12-43
12-55
12-58
15-22
15-26
15-33
15-43
15-55
15-58
2-60
2-70
21-65
21-73
21-77
21-78
21-82
21-86
21-88
23-74
23-80
23-87
26-33
26-43
26-55
26-58
29-39
29-68
29-75
29-83
29-92
29-93
32-56
33-43
33-55
33-58
38-45
38-46
39-68
39-75
39-92
43-55
43-58
45-46
52-61
55-58
55-69
55-79
65-73
65-77
65-82
65-97
68-75
68-92
69-74
69-79
70-76
71-85
71-92
72-95
73-77
73-78
73-82
73-86
73-88
74-87
75-81
75-83
75-92
75-93
77-78
77-82
77-86
77-88
78-82
78-88
80-87
81-83
81-93
81-97
82-83
82-88
82-93
82-97
83-93
