0 632.95 1169.31 7.91 215.04
1 1647.44 201.46 19.71 301.28
10 568.5 884.34 13.83 30.2
12 608.39 1077.77 2.15 304.14
13 345.81 602.4 11.24 29.37
14 668.06 1047.75 15.23 34.83
15 325.79 567.0 12.76 29.84
17 603.81 885.71 6.94 304.57
18 916.66 1896.93 11.94 228.34
19 394.82 1148.19 8.14 215.4
2 785.37 1387.4 12.98 215.15
20 502.95 1087.15 12.75 214.86
21 1728.97 495.19 15.81 300.71
22 158.87 941.11 13.62 65.33
23 1097.4 1524.5 13.06 220.25
24 451.75 1095.82 20.63 124.74
25 711.48 1101.94 5.05 83.53
26 751.14 978.97 1.55 304.75
27 864.02 1501.29 11.62 216.54
28 107.89 917.59 11.63 65.12
29 1791.71 457.86 12.17 301.29
3 422.66 1089.92 12.93 33.36
30 758.68 973.74 1.73 304.75
32 743.26 1154.61 4.25 25.8
33 938.45 1916.22 13.64 229.93
34 292.88 1102.67 5.72 316.27
35 624.82 1158.87 6.67 156.58
36 733.11 1138.96 10.72 35.49
37 608.86 952.08 13.14 31.04
38 317.97 1142.43 11.36 34.88
39 1819.56 440.93 16.36 301.29
4 365.38 1340.04 13.91 124.43
40 974.43 1946.22 14.92 232.24
41 906.64 1535.53 11.42 236.43
42 408.73 1125.81 6.43 124.99
43 637.06 1230.78 8.59 305.03
45 517.74 944.88 6.06 304.54
46 423.18 1010.05 6.22 304.73
47 186.34 1462.84 14.85 124.43
48 171.71 1472.89 11.55 124.43
49 539.66 1298.23 3.65 304.58
5 187.75 954.16 10.87 65.68
50 947.49 1562.63 10.93 236.43
51 31.08 1390.92 18.69 125.76
52 1878.63 405.93 11.36 300.35
53 633.11 970.12 0.0 124.71
54 1188.01 1638.74 14.12 216.92
55 714.66 1113.08 0.0 35.49
6 619.37 878.19 5.78 221.71
7 366.57 639.31 11.02 29.37
8 356.39 621.2 12.11 29.37
9 553.54 1161.57 10.67 213.14

0-12
0-35
0-43
0-55
0-9
10-17
10-37
10-45
10-6
12-14
12-35
13-15
13-7
13-8
14-25
14-53
14-55
15-7
15-8
17-37
17-53
17-6
18-33
18-40
19-24
19-3
19-38
19-42
20-24
20-3
20-9
21-29
22-28
22-5
24-3
24-42
24-46
25-32
25-36
25-55
26-30
27-41
28-5
29-39
3-42
3-46
32-36
32-55
33-40
34-38
35-43
35-9
36-55
37-45
37-53
37-6
38-42
39-52
41-50
47-48
53-6
7-8
