102 396.53 1150.6 0.11 215.4
103 381.04 1234.75 1.33 306.0
108 581.72 901.93 6.19 314.11
109 463.14 1177.49 1.7 304.77
111 364.72 742.08 14.39 207.14
112 836.39 1380.88 13.12 34.83
113 618.98 876.4 7.04 213.8
114 1011.98 971.26 14.43 304.31
115 354.73 1254.61 1.51 307.19
117 1112.7 1598.45 11.41 39.59
118 564.7 981.03 13.51 30.25
119 381.27 774.37 13.12 207.14
12 211.32 1356.29 1.78 303.73
120 552.77 960.58 12.0 30.25
121 541.21 940.75 9.44 30.19
123 628.25 973.49 21.14 124.75
124 918.63 1480.58 12.76 56.5
125 433.91 1106.97 3.38 33.68
126 1003.58 710.93 22.57 124.7
128 584.26 1013.55 8.79 33.01
129 569.32 1407.13 13.1 212.57
130 963.32 637.3 22.31 303.33
131 966.32 736.54 22.51 124.61
133 392.13 1144.4 0.0 215.4
134 150.42 1203.16 21.78 305.57
135 1252.97 444.2 18.05 303.28
136 933.99 948.37 15.39 124.6
137 339.86 1171.8 5.73 48.59
139 1277.09 428.35 17.57 303.36
140 354.01 1193.53 11.55 35.69
141 717.65 1633.85 12.24 213.48
142 415.49 1015.38 21.98 304.73
143 639.99 1228.72 11.7 305.03
144 296.67 1111.88 11.3 34.88
145 494.27 1074.68 5.23 214.86
146 474.49 1080.05 20.33 124.74
147 379.86 1146.02 13.81 124.97
148 696.39 926.26 11.78 124.73
149 454.65 788.59 15.07 30.15
15 201.04 1363.15 2.75 303.73
151 949.28 1352.12 15.85 219.11
152 1642.31 545.56 12.95 300.1
153 682.74 1122.12 8.11 124.57
154 375.13 1017.6 9.85 33.16
155 1041.41 1461.25 15.52 223.59
156 503.92 1059.66 19.47 124.72
157 118.64 922.57 13.81 65.12
158 973.28 1945.33 13.16 232.24
159 1146.26 1583.19 14.35 216.92
33 232.19 1342.35 2.13 303.73
58 222.89 1348.57 2.71 303.73
70 674.95 959.14 10.36 214.7
74 1425.68 603.36 13.33 124.15
76 686.69 976.1 10.8 214.7
84 698.38 992.98 12.7 214.7
86 288.63 1303.91 2.73 306.5
89 738.88 1052.25 12.87 214.21
94 760.13 1083.52 9.98 214.22
97 1081.16 1560.69 11.94 41.25
99 460.75 1346.33 5.53 34.08

102-103
102-109
102-125
102-133
102-137
102-140
102-147
103-115
103-133
103-137
103-140
103-147
108-113
108-118
108-120
108-121
108-123
109-125
109-133
109-146
109-147
111-119
113-123
113-148
113-70
114-136
115-137
115-140
115-86
117-159
117-97
118-120
118-121
118-123
118-128
118-156
119-149
12-15
12-33
12-58
12-86
120-121
120-123
120-128
121-123
121-128
123-128
123-148
123-70
123-76
123-84
125-133
125-142
125-145
125-146
125-147
125-156
126-130
126-131
128-156
130-131
133-137
133-140
133-147
135-139
137-140
137-144
137-147
140-144
140-147
142-145
142-146
142-154
142-156
144-147
145-146
145-156
146-156
148-70
148-76
148-84
15-33
15-58
153-89
153-94
159-97
33-58
33-86
58-86
70-76
70-84
76-84
76-89
84-89
89-94
