0 567.83 1015.36 10.99 124.71
1 1299.79 413.58 20.31 302.67
10 576.34 897.81 0.0 30.2
12 543.54 1041.65 4.76 214.88
13 464.14 804.93 11.12 30.15
14 814.73 1253.85 15.2 35.14
15 454.15 787.74 12.45 30.15
17 308.76 1090.26 13.78 305.35
18 772.01 1714.64 12.17 213.91
19 446.85 1004.2 7.36 213.58
2 634.3 1171.24 10.84 215.04
20 662.79 941.45 5.2 201.22
21 1467.41 652.31 15.45 303.31
22 286.97 1098.19 3.43 36.07
23 923.82 1320.8 13.12 219.11
24 416.67 957.47 13.28 212.74
25 676.0 960.65 7.6 214.7
26 720.71 1000.07 1.66 304.74
27 733.04 1313.07 11.15 215.15
28 274.23 1080.7 10.58 36.07
29 1574.04 586.5 13.08 301.43
3 504.98 1213.88 14.61 32.96
30 729.11 994.25 2.56 304.74
31 737.52 988.42 2.27 304.74
32 591.86 1110.76 15.98 215.07
33 784.1 1732.89 11.8 213.91
34 438.67 1114.07 6.03 41.77
35 494.0 970.69 6.0 214.93
36 664.04 1210.47 0.0 291.15
37 742.93 1153.21 4.51 32.22
38 538.6 1035.62 15.69 124.75
39 1594.24 574.16 11.6 301.43
4 432.74 1201.56 13.97 215.25
40 796.32 1751.08 11.72 213.91
41 758.66 1349.46 12.3 215.15
42 631.53 989.46 7.83 31.63
43 523.4 1116.5 12.75 214.86
44 565.79 1073.57 9.95 214.88
45 433.96 1105.43 6.26 44.07
46 477.39 1078.04 14.44 124.74
47 418.36 1303.72 9.24 124.43
48 385.74 1326.09 13.83 124.43
49 513.79 1238.27 2.03 124.19
5 299.18 1115.48 9.51 34.88
50 791.38 1396.05 11.49 214.25
51 330.15 1180.78 18.57 124.93
52 1686.36 520.0 11.24 300.19
53 584.04 899.34 12.89 304.56
54 1015.83 1434.37 13.25 223.59
55 670.66 1207.28 0.0 304.74
56 560.68 1206.24 13.49 124.36
58 724.83 1093.09 9.14 124.65
59 564.73 912.6 14.73 304.46
6 396.09 1049.56 8.15 33.36
61 1703.57 509.98 10.98 300.19
62 669.74 951.61 0.04 214.7
63 570.12 887.13 8.79 30.2
7 485.21 841.22 11.21 30.14
8 475.05 823.72 11.93 30.14
9 493.58 1073.69 0.0 214.86

0-12
0-32
0-35
0-38
0-42
0-44
0-9
10-20
10-53
10-59
10-63
12-32
12-35
12-38
12-43
12-44
12-46
12-9
13-15
13-7
13-8
15-7
15-8
17-22
17-28
17-5
17-51
17-6
18-33
18-40
19-24
19-35
19-38
19-46
19-6
19-9
2-32
2-36
2-55
2-56
20-25
20-26
20-30
20-31
20-42
20-53
20-62
22-28
22-5
22-51
24-35
24-6
25-26
25-30
25-31
25-42
25-62
26-30
26-31
26-42
26-58
26-62
27-41
28-5
29-39
3-4
3-43
3-49
3-56
30-31
30-42
30-58
30-62
31-62
32-38
32-43
32-44
33-40
34-4
34-43
34-45
34-46
34-6
34-9
35-38
35-59
36-37
36-55
37-55
37-58
38-43
38-44
38-46
38-9
4-45
4-49
41-50
42-62
43-44
43-45
43-46
43-56
43-9
44-46
44-9
45-46
45-6
45-9
46-6
46-9
47-48
49-56
5-51
52-61
53-59
53-63
59-63
63-7
7-8
