102 396.47 1150.52 0.0 215.4
103 366.3 1245.84 1.44 307.19
108 620.42 971.29 0.68 31.04
109 446.22 1189.24 2.36 304.77
112 919.54 1481.18 13.18 56.5
114 896.18 1051.21 14.1 304.79
115 339.15 1266.44 1.52 307.19
118 586.61 1017.01 7.47 34.06
12 192.0 1369.19 2.84 303.73
120 576.36 1001.03 2.91 30.25
121 570.93 991.72 2.15 30.25
123 627.75 889.44 12.21 213.97
125 493.78 1196.6 13.66 32.96
126 1194.16 575.19 23.46 126.25
128 663.57 1129.0 14.3 34.87
129 494.52 1293.4 13.3 213.8
130 779.59 762.35 22.12 304.6
131 1152.98 605.37 23.01 126.23
133 392.13 1144.4 0.0 215.4
135 1106.2 542.79 17.81 303.99
136 1055.55 865.2 15.27 125.12
137 429.2 1111.48 8.51 124.99
139 1129.23 527.26 16.8 303.99
140 430.29 1302.13 14.4 34.67
141 646.74 1526.9 12.46 213.67
142 295.06 1109.57 6.26 29.25
143 539.82 1298.12 16.5 304.58
144 359.73 1160.1 9.76 124.97
145 551.46 1026.7 16.94 124.71
146 515.82 1001.93 12.87 214.93
147 524.04 1045.71 17.13 124.72
148 852.26 816.6 20.58 125.7
149 526.49 914.73 13.02 29.11
15 182.69 1375.41 2.25 303.73
151 857.54 1225.78 15.64 215.04
152 1536.95 608.84 12.13 301.06
153 771.48 1060.8 15.15 124.75
154 339.31 1068.61 14.2 305.2
155 943.75 1345.32 15.11 219.11
156 626.83 981.83 5.22 51.39
157 216.84 1000.66 12.95 34.98
158 878.33 1858.71 12.19 223.2
159 1057.59 1478.61 14.09 221.87
160 1789.74 459.06 12.38 301.29
161 177.28 1287.58 22.2 124.94
162 100.97 914.38 14.53 64.97
163 905.82 1534.98 11.85 236.43
164 1914.08 36.75 23.12 302.74
165 278.38 481.01 15.48 28.13
166 956.59 1568.67 16.38 236.43
33 214.47 1354.19 2.41 303.73
58 205.64 1360.08 2.39 303.73
70 649.3 921.43 10.71 213.97
74 1540.08 529.04 13.34 122.67
76 660.11 937.47 8.62 213.97
84 670.96 953.37 4.06 214.7
86 270.61 1316.31 2.62 304.2
89 678.34 964.03 5.68 214.7
94 693.83 986.4 13.55 214.7
99 385.64 1403.88 12.7 304.53

102-103
102-109
102-133
102-137
102-144
102-154
103-109
103-115
103-140
103-144
108-118
108-120
108-121
108-123
108-145
108-156
108-70
108-76
108-84
108-89
108-94
109-125
109-133
109-137
109-144
112-163
112-166
115-140
115-86
118-120
118-121
118-145
118-146
118-147
118-156
12-15
12-161
12-33
12-58
12-86
120-121
120-145
120-146
120-147
120-149
120-156
121-145
121-146
121-147
121-149
121-156
123-156
123-70
123-76
123-84
123-89
125-129
126-131
126-135
126-139
129-140
129-143
130-148
131-135
131-139
133-137
133-144
133-154
135-139
137-144
137-154
142-144
142-154
144-154
145-146
145-147
145-156
146-147
146-149
15-161
15-33
15-58
152-74
156-70
156-76
156-84
156-89
156-94
161-33
161-58
161-86
163-166
33-58
33-86
58-86
70-76
70-84
70-89
70-94
76-84
76-89
76-94
84-89
84-94
89-94
