101 433.71 1202.93 13.71 214.78
102 483.89 1277.52 10.77 213.8
103 411.57 1213.32 2.42 304.82
104 596.63 842.82 12.17 213.62
107 537.09 1034.19 6.06 149.6
108 897.62 681.92 20.76 304.11
109 399.7 1055.06 9.27 33.36
111 490.62 965.61 3.08 213.36
112 698.18 1180.5 3.91 33.8
113 545.85 1030.59 6.71 128.68
114 1244.35 809.1 14.48 305.42
115 351.01 1189.35 11.66 35.69
116 381.3 774.43 11.94 207.14
117 955.58 1435.15 10.99 48.08
118 533.49 927.31 0.0 29.11
119 497.18 975.24 2.04 214.93
12 246.88 1332.44 1.67 304.2
120 529.84 920.76 0.0 29.11
121 521.19 905.22 11.69 29.11
123 416.68 1178.96 15.3 215.4
124 759.13 1268.77 13.43 34.54
125 392.9 1031.04 10.7 304.73
126 673.44 942.17 6.46 128.19
127 427.47 1007.08 19.77 304.73
128 576.34 897.81 0.0 30.2
129 718.62 1635.32 13.95 213.58
130 1334.03 391.55 21.47 302.48
131 619.0 979.9 17.79 124.73
133 451.86 1280.61 11.37 124.64
134 453.55 989.05 20.57 304.52
135 1554.24 257.27 17.19 300.9
136 699.88 1110.31 6.59 124.57
137 242.37 1036.97 13.45 36.07
139 1583.52 239.75 19.38 300.88
140 347.35 1062.96 13.1 305.05
141 862.54 1841.79 12.96 223.01
142 571.27 889.1 6.79 30.2
143 816.38 1432.77 16.63 214.25
144 131.53 928.55 12.8 65.17
145 514.89 1229.16 7.02 32.96
146 121.81 1326.34 21.54 124.96
147 298.0 1097.9 10.59 305.35
148 748.44 1076.77 8.06 124.65
149 306.73 533.78 15.35 29.51
15 238.17 1338.36 2.19 304.2
151 1150.38 1588.68 15.6 216.92
152 1855.84 419.27 12.79 300.35
33 266.32 1319.22 2.79 304.2
49 1891.89 308.05 12.14 122.48
58 258.08 1324.83 1.61 304.2
67 463.18 1349.75 7.6 34.68
70 756.47 1078.14 0.01 214.22
74 1204.31 757.81 14.06 125.26
76 761.74 1085.89 5.27 214.22
84 774.7 1104.95 9.12 214.22
86 322.67 1278.73 1.63 306.5
89 885.69 1058.5 12.54 304.79
94 937.84 1022.02 13.59 305.15
97 915.3 1391.41 11.51 37.43
99 334.54 1166.19 6.76 34.88

101-102
101-103
101-115
101-123
101-133
101-145
102-103
102-133
102-145
102-67
103-115
103-123
103-133
103-99
104-121
104-128
104-142
107-111
107-113
107-119
107-131
107-134
109-125
109-127
109-134
109-140
111-113
111-118
111-119
111-120
111-121
111-127
111-134
112-136
113-119
113-131
114-74
115-123
115-86
115-99
117-97
118-119
118-120
118-121
118-128
118-142
119-120
119-121
119-127
119-134
12-15
12-33
12-58
12-86
120-121
120-128
120-142
121-128
121-142
123-99
125-127
125-134
125-140
126-131
127-134
127-140
128-131
128-142
133-145
133-67
135-139
136-148
136-70
136-76
136-84
137-147
140-147
147-99
148-70
148-76
148-84
15-33
15-58
33-58
33-86
58-86
70-76
70-84
76-84
89-94
