1 546.83 924.89 20.61 304.46
10 506.69 1216.52 14.88 32.96
12 330.25 1075.02 11.64 305.34
13 158.19 1197.61 22.64 305.57
15 311.11 1088.6 12.78 305.35
17 333.6 1439.68 12.04 304.52
18 491.93 1331.18 9.56 304.67
2 1023.54 887.13 13.72 124.31
21 900.35 1048.31 16.05 304.79
22 340.71 1265.25 1.92 307.19
23 625.88 886.68 0.85 213.97
25 403.53 1023.67 18.75 304.73
26 467.13 979.72 17.89 304.52
27 388.75 1401.74 11.45 304.53
29 1106.1 905.93 12.01 304.79
30 734.26 1140.56 13.13 35.49
31 621.64 880.37 0.0 213.97
32 649.71 958.62 22.0 124.71
33 508.83 1314.79 7.88 213.73
36 545.07 1031.13 6.12 134.06
38 1229.91 548.99 21.24 126.24
39 1124.66 893.04 11.7 304.79
40 517.86 1328.34 6.1 213.61
43 445.23 1001.74 0.0 213.41
44 351.15 1060.29 13.5 305.05
45 1177.36 587.51 21.09 126.25
46 1203.31 568.48 21.17 126.24
48 510.63 994.51 12.4 214.93
49 862.47 997.78 12.43 124.67
5 679.51 1063.81 11.26 35.51
50 568.52 1014.89 11.35 124.71
52 1260.8 797.52 11.27 305.7
54 657.49 1216.46 7.71 304.91
55 511.83 1316.0 0.0 290.84
56 737.82 897.51 21.89 124.86
58 491.89 962.68 17.46 304.55
60 934.23 948.2 14.67 124.6
61 1277.96 785.19 10.28 305.71
63 590.39 1089.98 2.24 304.14
64 480.08 1053.76 8.27 213.87
65 409.9 713.34 13.56 30.89
67 1592.88 234.15 21.84 300.88
68 1030.78 1450.08 12.41 223.59
69 383.62 1030.6 1.04 33.16
7 362.34 1205.14 11.78 35.69
70 1726.01 496.93 12.06 300.51
71 556.6 1209.03 12.59 124.36
72 704.18 1188.92 6.4 355.17
73 249.42 1237.18 21.52 124.94
74 371.86 1012.6 12.86 33.16
75 492.32 1069.94 5.31 201.72
76 1794.01 456.46 11.88 301.29
77 508.75 794.62 14.26 41.42
78 751.93 978.42 1.46 304.75
79 418.45 1181.44 5.41 215.4
8 344.35 1180.09 8.32 35.44
80 448.27 717.9 13.76 34.35
81 399.7 1132.13 2.57 124.99
82 348.73 1167.8 0.0 124.97
9 310.92 1028.16 11.24 214.06

1-23
1-26
1-31
1-48
1-50
1-58
10-33
10-55
10-71
10-79
12-15
12-25
12-44
12-69
12-74
12-81
12-82
12-9
13-73
15-44
15-69
15-74
15-8
15-81
15-82
15-9
17-27
18-33
18-40
18-55
2-29
21-49
22-7
22-73
22-8
22-82
23-31
23-32
25-26
25-43
25-44
25-64
25-69
25-74
25-9
26-36
26-43
26-48
26-58
26-64
26-69
26-75
29-39
30-5
30-72
31-32
32-50
33-40
33-55
36-48
36-50
36-58
36-63
36-64
36-75
38-45
38-46
40-55
43-48
43-58
43-64
43-69
43-74
43-75
44-69
44-74
44-81
44-9
45-46
48-50
48-58
48-64
48-75
49-60
5-63
50-58
50-63
50-64
50-75
52-61
54-72
56-78
58-64
64-69
64-75
65-80
69-74
69-9
7-79
7-8
7-81
7-82
70-76
74-9
77-80
79-8
79-81
79-82
8-81
8-82
81-82
