1 879.23 694.38 19.79 304.11
10 406.5 1065.38 10.43 33.36
12 513.95 999.26 12.94 214.93
13 424.72 1008.98 20.91 304.73
14 1058.05 1537.28 14.62 45.84
15 522.59 941.54 7.79 304.54
17 430.03 1301.75 11.72 34.67
18 611.65 1473.23 11.02 212.71
19 296.32 736.24 12.42 208.14
2 803.17 1038.82 13.11 124.75
21 1154.39 872.38 15.27 304.79
22 375.68 1238.72 2.24 310.25
23 749.39 1067.71 7.97 214.17
24 263.55 674.39 12.52 207.78
25 629.49 892.02 12.06 213.97
26 642.75 911.71 10.77 213.97
27 568.19 1278.56 11.92 304.58
28 404.8 1128.56 17.31 124.99
29 1310.54 761.77 12.7 305.71
30 686.66 1023.69 2.11 304.75
31 672.06 954.96 6.5 214.7
32 543.08 1040.99 3.28 214.88
33 622.81 1490.61 11.13 212.71
35 314.37 769.98 15.95 208.53
36 651.84 1196.24 7.75 215.04
37 833.03 1376.05 13.76 34.83
38 887.62 791.23 20.84 125.34
39 1329.24 748.32 11.66 305.7
4 633.98 969.51 15.14 124.71
40 633.9 1507.61 10.75 213.67
41 592.09 1262.09 12.16 304.58
42 709.83 1009.55 13.27 214.44
43 490.25 1068.83 3.79 214.36
44 530.39 1022.81 9.61 214.93
45 827.49 834.39 23.03 125.7
46 861.27 810.12 19.82 125.7
48 390.87 1141.34 5.87 206.66
49 682.8 1122.08 11.26 124.57
5 524.8 1045.19 13.66 124.72
50 632.09 1168.08 5.64 215.04
51 640.24 1003.6 10.8 31.63
52 1446.0 666.37 11.14 303.31
53 237.71 1140.7 24.73 305.58
54 816.64 1166.83 13.01 214.08
55 659.52 1215.03 6.25 304.87
56 497.23 1078.94 1.15 214.86
58 654.77 929.54 11.55 213.97
59 392.07 795.46 11.61 207.14
6 469.3 1173.22 2.76 310.5
60 701.59 1109.12 5.13 124.57
61 1462.99 655.21 11.58 303.31
62 455.11 987.98 20.73 304.52
63 588.27 1019.48 8.69 34.06
64 193.06 1276.55 24.86 124.94
65 277.3 478.98 13.17 28.19
67 1954.9 10.75 21.03 302.19
68 1188.01 1638.74 13.02 216.92
7 362.76 1052.15 19.42 305.05
8 392.61 1031.24 19.98 304.73
9 451.23 1010.77 11.14 213.87

1-38
10-13
10-28
10-43
10-48
10-56
10-62
10-7
10-8
10-9
12-13
12-15
12-32
12-43
12-44
12-5
12-56
12-62
12-63
12-9
13-43
13-62
13-7
13-8
13-9
15-44
15-62
15-9
17-22
18-33
18-40
19-24
19-35
2-23
2-42
22-48
23-30
23-42
23-49
23-60
25-26
25-31
25-4
25-58
26-31
26-4
26-51
26-58
27-41
28-48
28-6
28-7
28-8
29-39
30-31
30-4
30-42
30-49
30-51
30-58
30-60
30-63
31-4
31-42
31-51
31-58
32-43
32-44
32-5
32-56
32-63
32-9
33-40
35-59
36-41
36-49
36-50
36-55
38-45
38-46
4-42
4-51
4-58
4-63
41-55
42-51
42-58
42-60
43-44
43-5
43-56
43-62
43-9
44-5
44-56
44-62
44-63
44-9
45-46
48-6
48-7
49-50
49-55
49-60
5-56
5-62
5-63
5-9
50-55
50-60
51-58
51-63
52-61
56-6
56-9
62-8
62-9
7-8
7-9
8-9
