0 697.12 1188.93 14.37 304.4
1 1818.72 96.81 20.7 301.53
10 484.85 767.53 15.1 41.42
12 599.86 1036.62 8.62 34.06
13 286.1 495.45 9.89 28.13
14 604.76 989.77 8.12 124.72
15 273.48 471.92 3.33 28.64
17 653.65 927.88 6.23 213.97
18 1004.8 1969.75 12.0 232.24
19 461.15 1243.64 7.19 213.89
2 860.89 1497.06 13.93 216.54
20 566.56 1181.53 4.22 213.14
21 1861.67 415.86 16.09 300.35
22 35.63 883.9 14.13 65.67
23 1179.79 1627.81 13.68 216.92
24 350.17 1166.79 1.76 124.97
25 668.94 1048.99 0.0 35.51
26 764.78 969.51 2.3 304.75
27 956.59 1568.67 12.12 236.43
3 354.88 986.61 14.96 33.16
4 252.41 1417.52 13.65 124.46
5 89.0 908.78 10.48 64.92
6 675.17 959.45 10.23 214.7
7 309.4 538.43 11.12 29.84
8 299.31 520.16 10.41 28.13
9 605.12 1242.33 10.69 212.31

12-14
12-25
13-15
13-7
13-8
14-17
14-25
14-6
15-7
15-8
17-6
20-9
22-5
25-6
26-6
7-8
