102 407.66 1166.26 13.25 215.4
103 388.02 1229.7 2.52 304.82
108 641.21 859.95 20.35 304.55
109 470.74 1172.22 1.52 321.25
111 396.76 804.59 14.6 208.2
112 798.4 1325.84 13.17 34.53
113 646.18 916.8 11.24 213.97
114 1070.29 930.97 14.2 305.11
115 362.98 1248.36 2.28 307.19
117 1076.04 1554.85 11.69 45.06
118 538.38 935.88 5.04 29.71
119 412.5 832.73 13.24 209.41
12 220.46 1350.19 1.92 303.73
120 532.17 924.94 3.52 29.11
121 526.53 914.82 0.7 29.11
123 527.37 1043.4 25.26 124.72
124 873.74 1434.57 13.33 34.84
125 431.28 1103.03 0.0 33.36
126 908.49 776.63 23.7 124.97
128 563.0 978.13 13.48 30.25
129 605.81 1464.15 13.71 212.71
130 1056.06 575.99 21.51 303.45
131 873.32 801.46 22.89 125.7
133 392.28 1144.62 4.19 215.4
134 242.21 1137.49 22.74 305.36
135 1327.64 395.64 17.85 302.72
136 872.1 991.12 15.48 124.67
137 327.24 1155.73 3.31 34.88
139 1351.66 380.33 16.59 302.48
140 333.12 1164.15 1.76 34.88
141 753.58 1687.36 12.15 214.28
142 502.3 955.51 15.54 304.54
143 675.73 1230.69 15.96 214.47
144 266.09 1069.52 13.1 36.07
145 527.37 1122.19 14.99 214.76
146 387.83 1140.44 20.31 125.02
147 340.57 1171.97 3.57 54.76
148 670.35 952.49 3.48 214.7
149 417.01 725.23 14.97 30.89
15 209.42 1357.56 2.24 303.73
151 996.74 1413.88 16.1 222.76
152 1696.0 514.39 12.81 300.19
153 654.49 1115.98 14.98 34.91
154 349.39 978.2 9.81 33.16
155 1092.36 1518.54 15.77 220.25
156 424.92 1114.48 18.3 124.99
157 57.43 894.01 13.13 64.92
158 1023.41 1984.17 12.17 232.24
159 1188.01 1638.74 14.44 216.92
33 241.15 1336.34 1.99 304.2
58 233.08 1341.76 2.18 303.73
70 708.31 1007.34 11.76 214.5
74 1369.94 641.54 13.3 124.53
76 720.88 1025.77 11.92 214.21
84 734.77 1046.2 13.2 214.21
86 297.57 1297.3 1.92 306.5
89 769.27 1096.97 10.13 214.22
94 787.42 1122.9 5.35 268.26
97 1039.41 1518.76 11.73 43.66
99 430.76 1302.82 12.37 34.66

102-103
102-109
102-115
102-125
102-133
102-137
102-140
102-146
102-147
102-156
103-115
103-133
103-137
103-140
103-146
103-147
103-99
108-113
108-148
109-125
109-133
109-145
109-146
109-156
111-119
111-149
113-148
115-137
115-140
115-147
115-86
115-99
117-155
117-97
118-120
118-121
118-128
118-142
12-15
12-33
12-58
12-86
120-121
120-128
120-142
121-128
121-142
123-128
123-142
123-145
125-133
125-145
125-146
125-156
126-131
128-142
133-137
133-140
133-146
133-147
133-156
134-137
134-140
134-144
135-139
137-140
137-146
137-147
140-146
140-147
146-147
146-156
148-70
148-76
15-33
15-58
155-97
33-58
33-86
58-86
70-76
70-84
76-84
76-89
84-89
84-94
89-94
