1 411.13 1274.43 12.82 34.67
100 130.15 927.91 11.42 65.12
101 944.65 1921.43 13.74 229.93
102 1001.81 1967.44 12.9 232.24
104 1808.92 102.82 23.72 301.52
12 354.76 1254.6 1.71 307.19
15 345.79 1261.4 1.91 307.19
2 1458.25 581.52 13.29 122.67
21 666.15 946.38 4.43 214.38
22 269.4 1317.14 2.24 304.2
23 190.19 1174.72 21.56 305.58
26 439.63 1315.65 11.09 34.63
29 764.87 1142.5 11.4 305.19
31 369.9 752.19 11.95 207.14
32 1421.26 419.31 22.34 120.84
33 378.73 1236.42 3.1 306.0
36 1137.44 616.66 22.04 125.85
38 1944.99 111.06 20.33 121.46
39 785.27 1120.48 6.77 230.12
45 1889.23 144.16 21.91 120.47
46 1917.06 127.71 21.03 120.6
49 1248.31 726.71 11.27 125.23
52 890.16 1055.4 11.69 304.79
54 264.57 1486.38 13.77 303.97
55 387.84 1229.83 3.05 304.82
56 1449.18 402.64 21.75 120.84
58 369.08 1243.73 1.65 307.19
60 1429.4 600.83 14.79 124.15
61 906.8 1043.83 11.97 304.79
65 657.23 933.2 7.97 213.97
67 880.4 693.59 20.88 304.11
68 740.36 1159.63 12.31 304.59
69 548.69 1282.07 9.39 32.52
70 1321.27 754.05 12.56 305.71
71 835.05 1378.95 12.54 34.83
73 618.97 876.39 6.62 213.8
74 557.13 1022.78 22.04 124.71
75 804.37 1239.15 13.46 35.14
76 1369.82 719.38 12.78 304.64
77 697.13 1088.5 13.69 35.51
78 678.28 963.95 0.08 214.7
79 538.73 1298.87 8.08 304.58
80 422.56 1089.78 13.25 33.36
81 735.78 1234.64 12.71 34.88
82 741.72 1151.02 13.09 35.49
83 711.91 1178.86 11.75 304.05
84 1466.39 652.97 13.11 303.31
85 668.56 1220.24 13.09 214.47
86 546.26 925.27 17.28 304.46
87 472.31 1163.72 10.57 34.12
88 673.43 956.94 1.02 214.7
89 1577.96 584.11 13.08 301.43
90 247.74 1044.34 13.13 36.07
92 853.11 1308.39 13.69 35.14
93 740.35 1054.41 8.72 214.21
94 1665.49 532.13 14.19 300.1
95 790.74 1395.12 14.11 214.25
97 581.93 1094.11 3.8 288.44
98 148.35 936.27 11.15 65.33
99 348.45 607.09 11.67 29.37

1-12
1-15
1-26
1-33
1-55
1-58
100-98
101-102
104-45
12-15
12-33
12-55
12-58
15-22
15-33
15-55
15-58
2-60
2-84
21-65
21-73
21-78
21-88
26-33
29-39
29-68
29-77
29-81
29-82
29-83
29-93
32-56
33-55
33-58
38-45
38-46
39-68
39-77
39-82
39-83
39-93
45-46
49-70
52-61
55-58
60-84
65-73
65-78
65-88
68-77
68-81
68-82
68-83
68-85
69-79
70-76
71-92
71-95
73-86
73-88
74-86
74-97
75-81
75-92
77-82
77-83
77-93
78-88
80-87
81-82
81-83
81-85
82-83
82-93
83-85
