100 342.05 1171.86 6.94 70.47
101 649.32 1530.76 14.08 213.67
102 701.13 1608.85 13.85 213.46
103 531.82 1303.64 12.56 304.58
104 1089.28 554.04 23.69 303.45
105 507.7 990.3 14.57 214.93
106 515.56 1230.19 14.76 32.96
107 469.21 1268.62 10.72 124.64
108 1420.49 337.77 21.26 301.11
109 464.22 805.06 12.37 30.15
110 338.34 1068.61 10.26 214.7
111 394.79 1148.14 8.38 215.4
112 398.73 1132.81 17.06 124.99
113 742.99 1327.21 13.38 215.15
114 1596.77 572.61 14.28 301.43
115 383.62 1030.61 0.0 33.16
116 512.86 1053.46 19.31 124.72
117 752.21 1165.72 11.15 35.52
118 392.69 684.36 14.83 30.66
119 547.13 1151.75 13.71 213.14
12 295.93 1298.51 1.95 306.5
120 362.34 631.78 14.53 29.37
121 339.49 591.0 11.75 29.19
123 251.88 1417.89 15.24 124.46
124 598.44 1231.71 13.17 212.15
125 477.88 759.63 12.78 41.42
126 647.7 1015.72 10.84 31.63
127 465.37 742.92 11.76 34.35
128 450.95 721.81 10.6 34.35
129 977.64 1948.71 13.87 232.24
130 1897.42 47.42 22.62 302.57
131 610.75 1076.17 2.46 304.14
133 162.18 1479.42 16.01 124.4
15 287.41 1304.82 1.95 306.5
2 1854.5 331.86 13.61 122.49
22 204.08 1361.13 2.34 303.73
33 317.64 1282.45 3.13 306.5
36 1772.93 212.59 21.96 120.47
39 507.6 951.86 22.41 304.54
49 1592.73 495.31 12.35 122.51
58 309.51 1288.47 2.45 306.5
60 1835.06 344.24 13.05 122.49
61 618.88 1243.52 8.79 305.03
67 307.29 1091.3 15.42 305.35
70 977.21 994.97 12.49 304.29
74 871.87 991.28 13.23 124.67
75 1097.64 1580.24 12.9 39.29
76 1013.81 970.01 12.19 304.31
77 948.26 1428.57 14.5 48.08
78 381.4 1039.07 20.74 304.97
83 503.4 1407.91 15.06 34.73
84 1074.57 927.95 13.24 305.11
86 374.8 1239.39 2.39 308.46
88 233.73 1143.56 24.89 305.6
89 1204.42 837.62 13.46 304.8
90 449.79 1360.13 8.01 304.13
94 1269.37 791.36 13.56 305.7
97 716.99 1116.35 11.32 35.49
98 355.64 1195.81 10.74 35.69
99 534.05 928.72 1.51 26.91

100-111
100-112
100-67
100-86
100-98
101-102
103-106
103-107
103-124
103-90
105-116
105-39
105-99
106-107
106-119
106-124
107-86
107-90
109-125
109-127
109-128
110-111
110-112
110-115
110-67
110-78
111-112
111-86
111-98
112-78
112-98
114-49
115-67
115-78
117-97
118-120
118-127
118-128
119-124
119-131
12-15
12-33
12-58
12-86
120-121
123-22
124-61
125-127
125-128
126-131
127-128
15-33
15-58
2-60
33-58
33-86
33-98
39-99
58-86
67-78
67-88
70-76
76-84
83-90
86-98
89-94
