1 484.96 1381.26 11.93 34.65
100 242.92 1037.72 11.65 36.07
101 805.54 1764.79 14.41 214.82
102 853.96 1832.59 12.83 223.01
103 672.62 1205.92 8.47 304.74
104 1497.9 291.1 24.56 301.1
105 288.22 1210.07 24.16 124.94
106 383.19 1029.94 5.01 33.16
107 287.58 1393.39 12.41 124.45
108 1779.25 121.05 20.71 301.65
109 337.32 587.12 12.31 29.75
110 444.21 1218.42 11.36 213.89
111 517.25 1313.68 8.45 304.58
112 325.62 1078.31 3.78 305.35
113 910.71 1538.23 13.98 236.43
114 1839.82 428.65 14.69 300.35
115 314.59 919.66 13.23 30.01
116 425.15 1190.86 0.0 215.4
117 635.7 1154.56 0.0 124.61
12 328.78 1274.21 2.61 306.5
15 319.92 1280.76 2.21 306.5
2 1628.14 472.75 13.57 122.51
21 582.56 908.34 7.88 17.01
22 241.23 1336.28 2.73 304.2
32 1700.03 255.32 21.28 120.2
33 353.96 1255.2 1.65 307.19
36 1401.93 431.15 21.28 122.07
39 681.19 968.15 14.65 214.7
49 1393.22 625.53 11.74 124.53
52 762.17 1144.41 10.79 305.19
56 1729.17 238.33 22.18 120.45
58 346.11 1261.16 1.49 307.19
60 1608.02 485.57 12.67 122.51
61 779.28 1132.34 10.56 305.19
67 626.91 869.79 16.86 304.55
68 616.59 1245.13 5.92 305.03
70 1175.77 857.53 12.46 304.8
71 958.33 1507.78 12.09 55.51
74 682.13 1067.47 13.91 35.51
75 917.09 1393.82 13.49 36.85
76 1216.76 828.93 12.31 305.68
77 781.33 1206.53 13.4 35.52
78 621.82 880.64 0.86 213.97
79 393.6 1398.4 13.38 304.53
81 845.03 1393.3 13.2 34.83
83 589.49 1263.88 12.84 304.58
84 1298.94 770.1 13.53 305.71
85 682.89 1122.02 10.73 124.57
86 295.88 1099.4 10.59 305.35
87 449.63 1186.87 1.54 304.77
88 595.2 891.65 10.53 304.57
89 1415.28 687.71 13.32 304.93
90 340.0 1173.96 9.61 35.28
92 985.5 1463.39 13.46 46.25
93 649.49 921.7 11.73 213.97
94 1491.18 636.94 12.95 301.66
95 675.26 1230.0 13.79 214.47
97 583.07 1004.8 13.52 124.73
98 255.5 1055.0 11.27 36.07
99 439.91 763.51 12.51 30.89

1-111
1-79
100-112
100-86
100-98
101-102
103-117
103-68
103-85
103-95
105-12
105-15
105-33
105-58
105-90
106-112
107-22
110-116
110-33
110-87
111-83
112-86
112-90
112-98
113-71
116-33
116-87
116-90
117-68
117-74
117-85
117-95
12-15
12-33
12-58
15-22
15-33
15-58
2-60
21-67
21-78
21-88
21-93
21-97
32-56
33-58
33-90
39-74
39-93
49-89
49-94
52-61
52-77
52-85
58-90
61-77
61-85
67-78
67-88
67-93
68-83
68-95
70-76
71-92
74-85
75-81
75-92
78-88
78-93
83-95
86-90
86-98
88-93
89-94
