0 571.82 1082.23 13.84 214.88
1 1472.95 306.15 20.62 301.1
10 576.34 897.81 0.0 30.2
12 589.19 1090.79 2.54 304.14
13 403.55 702.69 12.08 30.66
14 741.78 1151.11 4.42 35.49
15 391.01 681.53 12.97 30.66
17 464.67 981.41 19.43 304.52
18 838.9 1811.84 11.71 215.39
19 476.47 1078.68 15.13 124.74
2 708.93 1278.84 13.88 215.15
20 554.73 1024.44 16.4 124.71
21 1597.65 572.07 14.82 301.43
22 235.19 1026.88 10.72 34.98
23 1007.09 1425.07 13.75 222.76
24 453.63 1014.36 13.21 213.87
25 739.19 1052.7 9.13 214.21
26 736.62 989.04 1.72 304.74
27 798.79 1406.94 11.5 214.25
28 205.23 982.73 12.6 31.46
29 1682.0 522.54 12.85 300.19
3 434.64 1108.06 4.07 33.7
30 744.68 983.45 2.59 304.75
31 753.15 977.58 1.71 304.75
32 660.38 1208.27 7.14 242.82
33 851.15 1829.58 10.4 223.01
34 345.08 1170.35 6.22 109.44
35 552.06 1053.87 13.43 214.88
36 690.34 1193.64 13.66 304.74
37 673.51 1055.39 13.4 35.51
38 385.51 1142.07 13.65 124.99
39 1701.62 511.12 12.9 300.19
4 454.38 1278.87 12.33 124.64
40 868.36 1848.03 12.98 223.01
41 827.83 1449.6 11.8 214.26
42 526.92 1043.71 16.91 124.72
43 583.11 1207.31 9.86 212.15
44 598.08 1084.76 2.96 304.14
45 393.22 1030.82 11.31 304.73
46 413.41 1075.87 13.41 33.36
47 305.86 1380.85 13.94 124.45
48 278.34 1399.73 12.82 124.46
49 490.68 1287.67 10.62 213.8
5 247.62 1044.18 11.4 36.07
50 857.74 1492.82 11.52 216.54
51 179.54 1286.0 18.47 124.94
52 1780.9 464.35 11.26 300.71
53 642.78 911.75 12.7 213.97
54 1105.81 1534.43 12.93 220.25
55 729.57 1166.92 8.83 304.05
56 487.7 1187.22 12.88 32.96
58 683.41 1121.66 10.73 124.57
59 628.6 890.7 11.27 213.97
6 498.76 957.95 22.69 304.54
61 1807.24 448.42 13.76 301.29
62 716.96 1020.01 12.91 214.21
63 493.46 777.29 14.07 41.42
7 425.42 739.28 11.73 30.89
8 414.3 720.69 10.72 30.89
9 494.84 1075.51 5.53 214.86

0-12
0-19
0-20
0-35
0-42
0-44
0-9
10-53
10-59
10-6
12-20
12-35
12-37
12-42
12-44
12-58
12-9
13-15
13-7
13-8
14-25
14-32
14-36
14-55
14-58
15-7
15-8
17-19
17-20
17-24
17-42
17-45
17-6
17-9
18-33
18-40
19-20
19-24
19-3
19-35
19-42
19-45
19-46
19-9
2-32
2-36
20-35
20-42
20-44
20-6
20-9
21-29
22-28
22-5
24-3
24-42
24-45
24-46
24-6
24-9
25-26
25-30
25-31
25-37
25-58
25-62
26-30
26-31
26-37
26-62
27-41
28-5
29-39
3-38
3-45
3-46
3-56
3-9
30-31
30-62
31-62
32-36
32-43
32-55
32-58
33-40
34-38
35-42
35-44
35-9
36-55
36-58
37-44
37-58
37-62
38-46
39-52
4-49
4-56
41-50
42-44
42-6
42-9
43-56
44-58
45-46
46-9
47-48
52-61
53-59
55-58
63-7
63-8
7-8
