1 447.01 1326.34 12.36 34.63
100 180.29 950.9 10.39 65.84
101 892.82 1874.21 13.41 222.89
102 950.23 1926.12 13.53 229.93
103 765.65 1141.95 7.37 305.19
104 1706.71 165.46 24.05 301.27
105 93.16 1346.36 23.11 124.92
106 315.88 921.9 13.61 30.0
107 183.51 1464.78 13.16 124.43
108 1955.41 10.43 20.43 302.19
109 276.98 478.38 12.5 28.26
12 345.07 1261.95 2.55 307.19
15 336.92 1268.13 2.5 307.19
2 1514.14 545.67 13.59 122.67
21 636.92 903.06 14.44 213.97
22 260.03 1323.5 1.87 304.2
23 100.96 1238.39 21.26 305.45
26 463.66 1350.45 6.96 34.68
29 713.25 1177.95 13.13 304.05
32 1513.89 363.86 20.63 120.45
33 369.09 1243.72 2.19 307.19
36 1223.97 553.34 21.64 126.24
39 757.98 1080.35 5.84 214.22
49 1295.89 693.08 11.82 125.35
52 844.35 1087.13 11.07 304.3
55 399.92 1258.22 11.26 34.67
56 1542.1 347.28 21.5 120.45
58 360.25 1250.43 1.61 307.19
60 1492.3 559.68 14.71 122.67
61 860.4 1076.06 11.47 304.79
65 625.4 885.96 8.5 213.97
67 793.53 752.74 20.77 304.6
68 688.51 1194.91 12.52 304.74
69 532.58 1303.11 9.6 304.58
70 1272.92 788.81 12.48 305.7
71 869.76 1428.84 11.84 34.83
73 587.16 828.58 13.79 213.62
74 618.26 980.41 6.4 124.72
75 840.43 1290.37 12.29 35.14
76 1317.57 756.71 13.04 305.71
77 735.92 1142.89 10.94 35.49
78 666.81 947.34 7.19 214.38
79 502.31 1324.0 10.36 304.67
80 445.45 1124.09 10.67 34.12
81 771.96 1287.41 13.08 34.54
83 668.42 1208.84 3.91 304.74
84 1410.0 691.39 13.09 304.93
85 632.33 1168.42 9.55 215.04
86 459.73 984.81 22.05 304.52
87 466.84 1174.92 2.28 304.77
88 652.3 925.88 11.27 213.97
89 1522.11 617.87 12.98 301.66
90 283.45 1093.36 8.24 36.07
92 893.56 1363.08 13.22 37.51
93 705.43 1003.16 13.25 214.52
94 1607.66 565.95 13.1 301.43
95 752.13 1340.18 13.08 215.15
97 556.73 1060.57 11.91 214.88
98 193.71 963.89 11.23 31.46
99 377.66 659.01 12.67 29.37

1-26
1-55
1-69
1-79
100-98
101-102
103-29
103-39
103-52
103-68
103-77
12-15
12-33
12-55
12-58
15-22
15-33
15-55
15-58
2-60
2-89
2-94
21-65
21-73
21-74
21-78
21-88
26-69
26-79
29-68
29-77
29-83
29-85
32-56
33-55
33-58
39-52
39-77
39-93
49-70
49-76
52-61
55-58
60-89
65-73
65-74
65-78
65-88
68-77
68-83
68-85
69-79
70-76
71-92
74-78
74-88
74-93
75-81
75-92
77-83
78-88
78-93
80-87
81-95
83-85
88-93
