102 396.47 1150.52 0.0 215.4
103 359.33 1251.13 1.53 307.19
108 620.64 971.65 0.0 31.04
109 439.19 1194.12 1.98 304.77
112 973.78 1518.4 13.06 55.51
114 837.9 1091.53 13.79 304.3
115 330.42 1273.0 1.38 306.58
118 618.17 1063.7 9.13 34.06
12 183.28 1375.02 2.22 303.73
120 578.01 1003.74 2.06 30.99
121 573.13 995.49 0.02 30.25
123 594.69 839.9 15.97 213.62
125 528.65 1250.65 13.12 32.52
126 1287.64 506.95 23.6 125.69
128 697.91 1180.1 6.78 33.8
129 483.51 1258.84 6.0 124.95
130 690.6 825.6 22.05 305.46
131 1245.84 537.31 23.49 126.23
133 392.13 1144.4 0.0 215.4
135 1033.42 591.0 17.22 303.57
136 1116.45 821.54 15.28 125.84
137 456.04 1139.71 12.8 34.12
139 1056.01 576.03 17.74 303.45
140 461.42 1347.64 4.79 31.74
141 612.17 1474.05 12.94 212.71
142 328.91 1158.12 12.81 34.88
143 503.87 1307.38 7.36 213.8
144 422.03 1116.5 19.09 124.99
145 639.51 965.68 20.16 124.71
146 490.04 964.71 6.17 212.93
147 601.29 992.17 16.86 124.72
148 936.13 757.41 20.06 124.65
149 544.08 945.68 9.12 30.25
151 813.29 1161.87 15.51 214.08
152 1484.54 641.05 12.85 301.79
153 831.39 1019.28 14.43 124.67
154 293.1 1102.17 4.56 312.86
155 898.92 1286.11 15.0 214.15
156 654.72 1027.12 11.67 31.63
157 255.07 1054.4 13.17 36.07
158 837.46 1809.8 12.16 215.39
159 1011.26 1429.58 14.0 223.59
160 1735.84 491.11 12.36 300.71
161 265.3 1226.08 21.07 124.94
162 166.57 944.65 14.7 65.33
163 860.15 1496.06 12.22 216.54
164 1818.25 97.1 22.51 301.53
165 314.38 547.11 14.84 29.84
166 891.44 1525.65 15.79 238.13
167 91.62 1347.43 23.5 125.1
33 205.42 1360.23 1.29 303.73
58 196.56 1366.15 2.09 303.73
70 621.73 880.52 4.38 213.97
74 1596.97 492.61 13.73 122.51
76 629.27 891.7 8.02 213.97
84 643.53 912.86 13.83 213.97
86 260.9 1322.91 2.4 304.2
89 669.75 951.63 0.45 214.7
94 674.77 958.88 2.19 214.7
99 335.96 1438.06 11.68 304.52

102-109
102-133
102-137
102-142
102-144
103-109
103-115
103-142
103-161
108-118
108-120
108-121
108-145
108-147
108-149
108-156
108-70
108-76
108-84
108-89
108-94
109-129
109-133
109-137
109-144
112-159
112-166
114-151
114-153
115-161
115-86
118-120
118-121
118-147
118-156
12-167
12-33
12-58
12-86
120-121
120-145
120-146
120-147
120-149
120-156
121-145
121-146
121-147
121-149
121-156
123-130
123-70
123-76
123-84
125-129
125-143
126-131
129-140
129-143
130-70
130-76
130-84
133-137
133-142
133-144
135-139
137-144
140-143
142-154
142-161
145-147
145-149
145-156
145-70
145-76
145-84
145-89
145-94
146-149
147-149
147-156
147-84
147-89
147-94
154-157
156-89
156-94
161-86
163-166
33-58
33-86
58-86
70-76
70-84
70-89
70-94
76-84
76-89
76-94
84-89
84-94
89-94
