1 377.9 1226.79 7.5 35.69
100 80.39 904.75 10.91 64.92
101 999.24 1965.44 14.26 232.24
104 1911.93 38.14 23.73 302.74
12 361.39 1249.57 2.16 307.19
15 353.86 1255.28 1.63 307.19
2 1404.41 617.83 13.46 124.53
21 669.74 951.61 0.0 214.7
22 278.14 1311.2 2.36 304.2
23 278.4 1111.81 22.23 305.36
26 408.45 1270.55 10.87 34.67
29 793.45 1122.35 0.01 305.08
31 397.7 806.44 12.55 209.15
32 1329.79 477.31 21.38 123.57
33 387.36 1230.16 0.09 304.82
36 1048.58 679.44 21.24 124.58
38 1853.45 165.22 21.22 120.47
39 799.66 1117.99 0.78 305.08
45 1798.14 197.76 22.39 120.47
46 1825.65 181.57 20.28 120.47
49 1199.87 760.95 11.48 125.26
52 936.21 1023.17 11.77 305.15
54 319.49 1449.38 13.07 304.4
55 395.62 1224.42 2.6 304.82
56 1357.35 459.26 21.76 122.79
58 376.72 1237.94 2.31 315.29
60 1367.62 643.14 15.23 124.53
61 953.36 1011.24 11.25 304.29
65 639.74 965.52 16.59 124.71
67 968.0 634.22 21.85 303.33
68 782.99 1129.72 5.78 294.48
69 519.21 1235.87 11.91 32.73
70 1369.66 719.49 11.77 304.64
71 800.09 1328.29 12.32 34.53
72 1001.98 1538.26 13.18 54.53
73 645.09 915.18 11.84 213.97
74 478.4 1077.34 13.24 124.74
75 767.04 1186.5 12.22 35.52
76 1421.25 683.53 12.1 304.93
77 657.77 1032.07 14.1 31.63
78 688.92 979.31 11.51 214.7
79 539.52 1267.69 12.71 32.52
80 390.94 1041.74 6.42 26.97
81 701.19 1184.92 8.37 34.33
82 702.69 1096.28 13.7 35.51
83 743.24 1153.97 4.1 30.05
84 1524.91 616.14 13.59 301.57
85 705.5 1273.96 13.39 215.15
86 602.76 886.44 7.87 304.57
87 438.79 1114.25 8.64 33.88
88 674.02 957.8 0.08 214.7
89 1633.8 550.5 12.59 300.1
90 209.85 990.27 12.96 31.46
92 813.15 1251.62 13.34 35.14
93 742.37 1080.96 12.09 124.65
94 1725.42 497.28 14.18 300.44
95 829.26 1451.7 14.07 214.35
97 592.99 1088.22 2.3 304.14
98 98.37 913.17 11.02 64.92
99 318.26 553.88 12.71 29.84

1-12
1-15
1-26
1-33
1-55
1-58
100-98
12-15
12-26
12-33
12-55
12-58
15-22
15-26
15-33
15-55
15-58
2-60
2-76
21-65
21-73
21-77
21-78
21-86
21-88
26-33
26-55
26-58
29-39
29-68
29-75
29-82
29-83
29-93
32-56
33-55
33-58
36-67
38-45
38-46
39-68
39-75
39-82
39-83
39-93
45-46
52-61
55-58
60-70
60-76
65-73
65-77
65-78
65-86
65-88
68-75
68-81
68-82
68-83
68-93
69-79
70-76
71-92
73-78
73-86
73-88
74-80
74-87
75-81
75-83
75-92
77-78
77-82
77-88
77-93
77-97
78-88
80-87
81-82
81-83
81-85
82-83
82-93
83-93
