100 632.51 970.53 21.33 124.72
101 469.92 1256.69 9.71 213.89
102 519.49 1330.78 13.35 213.61
103 419.86 1207.55 1.84 304.82
104 623.14 872.4 7.1 304.55
106 479.61 1339.69 13.14 304.67
107 482.97 1074.18 19.47 124.74
108 983.54 624.0 20.9 303.33
109 397.9 1027.57 10.95 304.73
111 492.84 969.03 0.15 214.93
112 670.78 1139.58 13.37 34.14
113 557.6 1061.82 13.86 214.88
114 1302.33 767.67 14.32 305.71
115 325.11 1152.67 12.83 34.88
116 410.24 828.72 11.98 209.41
117 917.78 1394.76 11.65 36.63
118 533.49 927.31 0.0 29.11
119 522.69 1011.78 11.25 214.93
12 254.55 1327.22 1.17 304.2
120 529.79 920.66 0.96 29.11
121 491.93 852.8 12.45 30.14
123 458.02 1238.98 10.46 213.89
124 720.76 1213.1 13.8 34.88
125 461.61 983.51 20.81 304.52
126 683.09 970.89 13.92 214.7
127 510.3 950.0 17.26 304.54
128 576.34 897.81 0.0 30.2
129 757.09 1692.51 13.25 214.22
130 1427.54 333.52 21.86 301.07
131 559.84 1020.9 9.41 124.71
133 423.33 1300.31 1.11 124.46
134 536.25 932.15 16.34 304.48
135 1629.49 212.3 17.4 300.79
136 658.86 1138.58 6.37 124.61
137 204.11 980.89 13.85 31.46
139 1669.83 187.86 22.79 301.28
140 384.82 1034.9 5.9 17.15
141 906.33 1887.8 12.18 227.23
142 541.54 837.44 13.59 29.78
143 863.21 1500.2 16.6 216.54
144 71.57 900.63 13.93 64.92
145 488.45 1188.37 6.35 32.96
146 33.54 1389.16 21.71 125.76
147 328.04 1076.59 2.24 305.35
148 719.41 1096.83 1.94 124.65
149 271.01 467.4 15.47 28.64
15 246.1 1332.97 2.19 304.2
33 274.79 1313.47 2.55 304.2
49 1842.16 339.72 12.37 122.49
58 267.14 1318.67 1.52 304.2
67 434.55 1308.3 12.9 34.63
70 766.01 1092.17 11.57 214.22
74 1148.34 798.24 13.07 126.46
76 784.69 1119.63 4.85 223.63
84 798.09 1119.09 8.75 305.08
86 331.69 1272.06 1.78 306.8
89 937.97 1021.93 12.89 305.15
94 992.71 984.4 13.4 304.29
97 879.4 1344.64 11.22 37.51
99 304.11 1122.54 10.02 34.88

100-104
100-126
100-128
100-131
101-102
101-103
101-106
101-123
101-133
101-145
101-67
102-106
102-67
103-123
103-133
103-145
104-128
104-142
106-133
106-67
107-109
107-113
107-119
107-125
107-131
109-125
109-140
109-147
111-118
111-119
111-120
111-125
111-127
111-131
111-134
112-124
112-136
112-148
113-119
113-131
115-147
115-99
116-121
117-97
118-119
118-120
118-121
118-125
118-127
118-128
118-131
118-134
118-142
119-120
119-125
119-127
119-131
119-134
12-15
12-33
12-58
12-86
120-121
120-125
120-127
120-128
120-134
120-142
121-127
121-128
121-134
121-142
123-133
123-145
123-67
124-136
125-127
125-134
125-140
127-128
127-131
127-134
128-134
128-142
131-134
133-67
133-86
134-142
135-139
136-148
140-147
147-99
148-70
148-76
148-84
15-33
15-58
33-58
33-86
58-86
70-76
70-84
76-84
89-94
