1 462.53 982.88 20.68 304.52
10 534.41 1224.19 8.67 124.36
12 293.52 1101.45 6.29 308.88
13 66.76 1262.73 22.76 305.44
15 299.47 1115.9 7.93 34.88
17 284.0 1473.29 11.75 303.97
2 1078.6 848.77 13.19 125.48
21 836.8 1092.28 15.05 304.3
22 331.49 1272.21 2.5 306.77
23 625.83 886.59 0.0 213.97
25 330.6 1074.77 18.91 305.33
26 394.61 1029.86 17.07 304.73
27 341.41 1434.31 11.62 304.52
29 1054.25 942.24 12.1 305.11
30 728.33 1167.76 8.22 304.05
31 620.31 878.88 1.99 217.03
32 752.18 887.51 25.19 124.86
33 479.84 1271.47 6.8 213.8
36 594.27 997.04 15.7 124.72
38 1315.06 487.44 21.38 124.9
39 1071.71 929.97 13.06 305.11
40 489.37 1285.71 10.61 213.8
43 445.23 1001.74 0.0 213.41
44 322.48 1045.26 10.69 214.06
45 1262.32 525.24 21.57 126.23
46 1288.13 506.59 20.36 125.69
48 490.73 965.78 4.29 213.44
49 911.49 963.89 12.31 124.59
50 618.39 980.32 7.07 124.72
52 1214.78 830.35 11.69 305.66
54 616.8 1244.98 5.33 305.03
55 507.74 1313.16 3.49 233.81
56 826.1 835.39 21.09 125.69
58 416.92 1014.39 18.69 304.73
60 997.35 904.94 15.55 124.14
61 1232.28 817.78 10.39 305.71
63 580.14 1096.99 2.07 304.55
64 450.44 1009.59 6.19 213.87
65 445.04 772.07 13.72 30.96
67 1502.15 288.53 21.5 301.1
68 988.23 1403.08 12.44 217.0
69 383.62 1030.61 0.0 33.16
7 396.68 1253.55 11.87 34.67
70 1674.91 526.66 11.59 300.19
71 605.74 1175.24 12.41 124.6
72 732.39 1229.78 13.7 34.88
73 335.34 1177.16 18.08 124.93
74 379.52 1024.33 0.0 33.16
75 531.99 1040.2 14.38 124.72
76 1742.11 487.39 11.89 300.71
77 549.93 852.12 14.46 29.78
78 743.49 984.28 2.29 304.75
79 393.2 1145.91 5.88 215.4
8 379.17 1228.57 12.71 35.69
80 488.71 771.9 13.48 41.42
81 434.65 1107.69 12.91 124.83
82 372.86 1150.91 10.16 124.97
83 696.13 1017.12 2.68 304.75
84 1876.9 406.94 13.36 300.35
85 956.59 1568.67 13.86 236.43

1-26
1-43
1-48
1-58
1-64
1-69
1-74
1-75
10-33
10-40
10-54
10-55
10-71
12-15
12-25
12-44
12-73
12-82
15-25
15-44
15-73
15-79
15-82
17-27
2-29
2-39
2-60
22-7
22-73
22-8
23-31
23-50
23-77
25-26
25-44
25-69
25-74
25-79
25-82
26-43
26-44
26-58
26-64
26-69
26-74
26-81
29-39
29-60
30-72
31-77
32-56
32-78
33-40
33-55
33-7
36-50
36-75
38-45
38-46
39-60
40-55
40-7
43-48
43-58
43-64
43-69
43-74
43-75
44-58
44-69
44-74
45-46
48-58
48-64
48-75
50-83
52-61
54-71
58-64
58-69
58-74
58-81
63-71
63-75
64-69
64-74
64-75
64-81
65-80
69-74
69-81
7-73
7-8
70-76
73-79
73-8
73-82
74-81
78-83
79-8
79-81
79-82
8-82
81-82
