101 368.67 1111.42 13.79 215.4
102 445.68 1220.61 13.62 213.89
103 396.69 1223.67 2.29 304.82
107 484.21 967.97 5.95 290.52
108 727.17 799.55 21.25 305.46
109 459.39 1144.66 12.41 34.12
111 431.92 867.07 14.01 209.57
112 759.73 1269.65 13.34 34.54
113 661.13 950.71 8.42 124.71
114 1128.36 890.46 14.64 304.79
115 372.19 1241.37 1.97 307.19
117 1035.92 1515.1 11.18 43.66
118 533.49 927.31 0.0 29.11
119 445.37 890.74 13.79 210.99
12 228.96 1344.51 2.83 303.73
120 529.84 920.76 0.0 29.11
121 526.19 914.2 0.0 29.11
123 436.93 1106.1 15.25 124.83
124 835.05 1378.95 13.67 34.83
125 431.28 1103.01 1.75 33.36
126 814.29 843.83 23.75 125.38
127 300.09 1096.41 20.72 305.35
128 538.04 934.66 7.21 341.54
129 642.83 1521.03 14.01 213.67
130 1148.55 514.23 22.28 303.98
131 780.83 867.55 22.89 124.86
133 424.47 1189.91 15.68 215.4
134 331.76 1073.95 18.38 305.29
135 1401.82 349.13 17.78 301.32
136 810.92 1033.44 15.41 124.75
137 301.11 1118.25 9.36 34.88
139 1427.03 333.82 18.3 301.07
140 312.63 1134.77 11.77 34.88
141 788.52 1739.47 13.27 213.91
142 553.52 920.29 10.44 304.46
143 722.11 1297.55 16.18 215.15
144 227.44 1015.81 13.28 34.98
145 565.78 1180.32 8.9 213.14
146 301.33 1200.91 22.48 124.93
147 335.63 1167.75 5.21 34.88
148 697.95 992.35 12.94 214.7
149 379.53 662.17 14.91 30.3
15 218.99 1351.17 1.81 303.73
151 1049.93 1470.2 15.29 222.87
152 1749.49 483.01 12.3 300.71
153 611.6 1053.98 12.33 34.06
154 324.03 936.04 9.9 29.95
155 1141.8 1577.25 15.79 216.92
156 366.56 1155.32 8.18 124.97
33 248.8 1331.14 1.89 304.2
58 240.91 1336.5 1.48 304.2
70 741.09 1055.5 9.44 214.21
74 1315.67 679.05 14.13 125.35
76 752.18 1071.81 6.82 214.16
84 760.34 1083.83 4.73 214.22
86 306.24 1290.89 2.09 306.5
89 791.24 1123.49 3.81 301.15
94 827.8 1098.42 12.9 304.3
97 998.45 1476.15 11.29 44.02
99 395.82 1252.3 11.66 34.67

101-109
101-123
101-125
101-127
101-133
101-134
101-137
101-140
101-147
101-156
102-103
102-109
102-115
102-133
102-99
103-115
103-133
103-146
103-147
103-156
103-99
107-118
107-119
107-120
107-121
107-128
107-142
108-126
108-131
109-123
109-125
109-133
109-156
111-119
112-143
113-148
115-133
115-146
115-147
115-156
115-86
115-99
117-151
117-97
118-119
118-120
118-121
118-128
118-142
119-120
119-121
12-15
12-33
12-58
12-86
120-121
120-128
120-142
121-128
121-142
123-125
123-133
123-156
125-133
125-156
126-131
127-134
127-137
127-140
127-147
127-156
128-142
133-147
133-156
133-99
134-137
134-140
134-147
134-156
135-139
136-70
136-76
136-84
136-89
136-94
137-140
137-146
137-147
137-156
140-146
140-147
140-156
146-147
146-156
146-86
147-156
148-70
148-76
15-33
15-58
151-97
33-58
33-86
58-86
70-76
70-84
70-89
70-94
76-84
76-89
76-94
84-89
84-94
86-99
89-94
