102 390.91 1141.89 4.86 210.03
103 331.07 1272.52 1.36 306.7
114 663.85 1212.02 5.73 304.86
115 299.04 1296.22 1.46 306.5
118 576.44 1088.85 7.05 217.78
120 698.52 1181.01 0.03 33.8
121 686.58 1163.18 12.59 33.8
126 1684.24 264.51 23.77 120.2
130 445.3 994.73 15.98 304.56
131 1633.97 293.76 23.04 120.19
133 401.53 1130.85 7.68 124.99
135 742.54 788.61 18.23 305.46
136 1357.17 650.33 15.1 124.53
137 562.98 1176.04 9.64 213.14
139 764.8 772.75 17.64 305.46
140 252.94 1494.44 14.66 304.96
141 478.41 1269.34 5.54 213.8
142 437.11 1312.0 14.0 34.63
143 413.73 1211.81 2.28 304.82
145 630.02 892.81 0.0 213.97
147 732.28 1087.93 10.81 124.65
148 1272.25 518.0 20.43 125.85
149 643.91 913.43 11.05 213.97
151 635.71 1231.72 13.36 305.03
152 1280.58 783.31 12.32 305.71
153 1079.14 848.38 14.51 125.48
154 364.1 1207.58 9.14 35.69
155 730.74 1166.13 15.09 304.05
156 743.28 1155.38 0.0 20.53
157 351.75 1190.39 10.3 35.69
158 695.28 1600.0 12.16 213.46
159 844.2 1206.76 14.36 215.04
160 1514.54 622.54 12.94 301.66
162 314.97 1138.12 13.7 34.88
163 720.02 1294.59 12.44 215.15
164 1426.37 334.22 22.54 301.07
165 464.88 806.21 15.56 30.15
166 732.86 1312.81 12.58 215.15
167 473.8 1080.53 23.93 124.74
168 1692.52 516.41 11.44 300.19
169 409.74 1070.29 11.86 33.36
170 740.11 1148.77 0.0 35.49
171 694.44 1190.8 13.91 304.62
172 634.22 899.05 0.02 213.97
175 397.26 1051.34 9.55 33.36
176 753.48 977.34 1.81 304.75
177 590.97 1219.82 13.82 212.15
179 322.45 933.3 13.23 29.95
180 50.56 1376.9 21.44 125.73
181 307.68 907.69 12.93 30.01
182 173.59 1471.58 13.85 124.61
183 483.99 1258.51 0.0 124.19
184 527.52 938.15 0.0 304.54
70 455.87 908.22 12.04 210.99
74 1824.34 351.06 14.03 122.49
76 621.64 880.37 0.0 213.97
84 625.83 886.59 0.0 213.97
86 226.5 1346.15 2.48 303.73
89 658.61 935.23 7.64 213.97
94 667.88 948.89 5.85 214.49

102-133
102-143
102-154
102-157
102-162
102-169
102-175
103-115
103-154
103-157
114-120
114-121
114-151
114-155
114-156
114-163
114-170
114-171
114-177
115-86
118-137
120-121
120-147
120-151
120-155
120-156
120-170
120-171
121-147
121-151
121-155
121-156
121-170
121-171
126-131
130-167
130-169
130-175
130-184
130-70
133-143
133-154
133-157
133-162
133-167
133-169
133-175
135-139
137-151
137-177
140-182
141-142
141-143
141-183
142-183
143-154
143-157
143-183
145-149
145-172
145-76
145-84
145-89
145-94
147-155
147-156
147-170
149-172
149-76
149-84
149-89
149-94
151-171
151-177
154-157
154-162
155-156
155-170
155-171
156-170
156-171
157-162
163-166
167-169
167-175
169-175
170-171
172-76
172-84
172-89
172-94
176-94
179-181
184-70
76-84
76-89
76-94
84-89
84-94
89-94
