100 382.89 1143.9 13.26 124.97
101 610.63 1471.66 13.84 212.71
102 664.98 1554.27 12.73 213.67
103 505.61 1309.98 5.41 215.38
104 987.39 621.47 24.13 303.33
105 486.08 958.53 7.32 212.51
106 549.25 1282.95 8.52 32.52
107 457.71 1238.52 10.24 213.89
108 1331.76 393.0 20.77 302.48
109 495.61 859.27 12.36 29.34
110 305.67 1020.39 12.01 214.06
111 409.77 1125.08 9.98 124.99
112 485.88 1072.16 21.46 124.74
113 702.59 1269.78 13.95 214.82
114 1536.34 609.2 14.19 301.06
115 383.62 1030.61 0.0 33.16
116 530.19 1022.52 8.43 214.93
117 785.38 1212.2 11.25 35.5
118 430.17 747.22 14.53 30.89
119 508.75 1095.47 13.94 214.86
12 287.4 1304.83 2.75 306.5
120 398.4 693.99 14.14 30.66
121 369.03 643.67 12.57 29.37
123 316.82 1373.33 15.87 124.45
124 581.33 1192.08 6.49 137.56
125 522.01 809.64 13.23 41.42
126 686.46 1073.54 14.17 35.51
127 504.81 790.15 12.15 41.42
128 489.63 772.94 11.89 41.42
129 926.21 1905.45 14.1 228.14
130 1802.46 106.78 22.38 301.51
131 600.88 1082.87 2.78 304.14
133 226.51 1435.3 15.83 124.45
134 648.65 959.35 7.32 124.71
135 1928.4 27.55 17.96 302.74
15 279.23 1310.45 1.9 304.2
2 1911.45 295.6 13.71 122.48
22 194.65 1367.42 2.53 303.73
33 309.95 1288.14 1.11 306.5
36 1865.36 158.21 21.29 120.47
39 403.9 1023.41 26.07 304.73
49 1642.29 463.92 11.4 121.51
58 301.29 1294.55 2.25 306.5
60 1892.14 307.9 13.95 122.48
61 586.96 1265.62 11.18 304.58
67 301.15 1118.31 7.95 34.88
70 927.85 1029.06 12.04 305.15
74 927.33 952.96 14.21 124.6
76 963.67 1004.21 12.44 304.29
77 998.52 1476.23 13.79 44.02
78 302.91 1094.42 20.37 305.35
84 1016.62 968.09 13.63 304.31
86 366.14 1245.96 2.53 307.19
88 132.49 1215.95 25.36 305.43
89 1151.2 874.6 13.44 304.79
90 399.16 1394.58 12.9 304.53
94 1215.2 830.05 12.96 305.66
97 745.14 1155.81 8.08 35.51
98 386.6 1238.98 10.36 35.49
99 511.76 949.0 9.69 304.54

100-111
100-67
100-78
100-98
101-102
103-106
103-107
103-61
105-109
105-116
105-99
106-124
106-61
107-86
107-98
109-125
109-127
109-128
109-99
110-115
110-39
110-67
110-78
111-112
111-115
112-116
112-119
112-39
115-39
116-119
116-131
116-99
117-97
118-120
118-127
118-128
119-131
12-123
12-15
12-33
12-58
12-86
120-121
123-15
123-33
123-58
123-90
124-61
125-127
125-128
126-131
127-128
130-36
133-22
15-33
15-58
2-60
33-58
33-86
33-98
58-86
67-78
70-74
70-76
74-76
74-84
76-84
86-98
89-94
