101 398.87 1153.89 7.06 215.4
102 474.22 1263.09 4.91 213.86
103 403.56 1218.89 1.7 304.82
107 510.86 994.84 12.98 214.93
108 812.58 739.59 20.38 304.6
109 429.27 1099.97 6.37 33.36
111 467.75 928.01 12.68 210.99
112 721.52 1214.18 11.37 34.88
113 599.71 993.27 16.93 124.72
114 1185.89 850.49 14.41 304.8
115 380.52 1233.62 5.5 13.17
117 997.12 1474.78 11.34 44.02
118 533.49 927.31 0.0 29.11
119 479.44 947.47 10.45 210.99
12 238.36 1338.23 1.74 304.2
120 529.84 920.76 0.0 29.11
121 526.19 914.2 0.01 29.11
123 391.12 1139.33 6.73 189.65
124 797.32 1324.26 13.93 34.53
125 406.49 1065.36 12.19 33.36
126 724.13 907.04 16.4 124.7
127 375.78 1043.01 13.04 305.05
128 573.58 906.52 5.66 317.31
129 680.75 1578.03 13.99 213.46
130 1240.92 452.11 22.33 303.28
131 693.5 928.27 17.1 124.73
133 464.13 1248.07 9.6 213.89
134 393.93 1030.32 11.74 304.73
135 1478.3 302.93 18.08 301.1
136 749.7 1075.89 15.06 124.65
137 280.34 1089.09 12.11 36.07
139 1504.81 286.93 17.37 301.1
140 295.63 1099.58 6.23 305.35
141 824.92 1792.16 13.1 215.39
142 574.63 894.88 2.89 30.2
143 769.27 1364.53 16.62 215.15
144 191.06 959.56 13.41 31.46
145 553.79 1210.94 13.19 124.36
146 211.75 1263.49 21.27 124.94
147 306.1 1125.4 9.02 34.88
148 733.65 1044.55 11.47 214.21
149 342.89 597.22 14.26 28.81
15 228.79 1344.63 2.04 303.73
151 1100.62 1528.3 15.49 220.25
152 1801.99 451.61 12.41 301.29
153 587.2 1017.9 2.4 34.06
154 299.78 894.02 9.49 30.01
155 1188.01 1638.74 15.85 216.92
33 257.42 1325.28 2.8 304.2
58 248.43 1331.39 2.54 304.2
67 498.27 1400.52 13.51 34.65
70 756.47 1078.13 0.0 214.22
74 1259.74 718.64 13.62 125.23
76 760.69 1084.34 0.02 214.22
84 764.93 1090.58 0.07 214.22
86 314.86 1284.51 2.04 306.5
89 831.76 1095.72 13.36 304.3
94 882.28 1060.87 13.63 304.79
97 955.68 1435.23 12.2 48.08
99 367.39 1212.16 12.07 35.69

101-103
101-109
101-115
101-123
101-125
101-147
101-99
102-103
102-115
102-133
102-145
103-115
103-123
103-133
103-99
107-111
107-113
107-118
107-119
107-120
107-121
107-153
109-123
109-125
109-127
109-134
111-118
111-119
111-120
111-121
113-118
113-128
113-153
115-123
115-133
115-86
115-99
117-97
118-119
118-120
118-121
118-128
118-142
119-120
119-121
12-146
12-15
12-33
12-58
12-86
120-121
120-128
120-142
121-128
121-142
123-125
123-127
123-147
123-99
124-143
125-127
125-134
126-131
127-134
127-140
128-142
133-145
135-139
136-148
136-70
136-76
136-84
136-89
137-140
137-147
140-147
146-15
146-33
146-58
148-70
148-76
148-84
15-33
15-58
33-58
33-86
58-86
70-76
70-84
70-89
76-84
76-89
84-89
86-99
89-94
