0 543.84 1042.09 4.74 214.88
1 1386.21 358.62 20.39 301.32
10 576.34 897.81 0.0 30.2
12 572.22 1082.8 8.11 214.88
13 434.4 754.3 12.59 30.89
14 771.8 1193.17 13.89 35.52
15 422.76 734.83 12.36 30.89
17 382.64 1038.2 19.83 304.95
18 804.95 1763.92 12.02 214.51
19 476.87 1048.98 9.44 213.87
2 671.23 1224.13 13.7 214.47
20 635.23 968.65 19.14 124.71
21 1532.29 611.64 14.94 301.09
22 267.39 1071.31 10.69 36.07
23 965.55 1372.99 13.21 217.0
24 442.36 997.36 3.96 213.14
25 706.78 1005.11 11.93 214.5
26 728.86 994.42 1.84 304.74
27 766.37 1360.42 11.13 215.15
28 239.05 1032.4 12.2 34.98
29 1627.51 554.14 12.87 300.1
3 464.89 1152.77 14.91 34.12
30 736.63 989.03 2.38 304.74
31 745.55 982.85 2.09 304.75
32 632.6 1168.8 8.59 215.04
33 817.42 1781.59 12.49 215.39
34 393.07 1136.77 15.51 125.02
35 527.68 1018.92 11.1 214.93
36 664.06 1210.47 0.03 291.24
37 712.77 1110.43 14.14 35.48
38 461.95 1088.74 21.48 124.74
39 1646.83 542.95 11.65 300.1
4 466.53 1251.64 7.89 213.89
40 830.94 1800.64 11.8 215.39
41 793.83 1399.65 12.49 214.25
42 602.99 990.99 15.64 124.72
43 558.34 1168.93 13.0 213.14
44 586.3 1092.75 3.04 304.14
45 406.81 1065.86 11.91 33.36
46 434.37 1105.63 4.32 46.96
47 366.18 1339.49 14.85 124.43
48 332.06 1362.88 13.02 124.43
49 483.97 1258.53 5.42 124.19
5 279.8 1088.34 11.48 36.07
50 824.57 1444.81 12.11 214.25
51 254.49 1233.63 18.26 124.94
52 1734.05 492.18 10.63 300.71
53 622.55 881.73 3.74 213.97
54 1061.52 1483.0 13.83 221.87
55 677.99 1202.2 10.32 304.74
56 519.94 1232.94 6.41 59.59
58 703.23 1108.0 0.0 124.57
59 609.89 881.53 4.93 304.2
6 412.47 1017.48 19.58 304.73
61 1752.36 481.3 12.93 300.71
62 681.0 967.87 12.53 214.7
63 538.44 832.03 14.94 29.78
7 455.6 790.23 11.47 30.15
8 445.26 772.43 12.06 30.97
9 493.58 1073.69 0.0 214.86

0-12
0-19
0-35
0-38
0-42
0-44
0-9
10-20
10-42
10-53
10-59
10-63
12-35
12-42
12-43
12-44
12-9
13-15
13-7
13-8
14-55
15-7
15-8
17-19
17-24
17-34
17-38
17-45
17-46
17-6
18-33
18-40
19-24
19-35
19-38
19-45
19-46
19-6
19-9
2-32
2-36
2-55
20-25
20-26
20-42
20-53
20-59
20-62
22-28
22-5
24-35
24-38
24-45
24-6
24-9
25-26
25-30
25-31
25-62
26-30
26-31
26-62
27-41
28-5
29-39
3-34
3-38
3-4
3-43
3-46
3-56
3-9
30-31
30-62
31-62
32-36
32-37
32-43
32-44
32-55
32-58
33-40
34-38
34-45
34-46
35-38
35-42
35-44
35-9
36-55
37-55
37-58
38-45
38-46
38-6
38-9
4-49
4-56
41-50
42-62
43-44
43-56
44-9
45-46
45-6
45-9
46-6
46-9
47-48
49-56
52-61
53-59
53-63
55-58
59-63
6-9
63-7
7-8
