1 712.54 809.97 19.83 305.46
10 437.64 1112.56 5.48 33.71
12 448.05 992.84 14.13 304.52
13 296.61 1098.88 5.68 305.35
15 398.91 1026.87 18.85 304.73
17 434.6 1370.42 10.94 304.13
18 550.01 1376.91 12.18 212.57
2 913.38 962.59 14.02 124.59
21 1028.71 959.84 15.83 304.31
22 358.74 1251.58 1.83 307.19
23 676.58 961.49 12.63 214.7
25 560.57 915.46 16.67 304.46
26 599.26 888.85 8.12 304.57
27 484.73 1336.16 11.5 304.67
28 467.6 1156.77 11.74 34.12
29 1208.31 834.91 12.59 304.88
30 664.88 1040.71 4.02 323.05
31 644.76 914.69 11.81 213.97
32 541.66 1038.6 1.52 212.55
33 561.33 1394.63 12.18 212.57
35 247.33 643.62 15.28 207.88
36 591.31 1109.97 13.03 215.07
37 916.9 1479.43 13.17 56.5
38 1059.45 671.95 20.41 124.58
39 1226.56 821.89 12.44 305.71
4 631.42 894.9 12.31 213.97
40 572.82 1412.61 12.14 212.57
43 445.27 1001.81 0.57 213.41
44 475.82 973.74 9.12 304.52
45 1007.03 708.51 20.82 125.02
46 1034.78 689.06 21.62 125.02
48 494.78 1065.99 20.9 124.72
49 763.58 1066.28 12.08 124.75
5 626.57 981.45 5.33 56.93
50 568.13 1076.93 11.73 214.88
51 702.82 1096.47 10.81 35.51
52 1351.85 732.08 11.35 305.7
53 31.93 1287.54 25.9 305.44
54 745.99 1155.74 13.33 304.59
55 563.7 1281.66 14.92 304.58
56 560.49 1020.45 17.37 124.71
58 613.26 879.21 5.69 289.14
6 450.87 1186.01 2.22 304.77
60 809.72 1034.27 15.32 124.75
61 1368.44 720.34 11.53 304.64
62 333.7 1061.85 6.1 217.05
63 609.3 1077.16 2.98 304.14
64 390.69 1138.44 22.89 125.02
65 342.16 595.92 13.32 28.5
67 1774.93 123.72 21.37 301.65
68 1113.04 1542.97 12.33 220.24
69 336.56 957.78 12.03 29.95
7 309.81 1130.73 10.63 34.88
70 1826.4 436.78 11.96 301.29
71 493.11 1195.57 8.45 32.96
72 726.7 1129.97 8.3 35.49
73 68.58 1363.94 21.6 125.73
74 302.09 898.02 14.12 30.01
8 296.14 1111.12 6.05 33.51
9 369.83 1047.19 18.97 305.05

10-15
10-28
10-48
10-6
10-64
10-71
10-9
12-15
12-43
12-44
12-48
12-9
13-62
13-7
13-8
13-9
15-43
15-44
15-62
15-69
15-9
17-27
18-27
18-33
18-40
18-55
23-30
23-31
23-4
23-5
25-26
25-31
25-4
25-5
25-58
26-31
26-4
26-5
26-58
27-33
27-55
28-48
28-6
28-64
28-71
29-39
30-5
30-51
30-63
31-4
31-5
31-58
32-36
32-44
32-48
32-50
32-56
32-63
33-40
36-50
36-56
36-63
38-45
38-46
4-5
4-58
43-44
43-48
43-9
44-48
44-56
45-46
48-50
48-56
49-51
49-54
49-60
49-72
5-56
5-63
50-56
50-63
51-54
51-63
51-72
52-61
53-73
54-72
56-63
6-64
6-71
62-64
62-7
62-8
62-9
64-7
64-8
64-9
69-74
69-9
7-8
8-9
