102 430.16 1110.81 13.79 124.98
103 323.47 1278.14 2.43 306.5
114 622.18 1241.2 9.89 305.03
115 291.09 1302.1 1.64 306.5
120 703.25 1187.93 4.85 34.37
121 695.81 1176.96 1.81 33.8
126 1783.84 206.17 22.71 120.47
130 360.38 1053.82 22.55 305.05
131 1731.86 236.75 22.34 120.47
133 459.43 1090.5 18.15 124.74
135 670.51 839.78 16.99 304.55
136 1418.09 608.51 15.02 124.15
139 692.58 824.19 18.25 305.46
141 492.49 1252.74 6.74 124.19
142 463.21 1349.8 5.84 34.68
143 402.62 1219.54 2.27 304.82
145 630.02 892.81 0.0 213.97
147 744.18 1060.04 8.24 214.21
148 1357.46 459.19 21.11 122.79
149 638.41 905.27 0.04 213.97
151 604.07 1240.66 6.74 212.15
152 1230.46 819.08 11.93 305.71
153 1139.24 804.96 14.58 126.46
154 379.75 1235.23 3.83 353.76
155 675.51 1203.92 9.46 304.74
156 743.28 1155.38 0.0 20.53
157 375.83 1223.91 3.84 35.69
158 659.97 1546.75 12.4 213.67
159 804.52 1148.92 14.33 214.08
160 1460.06 657.14 13.29 303.31
162 344.24 1170.88 6.51 99.43
163 686.23 1245.98 11.75 214.47
164 1329.34 394.55 22.36 302.57
165 502.39 871.44 15.19 29.11
166 698.54 1263.91 11.64 214.58
167 560.85 1020.2 15.51 124.71
168 1639.4 547.25 11.73 300.1
169 431.17 1102.85 0.61 33.36
170 740.11 1148.77 0.0 35.49
171 654.31 1218.68 10.85 305.03
172 634.21 899.03 0.0 213.97
173 657.47 933.55 3.81 213.97
175 426.14 1095.21 4.84 33.36
176 746.07 982.48 1.68 304.75
177 562.85 1175.84 12.41 213.14
179 358.36 991.93 13.2 33.16
180 137.97 1315.04 21.35 124.96
181 338.82 961.7 13.05 29.95
182 232.41 1431.25 14.53 124.46
183 507.12 1242.8 9.36 124.19
184 502.61 955.3 10.08 304.54
185 609.62 881.71 0.0 304.57
186 162.18 1479.42 13.28 124.4
70 426.01 856.64 11.93 209.57
74 1881.51 314.67 13.09 122.48
76 621.64 880.37 0.0 213.97
84 625.83 886.59 0.0 213.97
86 216.85 1352.6 2.06 303.73
89 642.65 911.55 0.23 213.97
94 647.04 918.07 4.13 213.97

102-130
102-133
102-169
102-175
103-115
103-143
103-154
103-157
114-120
114-121
114-151
114-155
114-163
114-166
114-171
114-177
115-86
120-121
120-155
120-156
120-163
120-166
120-170
120-171
121-155
121-156
121-163
121-166
121-170
121-171
126-131
130-169
130-175
130-179
130-181
133-169
133-175
135-139
135-145
135-149
135-172
135-173
135-185
135-76
135-84
135-89
135-94
136-160
139-145
139-149
139-172
139-76
139-84
141-143
141-183
143-154
143-157
143-162
145-149
145-172
145-173
145-185
145-76
145-84
145-89
145-94
147-156
147-170
147-176
148-164
149-172
149-173
149-185
149-76
149-84
149-89
149-94
151-155
151-163
151-166
151-171
151-177
151-183
152-153
154-157
154-162
155-156
155-163
155-166
155-170
155-171
156-159
156-170
157-162
159-170
163-166
163-171
165-184
165-70
166-171
167-184
169-175
172-173
172-185
172-76
172-84
172-89
172-94
173-185
173-76
173-84
173-89
173-94
177-183
179-181
180-86
182-186
182-86
185-76
185-84
185-89
185-94
76-84
76-89
76-94
84-89
84-94
89-94
