100 319.53 1144.66 11.48 34.88
101 687.98 1588.96 14.5 213.46
102 738.5 1665.08 14.01 213.76
103 581.1 1269.66 11.92 304.58
104 1191.27 485.42 24.52 304.24
105 537.07 1033.87 6.06 152.83
106 475.92 1169.16 14.6 33.56
107 426.73 1297.97 5.96 124.6
108 1509.8 283.92 20.77 301.1
109 432.13 750.49 13.18 30.89
110 369.56 1112.67 11.9 215.4
111 432.18 1200.78 13.8 215.3
112 345.66 1169.95 6.28 113.82
113 782.51 1383.33 13.52 215.15
114 1658.42 536.23 13.6 300.1
115 383.62 1030.6 0.0 33.16
116 436.78 1106.2 14.11 124.83
117 724.08 1126.3 10.18 35.49
118 355.94 620.4 14.77 29.37
119 581.17 1204.23 7.82 212.15
12 302.87 1293.38 2.71 306.5
120 326.74 568.65 14.11 29.84
121 310.19 539.81 12.24 29.84
123 188.56 1461.32 15.68 124.43
124 634.23 1287.32 12.84 213.06
125 440.38 706.35 13.48 34.35
126 630.13 987.18 1.51 31.63
127 432.78 695.22 10.98 34.35
129 1032.93 1991.75 14.33 223.19
15 295.51 1298.83 1.46 306.5
2 1799.35 366.98 13.98 122.47
22 213.31 1354.96 1.87 303.73
33 326.92 1275.59 2.91 306.5
36 1679.32 267.37 22.09 120.2
39 584.55 898.98 12.47 304.57
49 1542.89 527.24 11.41 122.67
52 654.12 1199.5 6.44 215.04
58 318.66 1281.7 2.09 306.5
60 1780.35 379.07 14.27 122.47
61 663.78 1212.07 6.41 304.86
67 387.8 1034.59 21.53 304.92
70 1027.1 960.94 11.39 304.31
74 816.13 1029.83 13.13 124.7
75 1053.72 1533.08 12.55 45.84
76 1064.68 934.91 12.3 305.11
77 903.07 1375.47 13.41 37.51
78 466.2 980.35 21.11 304.52
79 231.55 1509.4 13.14 304.96
81 983.52 1525.11 13.22 55.28
83 468.74 1357.78 6.79 31.6
84 1131.38 888.37 13.41 304.79
85 714.45 1177.14 11.98 304.05
86 373.9 1221.23 11.44 35.69
88 335.2 1071.52 25.4 305.21
89 1257.76 799.67 13.25 305.34
90 452.21 1333.87 13.81 34.63
94 1324.07 752.04 13.9 305.71
97 682.71 1068.29 11.77 35.51
98 332.64 1163.47 8.52 34.88
99 528.99 919.22 10.16 29.11

100-110
100-112
100-86
100-88
100-98
101-102
103-119
103-124
105-78
106-111
106-116
107-111
107-83
107-86
107-90
109-125
109-127
110-112
110-115
110-116
110-67
110-88
110-98
111-112
111-116
111-86
112-86
112-88
112-98
115-116
115-67
115-78
115-88
116-67
117-85
117-97
118-120
118-121
119-124
119-52
119-61
12-15
12-33
12-58
120-121
123-79
124-52
124-61
125-127
126-39
126-97
15-22
15-33
15-58
2-60
33-58
33-86
39-99
52-61
52-85
58-86
61-85
67-78
67-88
70-76
75-81
76-84
78-99
83-90
86-98
88-98
89-94
