0 767.53 4.8 13.92 270.0
1 287.36 501.6 12.48 270.0
10 -4.8 979.84 11.02 180.0
11 -1.6 457.14 13.48 180.0
12 995.2 61.88 13.46 180.0
13 504.8 15.25 6.6 359.76
14 495.2 183.28 13.02 180.0
15 634.16 495.2 11.79 90.0
16 4.8 59.83 11.26 0.0
17 495.2 771.12 12.83 180.0
18 800.65 504.8 12.67 270.0
19 498.4 12.1 5.88 180.0
2 865.18 995.2 13.57 90.0
20 995.2 270.9 13.63 180.0
21 797.14 995.2 12.84 90.0
22 4.8 539.29 11.73 0.0
23 55.09 -4.8 11.51 90.0
24 507.13 -1.13 6.8 111.86
25 998.4 992.84 4.79 161.55
26 -4.8 375.67 11.47 180.0
27 -4.8 230.24 12.08 180.0
28 -1.6 386.3 15.58 180.0
29 995.2 481.96 7.52 180.0
3 -1.6 423.01 14.28 180.0
30 1001.6 589.48 15.6 0.0
31 57.48 -1.6 14.54 90.0
32 995.2 177.29 13.4 180.0
33 925.14 1004.8 16.06 270.0
34 995.2 814.26 13.18 180.0
35 495.2 212.93 13.17 180.0
36 495.2 873.42 12.37 180.0
37 -1.6 484.55 10.01 180.0
38 501.6 952.66 14.78 0.0
39 504.8 719.52 11.31 0.0
4 504.8 803.14 13.7 0.0
40 501.6 862.54 13.64 0.0
5 995.2 987.26 4.47 180.0
6 841.87 4.8 13.62 270.0
7 4.8 123.58 12.06 0.0
8 498.4 793.55 12.47 180.0
9 463.0 4.8 10.7 270.0

0-6
11-22
11-26
11-28
11-3
11-37
12-32
12-6
13-14
13-19
13-24
13-35
13-9
14-19
14-24
14-35
14-9
15-18
16-23
16-27
16-31
16-7
17-36
17-38
17-39
17-4
17-40
17-8
18-29
19-24
19-9
2-21
2-25
2-33
2-5
20-32
21-33
21-5
22-26
22-28
22-3
22-37
23-31
23-7
24-9
25-33
25-34
25-5
26-27
26-28
26-3
26-37
27-28
27-3
27-7
28-3
28-37
29-30
3-37
31-7
33-5
34-5
36-38
36-39
36-4
36-40
36-8
38-4
38-40
38-8
39-4
39-40
39-8
4-40
4-8
40-8
