0 347.26 4.8 14.62 270.0
1 -1.6 443.21 12.06 180.0
10 -4.8 543.2 15.11 180.0
11 -4.8 52.59 14.17 180.0
12 684.31 4.8 13.79 270.0
13 504.8 449.96 14.76 0.0
14 314.68 4.8 13.07 270.0
15 988.56 498.4 4.36 90.0
16 4.8 403.8 11.56 0.0
17 495.2 400.69 12.27 180.0
18 446.51 501.6 12.95 270.0
19 501.6 414.19 15.89 0.0
2 995.2 768.85 13.97 180.0
20 902.58 4.8 13.56 270.0
21 995.2 839.23 13.55 180.0
22 4.8 924.47 13.01 0.0
23 406.38 -1.6 12.28 90.0
24 825.25 -4.8 10.48 90.0
25 998.4 659.5 11.92 180.0
26 -4.8 10.27 12.33 180.0
27 118.65 -4.8 12.43 90.0
28 35.39 -4.8 13.33 90.0
29 995.2 118.18 12.52 180.0
3 0.39 0.42 7.96 158.64
30 967.45 1004.8 13.24 270.0
31 498.88 1.86 8.67 56.52
32 813.79 4.8 13.56 270.0
33 498.77 992.16 7.81 198.53
34 995.2 418.06 13.13 180.0
35 495.2 10.5 0.0 180.0
36 501.69 501.23 8.93 148.51
37 -1.6 51.03 15.83 180.0
38 495.2 663.79 14.94 180.0
39 553.53 995.2 11.34 90.0
4 675.28 995.2 13.32 90.0
40 259.33 1004.8 13.77 270.0
5 995.2 666.39 11.35 180.0
6 504.8 55.57 13.76 0.0
7 4.8 475.16 11.91 0.0
8 439.75 504.8 12.99 270.0
9 123.44 4.8 11.72 270.0

0-14
0-23
0-31
0-35
0-6
1-10
1-16
1-7
10-16
10-7
11-26
11-27
11-28
11-3
11-37
11-9
12-24
12-31
12-32
12-35
12-6
13-17
13-18
13-19
13-36
13-8
14-23
14-27
14-31
14-35
14-6
14-9
15-25
15-34
15-5
16-7
17-18
17-19
17-36
17-8
18-19
18-36
18-38
18-8
19-36
19-8
2-21
2-25
2-5
20-24
20-29
20-32
21-25
21-30
21-5
23-31
23-35
23-6
24-32
25-5
26-27
26-28
26-3
26-37
26-9
27-28
27-3
27-37
27-9
28-3
28-37
28-9
3-37
3-9
31-35
31-6
33-39
33-4
35-6
36-38
36-8
37-9
38-8
39-4
