0 909.65 4.8 14.53 270.0
1 412.79 501.6 11.91 270.0
10 98.38 1004.8 15.0 270.0
11 36.99 501.6 6.07 270.0
12 995.2 200.34 13.57 180.0
13 599.26 4.8 12.94 270.0
14 495.2 315.32 13.58 180.0
15 515.98 498.4 7.7 90.0
16 21.02 4.8 11.89 270.0
17 495.2 895.25 11.88 180.0
18 925.5 504.8 12.89 270.0
19 498.4 110.35 12.91 180.0
2 732.36 995.2 13.99 90.0
20 995.2 406.52 13.7 180.0
21 663.94 995.2 13.99 90.0
22 67.51 504.8 13.21 270.0
23 -4.8 41.67 11.21 180.0
24 498.4 85.71 10.54 180.0
25 907.03 995.2 11.09 90.0
26 -1.55 489.93 7.37 188.26
27 -4.8 354.31 12.08 180.0
28 7.03 501.12 7.33 264.46
29 912.77 495.2 12.26 90.0
3 22.47 501.6 5.44 270.0
30 972.11 498.4 13.39 90.0
31 -1.6 57.31 15.15 180.0
32 995.2 312.02 13.8 180.0
33 1004.8 945.91 15.59 0.0
34 995.2 946.63 12.69 180.0
35 498.4 348.21 13.79 180.0
36 498.4 984.25 4.69 180.0
37 63.08 501.6 13.42 270.0
38 501.6 807.07 15.25 0.0
39 504.8 601.03 11.85 0.0
4 504.8 667.36 13.47 0.0
40 501.6 726.75 13.67 0.0
5 927.05 995.2 10.79 90.0
6 973.16 4.8 7.7 270.0
7 4.8 14.23 5.32 0.0
8 498.4 918.49 12.68 180.0
9 575.67 4.8 11.08 270.0

0-6
1-15
1-35
1-39
1-4
11-22
11-26
11-27
11-28
11-3
11-37
12-32
12-6
13-19
13-24
13-9
14-15
14-35
15-35
15-39
15-4
16-23
16-31
16-7
17-21
17-36
17-38
17-40
17-8
18-20
18-29
18-30
19-24
19-9
2-21
2-25
2-5
20-29
20-30
20-32
21-36
21-8
22-26
22-27
22-28
22-3
22-37
23-31
23-7
24-9
25-33
25-34
25-5
26-27
26-28
26-3
26-37
27-28
27-3
27-37
28-3
28-37
29-30
3-37
30-32
31-7
33-34
33-5
34-5
36-38
36-8
38-4
38-40
38-8
39-4
39-40
4-40
40-8
