0 4.8 459.54 13.78 0.0
1 279.44 -1.6 12.91 90.0
10 260.78 -4.8 14.05 90.0
11 504.8 190.2 12.96 0.0
12 4.8 109.87 14.18 0.0
13 1004.8 778.03 15.03 0.0
14 4.8 435.83 12.67 0.0
15 823.61 1004.8 12.58 270.0
16 574.48 495.2 11.89 90.0
17 613.24 -4.8 12.21 90.0
18 -4.8 266.03 11.76 180.0
19 4.8 773.33 15.46 0.0
2 505.24 504.8 9.19 270.0
20 501.6 393.85 14.04 0.0
21 995.2 37.62 12.87 180.0
22 495.2 844.22 12.93 180.0
23 504.8 582.15 11.18 0.0
24 1001.6 448.93 10.54 0.0
25 992.06 4.8 2.3 231.76
26 694.91 -4.8 11.58 90.0
27 865.52 -4.8 12.14 90.0
28 936.4 -4.8 15.18 90.0
29 504.8 61.21 12.73 0.0
3 501.6 307.18 14.26 0.0
30 495.2 550.46 16.13 180.0
31 504.8 914.32 15.66 0.0
32 14.98 4.8 12.14 270.0
33 495.2 68.54 16.04 180.0
34 665.67 4.8 13.52 270.0
35 65.3 4.8 13.48 270.0
36 995.2 269.36 13.42 180.0
37 504.8 306.92 15.67 0.0
38 -1.6 344.95 14.48 180.0
39 995.2 759.65 11.42 180.0
4 995.2 537.67 14.0 180.0
40 -0.95 505.85 0.47 172.52
5 526.81 501.6 11.04 270.0
6 501.6 882.18 14.11 0.0
7 645.9 495.2 11.82 90.0
8 -4.8 226.13 12.98 180.0
9 4.8 522.82 10.92 0.0

0-14
0-18
0-38
0-40
0-9
1-10
10-35
11-29
11-3
11-33
11-37
12-18
12-32
12-35
12-8
13-39
14-18
14-38
14-40
14-9
16-2
16-20
16-23
16-30
16-5
16-7
17-26
17-29
17-33
17-34
18-38
18-8
2-20
2-23
2-3
2-30
2-37
2-5
2-7
20-23
20-3
20-30
20-37
20-5
20-7
21-25
21-27
21-28
22-31
22-6
23-30
23-5
23-7
24-36
24-4
25-27
25-28
26-27
26-34
27-28
29-33
29-34
3-37
3-5
30-5
30-7
31-6
32-35
33-34
37-5
38-40
38-8
38-9
40-9
5-7
