0 995.2 79.18 14.51 180.0
1 501.6 419.74 12.66 0.0
10 317.44 1004.8 13.97 270.0
11 229.5 501.6 14.02 270.0
12 995.2 407.56 14.09 180.0
13 819.45 4.8 14.81 270.0
14 492.79 494.41 5.46 99.29
15 498.4 648.46 12.64 180.0
16 192.96 4.8 11.85 270.0
17 438.36 995.2 12.35 90.0
18 1001.6 408.19 12.75 0.0
19 498.4 339.41 16.04 180.0
2 532.8 995.2 9.71 90.0
20 919.7 495.2 13.8 90.0
21 463.05 995.2 13.22 90.0
22 261.22 504.8 13.02 270.0
23 -4.8 216.86 12.18 180.0
24 498.4 248.68 10.67 180.0
25 734.2 995.2 11.08 90.0
26 143.68 501.6 11.73 270.0
27 -4.8 539.08 12.01 180.0
28 164.62 501.6 11.78 270.0
29 729.64 495.2 11.77 90.0
3 205.95 501.6 13.9 270.0
30 739.0 498.4 15.51 90.0
31 -1.6 287.11 15.84 180.0
32 995.2 513.1 12.99 180.0
33 1004.8 710.45 15.79 0.0
34 881.81 995.2 13.24 90.0
35 510.5 501.6 0.0 270.0
36 501.6 855.51 13.25 0.0
37 296.84 501.6 15.53 270.0
38 504.8 588.12 15.07 0.0
39 555.63 504.8 12.39 270.0
4 510.5 504.8 0.0 270.0
40 504.8 521.94 14.24 0.0
5 763.5 995.2 11.07 90.0
6 995.2 116.5 14.27 180.0
7 137.98 4.8 11.24 270.0
8 501.6 931.93 12.43 0.0
9 745.89 4.8 11.05 270.0

0-13
0-6
1-14
1-19
1-24
1-35
1-38
1-39
1-4
1-40
10-17
10-21
10-8
11-22
11-26
11-28
11-3
11-37
12-18
12-20
12-32
13-9
14-15
14-19
14-35
14-37
14-38
14-39
14-4
14-40
15-35
15-38
15-39
15-4
15-40
16-7
17-2
17-21
17-36
17-8
18-20
18-32
19-24
19-35
19-39
19-4
19-40
2-21
2-36
2-8
20-29
20-30
20-32
21-36
21-8
22-26
22-28
22-3
22-37
23-31
25-34
25-5
26-27
26-28
26-3
26-37
27-28
28-3
28-37
29-30
29-39
3-37
30-39
32-33
34-5
35-38
35-39
35-4
35-40
36-8
38-39
38-4
38-40
39-4
39-40
4-40
