0 698.16 4.8 13.92 270.0
1 226.1 501.6 12.26 270.0
10 -4.8 908.45 14.42 180.0
11 -1.6 389.1 13.43 180.0
12 995.2 7.04 4.85 180.0
13 504.8 75.46 14.79 0.0
14 495.2 118.34 13.5 180.0
15 696.0 495.2 12.78 90.0
16 4.8 116.41 11.37 0.0
17 495.2 709.41 12.31 180.0
18 741.08 504.8 11.83 270.0
19 501.6 33.07 9.1 0.0
2 931.36 995.2 13.35 90.0
20 995.2 204.63 13.27 180.0
21 864.36 995.2 12.94 90.0
22 4.8 603.99 13.32 0.0
23 112.71 -4.8 11.13 90.0
24 555.17 -1.6 10.64 90.0
25 998.4 946.09 12.12 180.0
26 -4.8 314.98 11.74 180.0
27 -4.8 168.96 11.92 180.0
28 -1.6 311.69 15.48 180.0
29 995.2 424.95 11.93 180.0
3 -1.6 351.26 13.98 180.0
30 1004.8 669.06 15.6 0.0
31 135.11 -1.6 15.65 90.0
32 995.2 110.41 13.19 180.0
33 846.56 1001.6 15.54 270.0
34 995.2 748.11 13.0 180.0
35 495.2 145.18 13.06 180.0
36 495.2 808.48 12.93 180.0
37 -1.6 415.09 14.25 180.0
38 499.28 990.84 3.04 323.27
39 504.8 779.29 11.87 0.0
4 504.8 870.86 14.24 0.0
40 501.6 931.15 13.55 0.0
5 995.2 939.21 11.35 180.0
6 771.77 4.8 14.52 270.0
7 4.8 181.56 11.32 0.0
8 498.4 731.5 12.42 180.0
9 407.37 4.8 10.61 270.0

0-19
0-24
0-6
11-26
11-28
11-3
11-37
12-20
12-32
13-14
13-19
13-24
13-35
13-9
14-19
14-24
14-35
14-9
15-18
16-23
16-26
16-27
16-28
16-31
16-7
17-36
17-39
17-4
17-8
19-24
19-35
19-9
2-21
2-25
2-33
2-5
20-32
21-25
21-33
21-5
22-37
23-31
24-35
24-9
25-33
25-34
25-5
26-27
26-28
26-3
26-37
26-7
27-28
27-3
27-7
28-3
28-37
28-7
3-37
3-7
30-34
33-5
34-5
35-9
36-38
36-39
36-4
36-40
36-8
38-4
38-40
39-4
39-40
39-8
4-40
4-8
40-8
