0 1.6 179.88 14.04 0.0
1 29.64 -4.8 10.58 90.0
10 13.21 -1.6 7.47 90.0
11 456.94 -1.6 12.96 90.0
12 128.64 4.8 14.41 270.0
13 993.48 498.95 5.09 83.62
14 4.8 170.29 12.66 0.0
15 1004.8 960.29 11.65 0.0
16 352.13 495.2 11.11 90.0
17 498.4 10.5 0.0 180.0
18 0.68 497.4 7.59 231.25
19 13.25 504.8 5.93 270.0
2 759.22 501.6 13.31 270.0
20 504.8 123.31 14.05 0.0
21 995.2 302.87 13.15 180.0
22 414.89 995.2 13.36 90.0
23 504.8 349.38 11.59 0.0
24 1004.8 233.77 11.1 0.0
25 995.2 203.11 11.14 180.0
26 452.21 -4.8 12.69 90.0
27 619.19 -4.8 12.17 90.0
28 636.54 -1.6 14.97 90.0
29 666.34 4.8 12.37 270.0
3 501.6 21.91 10.45 0.0
30 495.2 867.31 15.74 180.0
31 501.6 606.6 14.96 0.0
32 279.58 4.8 12.88 270.0
33 495.2 380.63 15.15 180.0
34 929.74 4.8 13.51 270.0
35 334.76 4.8 13.17 270.0
36 989.09 495.2 4.0 90.0
37 498.06 1.08 7.96 64.73
38 102.55 501.6 14.8 270.0
39 995.2 988.33 4.82 180.0
4 995.2 809.12 13.58 180.0
40 -1.6 744.05 14.29 180.0
5 744.01 504.8 11.42 270.0
6 504.8 610.72 14.33 0.0
7 420.9 495.2 11.83 90.0
8 -1.6 475.81 10.65 180.0
9 4.8 294.92 10.79 0.0

0-1
0-10
0-14
0-9
1-10
1-12
1-14
10-12
10-14
11-17
11-20
11-26
11-27
11-28
11-3
11-32
11-35
11-37
12-32
13-21
13-36
14-9
15-39
15-4
16-31
16-33
16-6
16-7
17-20
17-26
17-27
17-28
17-29
17-3
17-35
17-37
18-19
18-38
18-8
19-38
19-8
2-5
20-26
20-27
20-28
20-3
20-37
21-24
21-25
21-36
22-30
23-33
23-7
24-25
26-27
26-28
26-3
26-32
26-35
26-37
27-28
27-29
27-3
27-37
28-29
28-3
28-37
29-3
29-37
3-35
3-37
31-6
31-7
32-35
33-7
35-37
38-8
39-4
6-7
8-9
