0 837.8 4.8 14.62 270.0
1 350.16 504.8 12.4 270.0
10 26.15 1004.8 14.46 270.0
11 8.84 501.38 5.88 267.44
12 995.2 131.32 13.78 180.0
13 540.24 4.8 10.68 270.0
14 495.2 249.76 13.26 180.0
15 574.92 498.4 12.01 90.0
16 4.8 12.49 4.9 0.0
17 495.2 833.33 11.95 180.0
18 862.92 504.8 12.9 270.0
19 498.4 51.99 10.6 180.0
2 798.21 995.2 12.88 90.0
20 995.2 338.29 13.44 180.0
21 731.39 995.2 13.65 90.0
22 12.31 504.8 6.27 270.0
23 2.14 -4.19 7.47 119.56
24 498.4 31.1 10.8 180.0
25 963.57 998.4 11.73 90.0
26 -1.6 435.44 11.45 180.0
27 -4.8 292.37 12.58 180.0
28 -1.6 459.03 12.37 180.0
29 975.09 495.2 12.52 90.0
3 -1.6 488.97 9.23 187.12
30 1001.6 516.33 10.41 0.0
31 2.55 -0.89 7.61 134.95
32 995.2 244.31 13.57 180.0
33 994.16 1004.72 9.33 280.88
34 995.2 880.9 13.61 180.0
35 498.4 280.04 13.66 180.0
36 498.4 937.77 12.34 180.0
37 24.24 501.6 5.3 270.0
38 501.6 879.7 14.15 0.0
39 504.8 660.79 11.58 0.0
4 504.8 734.82 13.86 0.0
40 501.6 795.42 13.92 0.0
5 981.4 995.2 11.1 90.0
6 910.86 4.8 13.5 270.0
7 4.8 65.12 11.35 0.0
8 498.4 856.19 11.99 180.0
9 518.71 4.8 11.56 270.0

0-6
11-22
11-26
11-28
11-3
11-37
12-32
12-6
13-19
13-24
13-9
14-19
14-35
15-39
16-23
16-31
16-7
17-36
17-38
17-39
17-4
17-40
17-8
18-29
18-30
19-24
19-9
2-21
2-25
2-33
2-5
20-29
20-30
20-32
22-26
22-28
22-3
22-37
23-31
23-7
24-9
25-33
25-34
25-5
26-27
26-28
26-3
26-37
27-28
27-3
28-3
28-37
29-30
3-37
31-7
33-34
33-5
34-5
36-38
36-40
36-8
38-4
38-40
38-8
39-4
39-40
39-8
4-40
4-8
40-8
