0 1.6 318.83 13.66 0.0
1 154.46 -4.8 11.93 90.0
10 146.74 -1.6 14.25 90.0
11 501.6 55.2 13.35 0.0
12 6.69 4.8 4.07 270.0
13 1004.8 627.43 14.61 0.0
14 4.8 302.62 13.53 0.0
15 943.67 1004.8 11.94 270.0
16 468.31 495.2 12.18 90.0
17 502.78 0.57 5.69 140.07
18 -4.8 389.39 12.43 180.0
19 4.8 620.48 15.8 0.0
2 625.18 501.6 13.57 270.0
20 501.6 257.34 13.02 0.0
21 995.2 169.52 13.56 180.0
22 495.2 971.28 8.79 180.0
23 504.8 466.57 12.21 0.0
24 1001.6 342.97 11.45 0.0
25 995.2 87.47 10.94 180.0
26 573.61 -4.8 12.57 90.0
27 742.74 -4.8 12.75 90.0
28 786.52 -4.8 14.54 90.0
29 545.15 4.8 12.62 270.0
3 501.6 164.05 14.67 0.0
30 495.2 708.25 16.25 180.0
31 504.8 762.52 15.38 0.0
32 146.29 4.8 13.81 270.0
33 495.2 226.4 15.52 180.0
34 796.81 4.8 13.43 270.0
35 200.48 4.8 13.03 270.0
36 995.2 397.45 13.31 180.0
37 504.8 148.63 15.16 0.0
38 -1.6 485.91 9.36 182.12
39 995.2 878.05 11.69 180.0
4 995.2 674.99 13.07 180.0
40 -1.6 609.41 13.03 180.0
5 635.83 504.8 10.91 270.0
6 501.6 740.97 14.32 0.0
7 530.02 495.2 11.92 90.0
8 -4.8 350.65 12.39 180.0
9 4.8 408.66 10.86 0.0

0-14
0-18
0-38
0-8
0-9
1-10
1-12
1-32
1-35
10-12
10-32
10-35
11-17
11-26
11-29
11-3
11-33
11-37
12-32
12-35
13-4
14-18
14-38
14-8
14-9
15-39
16-2
16-23
16-5
16-7
17-26
17-29
17-3
17-37
18-38
18-8
18-9
19-38
19-40
2-23
2-5
2-7
20-3
20-33
20-37
21-24
21-25
23-5
23-7
24-36
26-27
26-29
26-3
26-37
27-28
27-29
27-34
28-34
29-3
29-37
3-33
3-37
30-31
30-6
31-6
32-35
33-37
38-40
38-8
38-9
5-7
8-9
