0 205.96 4.8 14.31 270.0
1 -4.8 317.65 12.7 180.0
10 -4.8 397.37 14.97 180.0
11 48.52 -4.8 13.14 90.0
12 545.99 4.8 13.52 270.0
13 575.77 495.2 15.27 90.0
14 181.04 4.8 13.59 270.0
15 1004.8 593.83 11.71 0.0
16 10.48 495.2 5.11 68.75
17 498.4 275.88 12.65 180.0
18 323.92 501.6 11.71 270.0
19 460.43 501.6 14.52 270.0
2 995.2 635.98 13.04 180.0
20 764.73 4.8 13.97 270.0
21 995.2 704.48 13.3 180.0
22 30.06 995.2 9.55 90.0
23 501.21 7.65 6.99 19.42
24 933.76 -4.8 10.98 90.0
25 998.4 544.58 11.92 180.0
26 88.47 -4.8 12.42 90.0
27 244.35 -4.8 12.66 90.0
28 184.62 -4.8 14.95 90.0
29 995.2 7.39 3.27 180.0
3 126.91 -4.8 14.03 90.0
30 811.35 1001.6 16.3 270.0
31 501.6 147.11 15.98 0.0
32 679.07 4.8 13.78 270.0
33 495.2 846.28 15.1 180.0
34 995.2 287.28 13.27 180.0
35 495.2 10.5 0.0 180.0
36 616.22 495.2 12.27 90.0
37 75.46 -1.6 16.28 90.0
38 495.2 518.91 12.86 180.0
39 672.05 995.2 12.21 90.0
4 815.7 995.2 14.0 90.0
40 121.48 1004.8 14.15 270.0
5 995.2 557.5 10.56 180.0
6 504.8 193.49 13.23 0.0
7 73.55 495.2 11.94 90.0
8 317.15 504.8 12.95 270.0
9 11.72 4.8 9.59 270.0

0-11
0-14
0-26
0-27
0-28
0-3
0-37
0-9
1-10
1-16
1-7
10-16
10-7
11-14
11-26
11-27
11-28
11-3
11-37
11-9
12-23
12-31
12-32
12-35
12-6
13-19
13-36
13-38
14-26
14-27
14-28
14-3
14-37
14-9
15-2
15-21
15-25
15-5
16-7
17-31
17-6
18-19
18-38
18-8
19-36
19-38
19-8
2-21
2-25
2-5
20-24
20-32
21-25
21-5
22-40
23-31
23-32
23-35
23-6
24-29
25-5
26-27
26-28
26-3
26-37
26-9
27-28
27-3
27-37
28-3
28-37
28-9
3-37
3-9
30-39
30-4
31-35
31-6
32-35
35-6
36-38
37-9
38-8
39-4
