0 975.84 4.8 8.36 270.0
1 472.73 501.6 9.96 270.0
10 171.36 1004.8 14.38 270.0
11 93.5 501.6 14.08 270.0
12 995.2 268.66 13.32 180.0
13 670.8 4.8 14.79 270.0
14 495.2 381.39 13.44 180.0
15 498.4 525.34 12.05 180.0
16 79.85 4.8 11.24 270.0
17 495.2 956.51 11.84 180.0
18 984.24 501.6 7.82 270.0
19 498.4 184.58 15.73 180.0
2 664.86 995.2 13.33 90.0
20 995.2 470.99 9.49 180.0
21 595.38 995.2 12.81 90.0
22 132.49 504.8 13.27 270.0
23 -4.8 100.56 12.01 180.0
24 498.4 140.13 11.07 180.0
25 850.23 995.2 11.82 90.0
26 23.32 501.6 12.34 270.0
27 -4.8 414.59 12.32 180.0
28 45.24 501.6 11.94 270.0
29 851.62 495.2 12.25 90.0
3 67.3 501.6 12.68 270.0
30 895.65 498.4 15.99 90.0
31 -1.6 133.38 15.77 180.0
32 995.2 378.71 13.46 180.0
33 1004.8 868.03 16.1 0.0
34 995.2 992.54 3.86 132.01
35 498.4 416.02 13.68 180.0
36 501.6 981.07 9.76 0.0
37 140.14 501.6 15.68 270.0
38 501.6 734.1 14.6 0.0
39 504.8 542.06 11.8 0.0
4 504.8 600.72 13.14 0.0
40 504.8 658.23 13.46 0.0
5 873.12 995.2 10.79 90.0
6 995.2 7.58 2.84 180.0
7 19.46 4.8 11.4 270.0
8 498.4 976.22 7.28 180.0
9 632.63 4.8 10.69 270.0

0-6
1-14
1-15
1-35
1-39
1-4
1-40
11-22
11-26
11-27
11-28
11-3
11-37
12-32
13-9
14-15
14-19
14-35
14-39
15-35
15-39
15-4
15-40
16-23
16-31
16-7
17-2
17-21
17-36
17-8
18-20
18-29
18-30
18-32
19-24
2-21
2-25
2-36
2-8
20-29
20-30
20-32
21-36
21-8
22-26
22-27
22-28
22-3
22-37
23-31
23-7
24-9
25-34
25-5
26-27
26-28
26-3
26-37
27-28
27-3
27-37
28-3
28-37
29-30
29-32
3-37
30-32
31-7
33-34
33-5
34-5
35-39
35-4
36-8
38-39
38-4
38-40
39-4
39-40
4-40
