0 44.76 495.2 9.97 90.0
1 995.2 451.97 11.0 180.0
10 1004.8 42.28 9.95 0.0
11 1004.8 16.01 3.08 0.0
12 39.76 995.2 9.63 90.0
13 542.78 995.2 9.45 90.0
14 455.28 1004.8 10.11 270.0
15 4.8 521.63 4.31 0.0
16 495.2 979.15 3.57 180.0
17 447.8 504.8 11.52 270.0
18 17.07 -4.8 3.93 90.0
2 960.6 4.8 9.42 270.0
21 477.47 504.8 3.91 270.0
23 953.33 504.8 10.4 270.0
24 504.8 547.16 10.62 0.0
26 983.57 4.8 3.33 270.0
27 962.52 1004.8 9.39 270.0
29 -4.8 964.47 9.11 180.0
3 545.93 495.2 9.61 90.0
30 455.57 4.8 9.16 270.0
31 995.2 960.24 9.24 180.0
32 16.88 995.2 3.93 90.0
33 4.8 40.82 9.85 0.0
4 542.81 -4.8 8.81 90.0
40 995.2 477.83 4.2 180.0
5 4.8 545.42 9.93 0.0
6 22.17 495.2 4.47 90.0
7 495.2 956.24 9.17 180.0
8 35.82 -4.8 8.29 90.0
9 520.1 495.2 3.01 90.0

0-15
0-5
0-6
1-23
1-40
10-11
10-2
10-26
11-2
11-26
12-29
12-32
13-14
13-16
13-7
14-16
14-7
15-5
15-6
16-7
17-21
17-24
17-3
17-9
18-33
18-8
2-26
21-24
21-3
21-9
23-40
24-3
24-9
27-31
29-32
3-9
30-4
33-8
5-6
