0 4.8 531.31 14.11 0.0
1 341.59 -1.6 12.34 90.0
10 333.45 -4.8 14.39 90.0
11 504.8 258.59 14.2 0.0
12 4.8 179.25 14.06 0.0
13 1004.8 854.05 15.57 0.0
14 4.99 490.92 6.12 2.16
15 762.21 1001.6 12.64 270.0
16 631.56 495.2 11.45 90.0
17 675.79 -4.8 12.89 90.0
18 -4.8 203.62 12.39 180.0
19 4.8 851.58 15.3 0.0
2 439.65 504.8 13.01 270.0
20 501.6 461.39 13.11 0.0
21 986.85 4.8 5.5 270.0
22 498.4 779.2 12.59 180.0
23 504.8 640.19 11.28 0.0
24 1001.17 492.58 3.97 355.09
25 952.8 4.8 11.36 270.0
26 756.3 -4.8 12.7 90.0
27 927.16 -4.8 11.95 90.0
28 1001.2 -2.48 8.87 67.47
29 504.8 122.36 12.04 0.0
3 501.6 377.76 14.02 0.0
30 495.2 473.82 15.22 180.0
31 504.8 982.26 9.25 0.0
32 4.8 30.55 10.13 0.0
33 495.2 10.93 4.47 180.0
34 600.41 4.8 12.73 270.0
35 7.15 1.6 7.52 270.0
36 995.2 204.88 13.18 180.0
37 504.8 385.66 15.53 0.0
38 -1.6 272.39 14.76 180.0
39 995.2 700.79 11.31 180.0
4 983.52 504.8 6.1 270.0
40 -0.19 504.05 1.68 166.1
5 510.54 501.6 0.22 270.0
6 501.6 952.0 13.44 0.0
7 704.05 495.2 12.16 90.0
8 -4.8 164.55 12.51 180.0
9 4.8 576.6 10.65 0.0

0-14
0-40
0-9
1-10
1-33
10-33
11-29
11-3
11-37
12-18
12-32
12-35
12-38
12-8
13-39
14-40
14-9
16-2
16-20
16-23
16-3
16-30
16-37
16-5
16-7
17-26
17-33
17-34
18-32
18-38
18-8
2-20
2-23
2-3
2-30
2-37
2-5
20-23
20-3
20-30
20-37
20-5
21-25
21-27
21-28
22-23
22-6
23-30
23-5
24-4
25-26
25-27
25-28
26-27
26-34
27-28
29-33
29-34
3-30
3-37
3-5
30-37
30-5
31-6
32-35
32-8
33-34
35-8
37-5
38-8
39-4
40-9
5-7
