0 488.77 4.8 13.43 270.0
1 41.51 501.6 12.8 270.0
10 -4.8 689.88 14.03 180.0
11 -4.8 186.7 13.33 180.0
12 824.29 4.8 14.1 270.0
13 504.8 299.3 15.48 0.0
14 446.13 4.8 13.59 270.0
15 878.98 498.4 11.92 90.0
16 4.8 288.44 10.98 0.0
17 495.2 523.97 12.72 180.0
18 556.94 504.8 12.03 270.0
19 501.6 258.32 15.66 0.0
2 995.2 902.61 13.32 180.0
20 995.2 8.29 7.87 180.0
21 995.2 970.76 9.73 180.0
22 4.8 797.13 12.7 0.0
23 288.38 -1.6 12.17 90.0
24 716.11 -4.8 11.11 90.0
25 998.4 772.38 11.03 180.0
26 -4.8 131.89 12.58 180.0
27 4.12 -4.47 8.08 108.86
28 -4.8 86.75 15.19 180.0
29 995.2 241.06 12.35 180.0
3 -1.6 135.28 14.5 180.0
30 1004.8 903.29 16.09 0.0
31 366.22 -1.6 15.45 90.0
32 947.4 4.8 12.7 270.0
33 610.87 1001.6 15.51 270.0
34 995.2 551.71 12.95 180.0
35 495.2 10.51 0.01 180.0
36 498.4 616.97 12.31 180.0
37 -1.6 208.66 15.28 180.0
38 495.2 809.07 14.71 180.0
39 504.8 955.89 12.0 0.0
4 539.18 995.2 11.19 90.0
40 394.11 1004.8 13.45 270.0
5 995.2 776.51 10.55 180.0
6 562.12 4.8 14.08 270.0
7 4.8 358.51 12.24 0.0
8 495.2 547.12 12.94 180.0
9 238.08 4.8 11.55 270.0

0-14
0-31
0-35
0-6
1-10
1-7
10-22
11-16
11-26
11-27
11-28
11-3
11-37
11-7
12-20
12-24
12-32
13-19
14-23
14-31
14-35
14-6
15-34
16-26
16-3
16-37
16-7
17-18
17-36
17-8
18-36
18-8
2-21
2-25
2-30
2-5
20-32
21-25
21-30
21-5
23-31
23-9
24-6
25-30
25-5
26-27
26-28
26-3
26-37
27-28
27-3
28-3
28-37
3-37
30-5
31-35
31-6
31-9
33-39
33-4
35-6
36-38
36-8
37-7
38-39
38-4
39-4
39-40
4-40
