0 629.18 4.8 13.43 270.0
1 164.31 501.6 12.38 270.0
10 -4.8 834.51 14.06 180.0
11 -1.6 322.34 12.98 180.0
12 961.24 4.8 10.23 270.0
13 504.8 150.73 15.51 0.0
14 495.2 51.88 13.23 180.0
15 757.31 498.4 12.62 90.0
16 4.8 172.47 11.16 0.0
17 495.2 647.68 12.63 180.0
18 677.82 504.8 12.86 270.0
19 501.6 104.68 15.19 0.0
2 992.24 995.2 8.05 90.0
20 995.2 137.54 13.5 180.0
21 929.55 995.2 13.13 90.0
22 4.8 669.84 13.18 0.0
23 170.74 -4.8 11.46 90.0
24 608.68 -4.8 10.97 90.0
25 998.4 888.7 11.53 180.0
26 -4.8 253.24 12.03 180.0
27 -4.8 105.72 12.21 180.0
28 -1.6 236.59 15.16 180.0
29 995.2 363.79 12.21 180.0
3 -1.6 279.25 14.51 180.0
30 1004.8 746.18 15.09 0.0
31 212.52 -1.6 15.53 90.0
32 995.2 44.16 12.97 180.0
33 768.57 1001.6 15.33 270.0
34 995.2 681.96 13.09 180.0
35 495.2 77.44 13.58 180.0
36 498.4 743.31 13.32 180.0
37 -1.6 345.2 14.34 180.0
38 498.4 955.62 10.88 180.0
39 504.8 838.66 11.26 0.0
4 504.8 939.58 13.5 0.0
40 501.6 987.93 5.9 0.0
5 995.2 886.1 10.38 180.0
6 702.4 4.8 13.4 270.0
7 4.8 240.27 11.16 0.0
8 498.4 670.36 12.78 180.0
9 350.91 4.8 11.08 270.0

0-13
0-14
0-19
0-24
0-35
0-6
10-22
11-16
11-26
11-28
11-3
11-37
11-7
12-20
12-32
13-14
13-19
13-24
13-35
14-19
14-24
14-35
14-9
15-18
16-26
16-27
16-28
16-3
16-37
16-7
17-36
17-39
17-8
19-24
19-35
19-9
2-21
2-25
2-5
20-32
21-25
21-33
21-5
23-31
23-9
24-35
24-6
25-30
25-5
26-27
26-28
26-3
26-37
26-7
27-28
27-3
27-7
28-3
28-37
28-7
3-37
3-7
30-34
30-5
31-9
35-9
36-39
36-4
36-8
37-7
38-39
38-4
38-40
39-4
39-40
39-8
4-40
