0 68.11 1.6 14.63 270.0
1 -4.8 193.97 12.37 180.0
10 -4.8 252.94 14.41 180.0
11 186.57 -1.6 13.54 90.0
12 407.54 4.8 13.67 270.0
13 725.74 498.4 15.08 90.0
14 50.18 4.8 13.64 270.0
15 1004.8 716.16 12.87 0.0
16 119.92 495.2 11.81 90.0
17 498.4 150.02 12.88 180.0
18 214.21 501.6 12.46 270.0
19 305.94 504.8 14.98 270.0
2 995.2 511.53 6.84 180.0
20 629.66 4.8 14.12 270.0
21 995.2 569.35 13.23 180.0
22 158.11 995.2 12.79 90.0
23 504.8 116.67 11.58 0.0
24 1004.8 17.72 8.82 0.0
25 995.2 430.51 11.56 180.0
26 208.93 -4.8 12.2 90.0
27 370.56 -4.8 12.87 90.0
28 334.28 -4.8 15.09 90.0
29 909.53 4.8 11.85 270.0
3 269.64 -1.6 13.77 90.0
30 654.24 1001.6 16.25 270.0
31 501.6 298.95 15.27 0.0
32 545.42 4.8 13.24 270.0
33 495.2 692.56 15.53 180.0
34 995.2 155.97 12.52 180.0
35 495.2 10.5 0.0 180.0
36 745.96 495.2 13.03 90.0
37 231.85 -1.6 15.37 90.0
38 395.38 504.8 14.05 270.0
39 788.44 995.2 11.45 90.0
4 952.08 995.2 13.32 90.0
40 -2.28 1001.53 8.85 237.71
5 961.33 504.8 11.06 270.0
6 504.8 332.93 13.58 0.0
7 190.19 495.2 11.1 90.0
8 193.88 501.6 11.92 270.0
9 4.8 70.04 11.4 0.0

0-11
0-14
0-26
0-37
0-9
1-10
1-14
1-9
10-9
11-14
11-26
11-27
11-28
11-3
11-37
11-9
12-17
12-23
12-26
12-27
12-28
12-3
12-32
12-35
12-37
13-36
14-26
14-37
14-9
15-21
16-18
16-19
16-7
16-8
17-20
17-23
17-31
17-32
17-35
17-6
18-19
18-38
18-7
18-8
19-38
19-7
19-8
2-21
2-25
2-5
20-23
20-32
20-35
21-25
21-5
22-40
23-27
23-31
23-32
23-35
24-29
24-34
25-5
26-27
26-28
26-3
26-37
27-28
27-3
27-32
27-35
27-37
28-3
28-35
28-37
29-34
3-37
30-39
31-6
32-35
39-4
7-8
