0 253.17 495.2 13.97 90.0
1 995.2 265.16 12.77 180.0
10 1004.8 256.8 14.95 0.0
11 1004.8 191.75 14.11 0.0
12 245.92 995.2 13.74 90.0
13 763.49 995.2 14.71 90.0
14 258.43 1004.8 13.62 270.0
15 4.8 689.24 11.53 0.0
16 495.2 816.47 12.05 180.0
17 259.38 504.8 12.64 270.0
18 188.61 -4.8 12.55 90.0
19 1.6 683.19 15.53 0.0
2 762.2 4.8 13.84 270.0
20 159.58 -4.8 13.67 90.0
21 292.79 504.8 13.02 270.0
22 1004.8 154.56 12.56 0.0
23 778.94 504.8 11.39 270.0
24 504.8 710.59 10.78 0.0
25 4.8 615.22 11.61 0.0
26 818.11 4.8 11.75 270.0
27 776.38 1004.8 12.36 270.0
28 841.15 4.8 12.43 270.0
29 -1.6 782.74 12.13 180.0
3 758.76 498.4 14.51 90.0
30 231.51 4.8 15.84 270.0
31 995.2 738.93 15.84 180.0
32 197.09 995.2 13.29 90.0
33 4.8 270.2 16.08 0.0
34 4.8 584.46 12.61 0.0
35 1004.8 116.63 13.33 0.0
36 881.91 4.8 12.5 270.0
37 1004.8 77.21 14.45 0.0
38 498.4 822.62 14.54 180.0
39 641.36 495.2 12.19 90.0
4 743.72 -4.8 13.17 90.0
40 995.2 291.22 13.57 180.0
5 4.8 709.56 11.35 0.0
6 213.36 495.2 13.89 90.0
7 495.2 783.12 11.77 180.0
8 219.83 -1.6 11.8 90.0
9 676.03 495.2 11.04 90.0

0-17
0-21
0-6
1-10
1-11
1-22
1-35
1-37
1-40
10-11
10-22
10-35
10-37
10-40
11-22
11-35
11-37
11-40
12-14
12-32
13-27
14-32
15-19
15-25
15-29
15-34
15-5
16-24
16-38
16-7
17-21
17-6
18-20
18-30
18-8
19-25
19-29
19-34
19-5
2-26
2-28
2-36
2-4
20-30
20-8
21-6
22-35
22-36
22-37
22-40
23-3
23-39
23-9
24-38
24-7
25-29
25-34
25-5
26-28
26-36
26-4
28-35
28-36
28-37
28-4
29-34
29-5
3-39
3-9
30-8
34-5
35-36
35-37
35-40
36-37
36-4
38-7
39-9
