0 1.6 670.16 14.01 0.0
1 464.43 -1.6 12.67 90.0
10 478.9 -4.8 15.07 90.0
11 504.8 392.99 13.66 0.0
12 4.8 319.19 13.67 0.0
13 1004.22 997.64 9.68 353.36
14 110.3 495.2 13.03 90.0
15 638.28 1001.6 12.22 270.0
16 746.48 498.4 11.9 90.0
17 799.11 -4.8 12.21 90.0
18 -4.8 79.64 12.55 180.0
19 4.8 993.34 7.12 0.0
2 307.31 501.6 13.06 270.0
20 424.78 501.6 13.28 270.0
21 863.39 4.8 13.88 270.0
22 498.4 648.49 12.31 180.0
23 504.8 756.44 11.53 0.0
24 908.44 504.8 10.9 270.0
25 838.45 4.8 10.98 270.0
26 876.56 -4.8 11.51 90.0
27 1004.8 30.85 11.58 0.0
28 1004.8 129.16 14.54 0.0
29 501.6 246.0 11.86 0.0
3 504.8 519.05 14.15 0.0
30 495.2 316.18 16.1 180.0
31 608.74 995.2 14.92 90.0
32 4.8 161.68 13.4 0.0
33 375.76 4.8 15.67 270.0
34 504.8 21.69 8.33 0.0
35 1.6 107.72 13.62 0.0
36 995.2 77.94 12.84 180.0
37 504.8 543.98 15.95 0.0
38 -1.6 125.09 14.16 180.0
39 995.2 581.62 11.26 180.0
4 858.28 504.8 13.49 270.0
40 109.09 498.4 13.33 90.0
5 510.5 501.6 0.0 270.0
6 436.24 1001.6 13.29 270.0
7 819.92 498.4 11.37 90.0
8 -4.8 42.68 12.29 180.0
9 4.8 687.79 11.14 0.0

0-9
1-10
1-33
1-34
10-33
10-34
11-20
11-29
11-3
11-30
11-37
11-5
12-32
12-38
14-2
14-40
15-31
16-24
16-4
16-7
17-21
17-25
17-26
18-32
18-35
18-38
18-8
2-20
2-3
2-40
20-22
20-3
20-30
20-37
20-5
21-25
21-26
21-27
21-28
21-36
22-23
22-3
22-37
22-5
24-39
24-4
24-7
25-26
25-27
25-36
26-27
26-28
26-36
27-28
27-36
28-36
29-30
3-37
3-5
30-5
31-6
32-35
32-38
32-8
33-34
35-38
35-8
37-5
38-8
39-4
39-7
4-7
