0 995.2 12.4 10.14 180.0
1 501.6 481.59 12.66 0.0
10 244.6 1004.8 14.68 270.0
11 161.47 501.6 13.17 270.0
12 995.2 337.58 14.23 180.0
13 744.18 4.8 14.87 270.0
14 495.2 445.98 13.11 180.0
15 498.4 587.3 12.02 180.0
16 135.56 4.8 11.28 270.0
17 490.76 995.03 5.59 91.9
18 1001.6 470.23 12.91 0.0
19 498.4 261.33 15.94 180.0
2 597.48 995.2 13.0 90.0
20 982.06 495.2 8.75 90.0
21 529.65 995.2 13.51 90.0
22 197.0 504.8 12.47 270.0
23 -4.8 159.38 11.61 180.0
24 498.4 194.76 10.96 180.0
25 792.1 995.2 11.38 90.0
26 82.92 501.6 12.21 270.0
27 -4.8 478.0 12.05 180.0
28 105.14 501.6 11.67 270.0
29 790.44 495.2 11.86 90.0
3 133.66 501.6 14.97 270.0
30 816.95 498.4 15.78 90.0
31 -1.6 210.7 14.98 180.0
32 995.2 445.8 13.62 180.0
33 1004.8 789.33 15.75 0.0
34 947.93 995.2 13.53 90.0
35 498.4 480.8 8.88 180.0
36 501.6 919.74 13.34 0.0
37 219.25 501.6 15.26 270.0
38 501.6 661.0 14.66 0.0
39 508.39 505.09 5.1 273.3
4 504.8 533.47 10.52 0.0
40 504.8 591.31 14.3 0.0
5 818.89 995.2 10.35 90.0
6 995.2 46.85 14.26 180.0
7 77.97 4.8 11.62 270.0
8 501.6 986.38 6.7 0.0
9 689.13 4.8 11.28 270.0

0-6
1-14
1-15
1-35
1-38
1-39
1-4
1-40
11-22
11-26
11-27
11-28
11-3
11-37
12-18
12-20
12-32
13-9
14-15
14-19
14-35
14-39
14-4
14-40
15-35
15-38
15-39
15-4
15-40
16-7
17-2
17-21
17-36
17-8
18-20
18-30
18-32
19-24
2-21
2-25
2-36
2-8
20-29
20-30
20-32
21-36
21-8
22-26
22-28
22-3
22-37
23-31
23-7
25-34
25-5
26-27
26-28
26-3
26-37
27-28
27-3
28-3
28-37
29-30
3-37
30-32
34-5
35-38
35-39
35-4
35-40
36-8
38-39
38-4
38-40
39-4
39-40
4-40
