0 418.85 4.8 13.59 270.0
1 -0.0 496.26 7.41 223.7
10 -4.8 615.58 14.94 180.0
11 -4.8 120.48 13.05 180.0
12 753.77 4.8 14.34 270.0
13 504.8 375.08 14.69 0.0
14 380.16 4.8 13.31 270.0
15 938.93 498.4 12.23 90.0
16 4.8 346.38 12.0 0.0
17 495.2 462.02 12.19 180.0
18 506.44 501.6 8.03 270.0
19 501.6 335.71 15.91 0.0
2 995.2 836.13 13.54 180.0
20 967.24 4.8 9.86 270.0
21 995.2 906.86 13.42 180.0
22 4.8 860.87 12.9 0.0
23 347.34 -1.6 11.46 90.0
24 770.7 -4.8 11.35 90.0
25 998.4 716.87 11.66 180.0
26 -4.8 71.37 12.31 180.0
27 56.34 -4.8 12.42 90.0
28 -4.8 12.69 13.63 180.0
29 995.2 179.95 12.26 180.0
3 -1.6 63.22 14.69 180.0
30 1004.8 981.48 14.89 0.0
31 442.85 -1.6 14.91 90.0
32 881.79 4.8 12.92 270.0
33 533.73 1001.6 15.12 270.0
34 995.2 484.57 13.42 180.0
35 495.2 10.5 0.0 180.0
36 498.4 552.77 13.37 180.0
37 -1.6 129.76 15.12 180.0
38 495.2 737.06 15.07 180.0
39 507.91 994.83 5.51 37.85
4 607.16 995.2 14.12 90.0
40 326.36 1004.8 13.32 270.0
5 995.2 722.44 10.97 180.0
6 505.47 7.42 6.22 301.84
7 4.8 416.36 12.1 0.0
8 490.13 504.88 5.9 242.28
9 180.38 4.8 11.57 270.0

0-14
0-23
0-31
0-35
0-6
1-10
1-16
1-7
10-7
11-26
11-27
11-28
11-3
11-37
12-24
12-32
13-17
13-18
13-19
13-36
13-8
14-23
14-31
14-35
14-6
14-9
15-34
16-7
17-18
17-19
17-36
17-8
18-19
18-36
18-8
19-8
2-21
2-25
2-30
2-5
20-24
20-29
20-32
21-25
21-30
21-5
23-31
23-35
23-6
23-9
24-32
25-5
26-27
26-28
26-3
26-37
26-9
27-28
27-3
27-37
27-9
28-3
28-37
28-9
3-37
3-9
31-35
31-6
33-39
33-4
35-6
36-38
36-8
39-4
39-40
