0 1.6 249.48 14.55 0.0
1 91.71 -4.8 12.53 90.0
10 74.09 -1.6 14.95 90.0
11 499.17 2.35 6.17 52.89
12 59.17 4.8 14.5 270.0
13 1001.6 552.53 15.13 0.0
14 4.8 236.85 13.39 0.0
15 996.56 1004.38 8.01 292.07
16 409.37 495.2 11.1 90.0
17 498.4 10.5 0.0 180.0
18 -1.6 450.16 12.02 180.0
19 4.8 544.99 12.68 0.0
2 692.07 501.6 13.15 270.0
20 501.6 190.36 13.59 0.0
21 995.2 236.79 13.07 180.0
22 478.9 995.2 13.35 90.0
23 504.8 406.51 11.33 0.0
24 1001.6 288.74 10.58 0.0
25 995.2 145.07 11.23 180.0
26 513.91 -4.8 11.89 90.0
27 680.81 -4.8 12.27 90.0
28 710.82 -4.8 15.18 90.0
29 605.97 4.8 11.81 270.0
3 501.6 91.91 14.34 0.0
30 495.2 787.26 16.15 180.0
31 501.6 684.61 15.9 0.0
32 212.34 4.8 13.03 270.0
33 495.2 303.26 15.38 180.0
34 862.96 4.8 13.44 270.0
35 266.98 4.8 13.66 270.0
36 995.2 461.57 10.72 180.0
37 504.8 71.09 16.06 0.0
38 31.3 501.6 14.04 270.0
39 995.2 937.46 11.5 180.0
4 995.2 741.55 13.24 180.0
40 -1.6 675.7 13.93 180.0
5 690.0 504.8 10.38 270.0
6 504.8 676.87 11.98 0.0
7 478.32 495.2 10.94 90.0
8 -4.8 414.18 12.24 180.0
9 4.8 352.81 11.53 0.0

0-14
0-8
0-9
1-10
1-12
1-32
1-35
10-12
10-32
10-35
11-17
11-20
11-26
11-27
11-29
11-3
11-37
12-32
13-36
13-4
14-8
14-9
15-39
16-23
16-7
17-20
17-26
17-27
17-29
17-3
17-37
18-19
18-38
18-8
18-9
19-38
19-40
19-8
19-9
2-5
20-26
20-3
20-33
20-37
21-24
21-25
23-33
23-7
24-25
24-36
25-34
26-27
26-28
26-29
26-3
26-37
27-28
27-29
27-34
27-37
28-29
28-34
29-3
29-37
3-37
30-31
30-6
31-6
31-7
32-35
33-7
38-40
38-8
38-9
39-4
6-7
8-9
