0 181.8 495.2 13.96 90.0
1 995.2 326.67 12.35 180.0
10 1004.8 183.37 14.74 0.0
11 1004.8 123.11 13.17 0.0
12 177.65 995.2 14.23 90.0
13 688.37 995.2 14.86 90.0
14 325.46 1004.8 12.94 270.0
15 4.8 632.34 11.2 0.0
16 495.2 873.06 11.47 180.0
17 322.53 504.8 12.23 270.0
18 125.68 -4.8 11.8 90.0
19 1.6 605.71 13.51 0.0
2 829.55 4.8 13.54 270.0
20 93.16 -4.8 13.35 90.0
21 359.43 504.8 13.71 270.0
22 1004.8 90.23 13.22 0.0
23 837.1 504.8 11.78 270.0
24 504.8 655.57 10.7 0.0
25 4.8 557.97 11.85 0.0
26 878.47 4.8 11.46 270.0
27 838.98 1004.8 12.89 270.0
28 903.84 4.8 13.97 270.0
29 -4.8 844.64 11.72 180.0
3 686.98 498.4 14.46 90.0
30 308.65 4.8 16.26 270.0
31 995.2 815.28 14.76 180.0
32 130.37 995.2 12.89 90.0
33 4.8 191.83 16.01 0.0
34 4.8 527.56 6.18 0.0
35 1004.8 50.0 10.76 0.0
36 947.06 4.8 11.92 270.0
37 1004.8 23.83 5.73 0.0
38 498.4 894.55 14.05 180.0
39 582.65 495.2 12.04 90.0
4 677.38 -4.8 14.29 90.0
40 995.2 359.53 13.81 180.0
5 4.8 655.08 11.4 0.0
6 142.11 495.2 14.46 90.0
7 495.2 841.59 11.09 180.0
8 158.65 -4.8 12.62 90.0
9 620.78 495.2 11.69 90.0

0-17
0-21
0-25
0-34
0-6
1-10
1-40
10-11
10-22
10-35
10-36
10-37
10-40
11-22
11-26
11-28
11-35
11-36
11-37
12-14
12-32
13-27
14-32
15-19
15-25
15-34
15-5
15-6
16-38
16-7
17-21
17-6
18-20
18-30
18-8
19-25
19-34
19-5
19-6
2-22
2-26
2-28
2-35
2-36
2-37
2-4
20-8
22-26
22-28
22-35
22-36
22-37
23-3
24-39
24-7
24-9
25-34
25-5
25-6
26-28
26-35
26-36
26-37
28-35
28-36
28-37
29-5
3-39
3-9
30-8
34-5
34-6
35-36
35-37
36-37
38-7
39-9
