0 4.8 601.89 13.75 0.0
1 401.36 -1.6 11.92 90.0
10 405.3 -4.8 14.89 90.0
11 504.8 325.98 13.39 0.0
12 4.8 249.61 14.42 0.0
13 1004.8 930.06 15.39 0.0
14 45.19 495.2 12.48 90.0
15 700.6 1001.6 12.73 270.0
16 688.05 495.2 11.04 90.0
17 737.92 -4.8 12.16 90.0
18 -4.8 142.66 11.72 180.0
19 4.8 929.83 16.07 0.0
2 373.31 504.8 12.98 270.0
20 488.43 501.6 9.05 276.23
21 931.32 4.8 13.23 270.0
22 498.4 713.17 13.14 180.0
23 504.8 697.92 11.67 0.0
24 964.6 501.6 11.34 270.0
25 896.33 4.8 11.32 270.0
26 816.1 -4.8 12.1 90.0
27 990.47 -4.8 11.96 90.0
28 1004.8 54.43 15.13 0.0
29 504.8 184.3 12.57 0.0
3 504.8 449.32 13.82 0.0
30 495.2 394.74 16.32 180.0
31 533.22 995.2 11.57 90.0
32 4.8 95.59 13.7 0.0
33 453.13 4.8 12.57 270.0
34 533.94 4.8 12.85 270.0
35 1.6 40.39 12.6 0.0
36 995.2 141.1 12.88 180.0
37 504.8 464.04 16.09 0.0
38 -1.6 199.04 14.52 180.0
39 995.2 640.08 12.38 180.0
4 925.82 504.8 13.03 270.0
40 40.49 498.4 12.72 90.0
5 510.5 504.8 0.0 270.0
6 494.98 1000.77 8.69 305.23
7 762.02 498.4 11.45 90.0
8 -4.8 103.56 12.51 180.0
9 4.8 633.05 11.33 0.0

0-14
0-40
0-9
1-10
1-33
1-34
10-33
10-34
11-20
11-29
11-3
11-30
11-37
11-5
12-18
12-32
12-38
12-8
14-40
14-9
15-31
16-20
16-3
16-37
16-5
16-7
17-21
17-25
17-26
18-32
18-35
18-38
18-8
2-20
2-3
2-30
2-37
2-5
20-23
20-3
20-30
20-37
20-5
21-25
21-26
21-27
21-28
21-36
22-23
23-5
24-39
24-4
25-26
25-27
25-28
25-36
26-27
26-28
27-28
27-36
28-36
29-33
29-34
3-30
3-37
3-5
30-37
30-5
31-6
32-35
32-38
32-8
33-34
35-38
35-8
37-5
38-8
39-4
4-7
40-9
