0 463.49 495.2 14.13 90.0
1 995.2 81.26 12.36 180.0
10 1004.8 474.42 13.93 0.0
11 1001.6 396.05 14.05 0.0
12 451.99 995.2 13.74 90.0
13 984.45 995.2 11.17 90.0
14 62.08 1004.8 13.34 270.0
15 1.6 868.1 11.95 0.0
16 495.2 646.61 11.76 180.0
17 71.76 504.8 12.69 270.0
18 375.88 -4.8 11.79 90.0
19 4.8 914.94 15.47 0.0
2 561.74 4.8 13.88 270.0
20 363.14 -1.6 13.62 90.0
21 94.93 504.8 12.62 270.0
22 1001.6 351.28 13.54 0.0
23 603.09 504.8 11.98 270.0
24 501.6 872.38 10.77 0.0
25 4.8 787.63 11.46 0.0
26 639.05 4.8 11.78 270.0
27 586.02 1004.8 12.65 270.0
28 659.29 4.8 12.27 270.0
29 -1.6 595.48 11.68 180.0
3 971.93 498.4 14.52 90.0
30 6.84 4.8 7.63 270.0
31 995.2 514.39 11.71 180.0
32 397.46 995.2 13.95 90.0
33 5.09 491.61 7.24 3.3
34 1.6 781.96 13.55 0.0
35 1001.6 318.75 12.99 0.0
36 689.93 4.8 12.64 270.0
37 1001.6 295.88 13.36 0.0
38 498.4 602.4 15.24 180.0
39 816.99 498.4 11.39 90.0
4 950.77 -4.8 13.09 90.0
40 998.4 86.44 13.39 180.0
5 4.8 875.1 11.46 0.0
6 419.45 495.2 14.51 90.0
7 495.2 609.81 11.19 180.0
8 406.5 -1.6 12.99 90.0
9 846.22 495.2 11.51 90.0

0-16
0-23
0-38
0-6
0-7
1-4
1-40
10-11
10-22
10-3
10-31
10-35
10-37
10-39
10-9
11-22
11-3
11-31
11-35
11-37
11-9
12-24
12-27
12-32
14-15
14-19
14-5
15-19
15-25
15-34
15-5
16-23
16-38
16-6
16-7
17-21
17-29
17-33
18-2
18-20
18-8
19-25
19-34
19-5
2-20
2-26
2-28
2-36
2-8
20-8
21-29
21-33
22-3
22-31
22-35
22-37
23-38
23-6
23-7
24-27
24-32
25-29
25-34
25-5
26-28
26-36
27-32
28-36
29-33
29-34
3-31
3-35
3-39
3-9
31-35
31-39
31-9
34-5
35-37
38-6
38-7
39-9
4-40
6-7
