0 558.9 4.8 13.91 270.0
1 103.33 501.6 12.52 270.0
10 -4.8 761.07 14.44 180.0
11 -1.6 253.71 13.18 180.0
12 892.87 4.8 14.02 270.0
13 504.8 224.03 14.81 0.0
14 493.75 6.17 6.1 197.31
15 817.3 498.4 12.29 90.0
16 4.8 230.85 12.08 0.0
17 495.2 586.41 12.01 180.0
18 618.17 504.8 11.75 270.0
19 501.6 180.47 14.96 0.0
2 995.2 967.94 9.69 180.0
20 995.2 69.33 14.0 180.0
21 988.61 995.2 7.92 90.0
22 4.8 734.28 13.28 0.0
23 229.05 -1.6 11.97 90.0
24 662.58 -4.8 10.35 90.0
25 998.4 830.45 11.66 180.0
26 -4.8 191.77 12.1 180.0
27 -4.8 42.04 13.15 180.0
28 -1.6 161.22 15.43 180.0
29 995.2 303.16 12.3 180.0
3 -1.6 207.19 13.97 180.0
30 1004.8 824.93 16.21 0.0
31 289.83 -1.6 14.83 90.0
32 992.17 4.8 3.04 229.41
33 690.02 1001.6 16.15 270.0
34 995.2 616.5 12.74 180.0
35 495.2 20.85 6.2 180.0
36 498.4 679.86 13.18 180.0
37 -1.6 277.69 13.38 180.0
38 495.2 882.43 15.19 180.0
39 504.8 897.28 11.58 0.0
4 504.8 988.23 3.61 0.0
40 461.96 1001.6 12.17 270.0
5 995.2 831.66 11.11 180.0
6 632.86 4.8 13.5 270.0
7 4.8 298.94 11.41 0.0
8 495.2 610.37 11.98 180.0
9 294.89 4.8 11.82 270.0

0-14
0-19
0-24
0-35
0-6
10-22
11-16
11-26
11-28
11-3
11-37
11-7
12-20
12-32
13-19
14-19
14-24
14-35
14-6
14-9
15-18
16-26
16-27
16-28
16-3
16-37
16-7
17-18
17-36
17-8
18-8
19-35
2-21
2-25
2-30
2-5
20-32
21-25
21-30
21-5
23-31
23-9
24-35
24-6
25-30
25-5
26-27
26-28
26-3
26-37
26-7
27-28
27-3
28-3
28-37
28-7
3-37
3-7
30-5
31-9
33-4
35-6
36-8
37-7
38-39
38-4
38-40
39-4
39-40
4-40
