0 138.36 1.6 13.8 270.0
1 -4.8 255.67 12.4 180.0
10 -4.8 325.82 13.85 180.0
11 118.07 -4.8 13.81 90.0
12 476.66 4.8 14.12 270.0
13 650.1 498.4 15.17 90.0
14 115.91 4.8 13.21 270.0
15 1004.8 654.59 11.98 0.0
16 62.18 495.2 12.09 90.0
17 498.4 213.04 12.12 180.0
18 272.95 501.6 11.15 270.0
19 381.98 504.8 15.59 270.0
2 995.2 568.12 13.74 180.0
20 697.45 4.8 12.91 270.0
21 995.2 636.24 14.0 180.0
22 94.03 995.2 12.76 90.0
23 501.6 59.28 12.15 0.0
24 987.66 -4.8 10.46 90.0
25 995.2 487.46 10.97 180.0
26 148.55 -4.8 11.84 90.0
27 307.32 -4.8 12.55 90.0
28 260.13 -4.8 15.33 90.0
29 969.94 4.8 9.22 270.0
3 197.41 -1.6 13.93 90.0
30 733.94 1001.6 15.87 270.0
31 501.6 222.87 14.86 0.0
32 613.16 4.8 13.31 270.0
33 495.2 769.56 15.53 180.0
34 995.2 220.28 13.48 180.0
35 495.2 10.5 0.0 180.0
36 680.35 495.2 12.79 90.0
37 154.4 -1.6 15.68 90.0
38 466.91 504.8 10.63 270.0
39 729.9 995.2 11.81 90.0
4 883.28 995.2 14.3 90.0
40 54.0 1004.8 13.99 270.0
5 995.2 510.98 4.84 180.0
6 504.8 263.68 14.2 0.0
7 131.98 495.2 11.43 90.0
8 254.76 501.6 12.0 270.0
9 4.8 20.01 6.24 0.0

0-11
0-14
0-26
0-27
0-28
0-3
0-37
0-9
1-10
10-16
11-14
11-26
11-27
11-28
11-3
11-37
11-9
12-23
12-27
12-32
12-35
13-36
13-38
14-26
14-27
14-28
14-3
14-37
14-9
15-2
15-21
15-25
15-5
16-7
16-8
17-23
17-31
17-6
18-19
18-38
18-7
18-8
19-38
19-8
2-21
2-25
2-5
20-32
21-25
21-5
22-40
23-31
23-32
23-35
24-29
25-5
26-27
26-28
26-3
26-37
26-9
27-28
27-3
27-35
27-37
28-3
28-37
3-37
3-9
30-39
30-4
31-6
32-35
37-9
39-4
7-8
