0 276.27 4.8 14.16 270.0
1 -4.8 381.47 12.55 180.0
10 -4.8 469.91 15.04 180.0
11 -2.06 -1.91 8.11 153.68
12 615.36 4.8 13.38 270.0
13 514.66 495.2 7.11 88.79
14 248.78 4.8 13.29 270.0
15 1001.6 533.08 10.69 0.0
16 4.8 462.05 12.0 0.0
17 495.2 338.5 12.14 180.0
18 384.1 501.6 11.89 270.0
19 501.6 485.43 10.29 0.0
2 995.2 702.09 13.43 180.0
20 834.37 4.8 13.86 270.0
21 995.2 771.67 13.89 180.0
22 4.8 985.98 10.82 0.0
23 465.26 -1.6 11.6 90.0
24 879.94 -4.8 10.93 90.0
25 998.4 602.15 11.26 180.0
26 28.09 -4.8 11.25 90.0
27 181.42 -4.8 12.9 90.0
28 110.88 -4.8 15.48 90.0
29 995.2 54.58 12.56 180.0
3 56.55 -4.8 14.52 90.0
30 890.28 1004.8 15.08 270.0
31 501.6 69.01 15.79 0.0
32 746.79 4.8 13.02 270.0
33 498.4 924.22 15.28 180.0
34 995.2 352.51 12.64 180.0
35 495.2 10.5 0.0 180.0
36 552.36 498.4 13.06 90.0
37 8.35 -1.6 7.97 94.97
38 495.2 590.88 14.07 180.0
39 613.29 995.2 11.34 90.0
4 745.5 995.2 13.76 90.0
40 190.74 1004.8 13.54 270.0
5 995.2 611.61 10.49 180.0
6 504.8 125.11 14.29 0.0
7 19.72 495.2 6.82 90.0
8 379.11 504.8 12.64 270.0
9 66.19 4.8 10.85 270.0

0-14
0-23
0-27
0-28
1-10
1-16
1-7
10-16
10-7
11-26
11-27
11-28
11-3
11-37
11-9
12-23
12-31
12-32
12-35
12-6
13-17
13-18
13-19
13-36
13-38
13-8
14-27
14-28
14-3
14-9
15-2
15-25
15-34
15-5
16-7
17-18
17-19
17-36
18-19
18-36
18-38
18-8
19-36
19-38
19-8
2-21
2-25
2-5
20-24
20-29
20-32
21-25
21-5
22-40
23-31
23-35
23-6
24-29
24-32
25-5
26-27
26-28
26-3
26-37
26-9
27-28
27-3
27-37
27-9
28-3
28-37
28-9
3-37
3-9
30-4
31-35
31-6
33-39
35-6
36-38
36-8
37-9
38-8
39-4
