0 392.49 495.2 14.42 90.0
1 995.2 143.13 11.94 180.0
10 1004.8 402.34 15.07 0.0
11 1001.6 327.74 13.24 0.0
12 383.64 995.2 13.43 90.0
13 912.53 995.2 15.29 90.0
14 127.24 1004.8 12.9 270.0
15 1.6 807.68 11.83 0.0
16 495.2 703.23 11.02 180.0
17 133.13 504.8 12.22 270.0
18 314.14 -4.8 12.3 90.0
19 1.6 836.62 15.8 0.0
2 630.47 4.8 12.76 270.0
20 293.72 -1.6 13.83 90.0
21 158.62 504.8 13.41 270.0
22 1001.6 284.67 13.16 0.0
23 662.65 504.8 11.4 270.0
24 501.6 819.21 10.86 0.0
25 4.8 729.7 11.43 0.0
26 699.18 4.8 12.66 270.0
27 650.08 1004.8 13.1 270.0
28 721.83 4.8 11.43 270.0
29 -1.6 656.55 12.57 180.0
3 901.05 498.4 13.84 90.0
30 73.94 4.8 15.69 270.0
31 995.2 586.24 14.84 180.0
32 330.51 995.2 13.76 90.0
33 4.8 424.78 15.79 0.0
34 1.6 714.9 13.25 0.0
35 1001.6 251.82 13.88 0.0
36 754.52 4.8 12.66 270.0
37 1001.6 226.9 13.65 0.0
38 498.4 675.98 14.42 180.0
39 758.79 498.4 12.11 90.0
4 881.85 -4.8 13.3 90.0
40 998.4 155.84 13.71 180.0
5 4.8 819.61 10.64 0.0
6 350.5 495.2 13.52 90.0
7 495.2 667.36 11.63 180.0
8 345.08 -1.6 12.85 90.0
9 788.21 495.2 10.65 90.0

0-6
1-11
1-22
1-35
1-37
1-4
1-40
10-11
10-22
10-3
10-31
10-35
10-37
11-22
11-3
11-35
11-37
11-40
12-32
15-19
15-25
15-29
15-34
15-5
16-24
16-38
16-7
17-21
17-33
18-20
18-8
19-25
19-29
19-34
19-5
2-26
2-28
2-36
20-8
21-33
21-6
22-35
22-37
22-40
23-39
23-9
24-38
24-7
25-29
25-34
25-5
26-28
26-36
26-4
28-36
28-4
29-34
29-5
3-31
3-39
3-9
34-5
35-37
35-40
36-4
37-40
38-7
39-9
4-40
