0 463.49 495.2 14.13 90.0
1 995.2 79.43 12.59 180.0
10 1004.8 472.68 14.27 0.0
11 1001.6 395.2 13.42 0.0
12 453.18 995.2 13.65 90.0
13 984.45 995.2 11.17 90.0
14 62.08 1004.8 13.34 270.0
15 1.6 863.38 12.3 0.0
16 495.2 645.28 12.01 180.0
17 72.17 504.8 13.04 270.0
18 372.2 -4.8 12.31 90.0
19 4.8 914.59 15.4 0.0
2 562.23 4.8 13.95 270.0
3 971.42 498.4 13.44 90.0
4 950.77 -4.8 13.09 90.0
5 4.8 874.11 10.86 0.0
6 419.45 495.2 14.51 90.0
7 495.2 607.95 11.6 180.0
8 405.97 -1.6 12.8 90.0
9 844.62 495.2 11.54 90.0

0-16
0-17
0-6
0-7
0-9
1-10
1-11
1-4
10-11
10-3
10-9
11-3
11-9
12-14
12-16
12-7
14-15
14-19
14-5
15-17
15-19
15-5
16-6
16-7
16-9
17-5
17-6
18-2
18-8
19-5
2-4
2-8
3-9
6-7
7-9
